[I Thu Dec  9 09:20:44 2021] Program launch: 128 workers
[A Thu Dec  9 09:20:44 2021] ./bin/enum-debug -coeffs 1 -divisors 4,14,28,35,28,28,8,4 -discriminant -52706752000000 -input data/257/p2e12mod16_4d1_2d2.txt,data/257/p5e6mod5.txt,data/257/p7e7mod7.txt,data/257/p3e0mod3.txt -bounds data/257/bounds1267.txt -output data/output/257/1267/output1267_4d1_2d2.txt -tree data/257/treea8.txt -locked 4 -filter 11 
[R Thu Dec  9 09:20:52 2021] [1, 4, 14, -84, -735, -952, -4928, -17688, -38412]
[R Thu Dec  9 09:20:52 2021] [1, 4, 14, -84, -455, 56, -56, 16024, -37404]
[R Thu Dec  9 09:20:58 2021] [1, 4, 14, -84, -735, -3192, -6328, -13688, -31652]
[R Thu Dec  9 09:21:00 2021] [1, 4, 14, -84, 105, 392, -3472, 12368, -30048]
[R Thu Dec  9 09:21:04 2021] [1, 4, 14, -84, 385, 168, 8232, -6048, -28112]
[R Thu Dec  9 09:21:06 2021] [1, 4, 14, 140, 245, 560, -3080, -18120, -28100]
[R Thu Dec  9 09:21:13 2021] [1, 4, 14, 140, 665, 952, -4032, -20352, -26080]
[R Thu Dec  9 09:21:16 2021] [1, 4, 14, 140, 105, 168, -2688, -7648, -25440]
[R Thu Dec  9 09:21:16 2021] [1, 4, 14, 140, -175, -952, -5488, 8232, -25340]
[R Thu Dec  9 09:21:17 2021] [1, 4, 14, 140, -175, -4760, -13720, -19040, -25200]
[R Thu Dec  9 09:21:21 2021] [1, 4, 14, -140, -455, 896, 4144, 2944, -24400]
[R Thu Dec  9 09:21:21 2021] [1, 4, 14, -140, 105, -2128, -6832, -17792, -24240]
[R Thu Dec  9 09:21:22 2021] [1, 4, 14, -140, -175, 2800, 9800, -3200, -24000]
[R Thu Dec  9 09:21:26 2021] [1, 4, 14, 140, 665, 1064, -4144, -16704, -23360]
[R Thu Dec  9 09:21:33 2021] [1, 4, 14, -84, -735, 168, 6552, -2048, -21632]
[R Thu Dec  9 09:21:36 2021] [1, 4, 14, -140, -1575, -3360, 0, -5440, -21760]
[R Thu Dec  9 09:21:36 2021] [1, 4, 14, 140, -175, 1288, -168, 8152, -21740]
[R Thu Dec  9 09:21:37 2021] [1, 4, 14, 140, -175, -4312, -8568, -3168, -21520]
[R Thu Dec  9 09:21:37 2021] [1, 4, 14, -140, -735, -7616, -17304, -21424, -21520]
[R Thu Dec  9 09:21:37 2021] [1, 4, 14, -140, -1575, -3360, 0, -5360, -21440]
[R Thu Dec  9 09:21:38 2021] [1, 4, 14, 140, 385, 504, -4984, -12704, -21360]
[R Thu Dec  9 09:21:39 2021] [1, 4, 14, -84, -315, -1456, -1904, -8664, -20796]
[R Thu Dec  9 09:21:39 2021] [1, 4, 14, -84, -455, -952, -3808, 1552, -20672]
[R Thu Dec  9 09:21:40 2021] [1, 4, 14, -140, -1575, -3360, 0, -5280, -21120]
[R Thu Dec  9 09:21:42 2021] [1, 4, 14, -140, -1575, -3360, 0, -5200, -20800]
[R Thu Dec  9 09:21:44 2021] [1, 4, 14, -140, -735, -3024, -11256, -22816, -20480]
[R Thu Dec  9 09:21:44 2021] [1, 4, 14, -140, -1575, -3360, 0, -5120, -20480]
[R Thu Dec  9 09:21:47 2021] [1, 4, 14, -140, -1575, -3360, 0, -5040, -20160]
[R Thu Dec  9 09:21:48 2021] [1, 4, 14, -84, -455, 56, -5376, -20576, -19584]
[R Thu Dec  9 09:21:50 2021] [1, 4, 14, -140, -1575, -3360, 0, -4960, -19840]
[R Thu Dec  9 09:21:51 2021] [1, 4, 14, 140, 665, -728, 8848, 5488, -19600]
[R Thu Dec  9 09:21:52 2021] [1, 4, 14, -140, -1575, -3360, 0, -4880, -19520]
[R Thu Dec  9 09:21:55 2021] [1, 4, 14, -140, -1575, -3360, 0, -4800, -19200]
[R Thu Dec  9 09:21:58 2021] [1, 4, 14, -140, -1575, -3360, 0, -4720, -18880]
[R Thu Dec  9 09:21:59 2021] [1, 4, 14, 140, 945, 1960, -1960, -12960, -18800]
[R Thu Dec  9 09:22:01 2021] [1, 4, 14, -140, -1575, -3360, 0, -4640, -18560]
[R Thu Dec  9 09:22:04 2021] [1, 4, 14, -140, -1575, -3360, 0, -4560, -18240]
[R Thu Dec  9 09:22:05 2021] [1, 4, 14, -140, -735, 112, -6552, 21248, -18160]
[R Thu Dec  9 09:22:08 2021] [1, 4, 14, -140, -1575, -3360, 0, -4480, -17920]
[R Thu Dec  9 09:22:08 2021] [1, 4, 14, -84, -455, -2184, -8736, -20736, -17424]
[R Thu Dec  9 09:22:09 2021] [1, 4, 14, 56, -315, -1596, -7924, -19384, -17336]
[R Thu Dec  9 09:22:11 2021] [1, 4, 14, -140, -1575, -3360, 0, -4400, -17600]
[R Thu Dec  9 09:22:11 2021] [1, 4, 14, 196, 1365, 2856, 84, -12456, -17064]
[R Thu Dec  9 09:22:14 2021] [1, 4, 14, 196, 665, -896, -9184, -19904, -16896]
[R Thu Dec  9 09:22:16 2021] [1, 4, 14, -140, -1575, -3360, 0, -4320, -17280]
[R Thu Dec  9 09:22:20 2021] [1, 4, 14, -140, -1575, -3360, 0, -4240, -16960]
[R Thu Dec  9 09:22:21 2021] [1, 4, 14, -84, 385, -504, -6216, 10304, -16464]
[R Thu Dec  9 09:22:21 2021] [1, 4, 14, -84, -735, 1512, -7112, 6528, -16448]
[R Thu Dec  9 09:22:24 2021] [1, 4, 14, -140, -1575, -3360, 0, -4160, -16640]
[R Thu Dec  9 09:22:29 2021] [1, 4, 14, -140, -1575, -3360, 0, -4080, -16320]
[R Thu Dec  9 09:22:34 2021] [1, 4, 14, -140, -1575, -3360, 0, -4000, -16000]
[R Thu Dec  9 09:22:36 2021] [1, 4, 14, -84, -735, 2856, -1736, 4544, -15424]
[R Thu Dec  9 09:22:39 2021] [1, 4, 14, -140, -1575, -3360, 0, -3920, -15680]
[R Thu Dec  9 09:22:41 2021] [1, 4, 14, -140, -175, -560, 7000, -3200, -15600]
[R Thu Dec  9 09:22:44 2021] [1, 4, 14, 140, 105, -168, 1008, -19072, -15360]
[R Thu Dec  9 09:22:45 2021] [1, 4, 14, -140, -1575, -3360, 0, -3840, -15360]
[R Thu Dec  9 09:22:50 2021] [1, 4, 14, -140, -1575, -3360, 0, -3760, -15040]
[R Thu Dec  9 09:22:55 2021] [1, 4, 14, -140, -1575, -3360, 0, -3680, -14720]
[R Thu Dec  9 09:23:02 2021] [1, 4, 14, -140, -175, 1792, -4312, 9168, -14400]
[R Thu Dec  9 09:23:02 2021] [1, 4, 14, -140, -1575, -3360, 0, -3600, -14400]
[R Thu Dec  9 09:23:03 2021] [1, 4, 14, -84, -175, -168, -5432, 2128, -13888]
[R Thu Dec  9 09:23:04 2021] [1, 4, 14, 196, 665, -1904, 1904, 14464, -13824]
[R Thu Dec  9 09:23:08 2021] [1, 4, 14, -84, -1015, -5992, -17808, -26368, -13632]
[R Thu Dec  9 09:23:09 2021] [1, 4, 14, -140, -735, -3920, -15960, -24640, -14000]
[R Thu Dec  9 09:23:09 2021] [1, 4, 14, -140, -1295, 1232, -4312, 11648, -14000]
[R Thu Dec  9 09:23:09 2021] [1, 4, 14, -140, -1575, -3360, 0, -3520, -14080]
[R Thu Dec  9 09:23:11 2021] [1, 4, 14, -84, -315, -784, -4536, 10624, -13504]
[R Thu Dec  9 09:23:12 2021] [1, 4, 14, 140, -175, -2072, 2632, 12192, -13840]
[R Thu Dec  9 09:23:14 2021] [1, 4, 14, -140, -1575, -3360, 0, -3440, -13760]
[R Thu Dec  9 09:23:22 2021] [1, 4, 14, -140, -1575, -3360, 0, -3360, -13440]
[R Thu Dec  9 09:23:24 2021] [1, 4, 14, -140, -1855, -9520, 14840, 5760, -13360]
[R Thu Dec  9 09:23:26 2021] [1, 4, 14, -84, 105, 840, 5600, -3200, -12800]
[R Thu Dec  9 09:23:28 2021] [1, 4, 14, -140, -1015, -4144, -14336, -18896, -13200]
[R Thu Dec  9 09:23:29 2021] [1, 4, 14, -140, -1575, -3360, 0, -3280, -13120]
[R Thu Dec  9 09:23:36 2021] [1, 4, 14, -140, -1575, -3360, 0, -3200, -12800]
[R Thu Dec  9 09:23:38 2021] [1, 4, 14, 140, 245, 1232, 1568, 8448, -12800]
[R Thu Dec  9 09:23:45 2021] [1, 4, 14, -140, -1575, -3360, 0, -3120, -12480]
[R Thu Dec  9 09:23:48 2021] [1, 4, 14, -140, -1715, -3640, 3080, 5600, -12320]
[R Thu Dec  9 09:23:49 2021] [1, 4, 14, -140, -315, 728, 4032, -7128, -12300]
[R Thu Dec  9 09:23:53 2021] [1, 4, 14, -140, -1575, -3360, 0, -3040, -12160]
[R Thu Dec  9 09:24:00 2021] [1, 4, 14, -140, -1575, -3360, 0, -2960, -11840]
[R Thu Dec  9 09:24:03 2021] [1, 4, 14, -84, 105, 392, -4592, 7248, -11328]
[R Thu Dec  9 09:24:09 2021] [1, 4, 14, -140, -1715, -5208, 1008, 14328, -11540]
[R Thu Dec  9 09:24:10 2021] [1, 4, 14, 196, 1785, 7504, 18256, 13056, -11056]
[R Thu Dec  9 09:24:10 2021] [1, 4, 14, -140, -1575, -3360, 0, -2880, -11520]
[R Thu Dec  9 09:24:15 2021] [1, 4, 14, 196, 945, 4144, 1736, 11696, -10896]
[R Thu Dec  9 09:24:20 2021] [1, 4, 14, -140, -1575, -3360, 0, -2800, -11200]
[R Thu Dec  9 09:24:28 2021] [1, 4, 14, -140, -1575, -3360, 0, -2720, -10880]
[R Thu Dec  9 09:24:31 2021] [1, 4, 14, 196, 105, 6272, 2688, 7488, -10368]
[R Thu Dec  9 09:24:32 2021] [1, 4, 14, 140, 105, 392, -2912, -4912, -10800]
[R Thu Dec  9 09:24:32 2021] [1, 4, 14, -84, 105, -168, 1008, -2592, -10368]
[R Thu Dec  9 09:24:38 2021] [1, 4, 14, -84, 105, 504, -4144, 11456, -10176]
[R Thu Dec  9 09:24:41 2021] [1, 4, 14, -140, -1575, -3360, 0, -2640, -10560]
[R Thu Dec  9 09:24:43 2021] [1, 4, 14, 196, 945, 560, -7000, -20000, -10000]
[R Thu Dec  9 09:24:52 2021] [1, 4, 14, -140, -1575, -3360, 0, -2560, -10240]
[R Thu Dec  9 09:25:01 2021] [1, 4, 14, -140, -1575, -3360, 0, -2480, -9920]
[R Thu Dec  9 09:25:09 2021] [1, 4, 14, -140, 665, -896, -4144, 23936, -9760]
[R Thu Dec  9 09:25:14 2021] [1, 4, 14, -84, -455, -1176, -4704, -2304, -9216]
[R Thu Dec  9 09:25:14 2021] [1, 4, 14, -84, -455, -1736, -3584, -6784, -9216]
[R Thu Dec  9 09:25:14 2021] [1, 4, 14, -84, -1295, -7000, -18760, -22880, -9200]
[R Thu Dec  9 09:25:15 2021] [1, 4, 14, -140, -1295, 1456, 12264, -8896, -9600]
[R Thu Dec  9 09:25:15 2021] [1, 4, 14, -140, -1575, -3360, 0, -2400, -9600]
[R Thu Dec  9 09:25:17 2021] [1, 4, 14, -84, 665, 168, -13888, 17872, -9152]
[R Thu Dec  9 09:25:26 2021] [1, 4, 14, -84, -1575, -3080, 9520, 20160, -8960]
[R Thu Dec  9 09:25:27 2021] [1, 4, 14, -84, 385, 616, -3416, 6304, -8944]
[R Thu Dec  9 09:25:30 2021] [1, 4, 14, 196, -735, -1344, 2184, 8144, -8864]
[R Thu Dec  9 09:25:30 2021] [1, 4, 14, -140, -1575, -3360, 0, -2320, -9280]
[R Thu Dec  9 09:25:33 2021] [1, 4, 14, -84, -1295, -4536, -7224, -10464, -8816]
[R Thu Dec  9 09:25:42 2021] [1, 4, 14, 196, -735, -1344, 2184, 8064, -8624]
[R Thu Dec  9 09:25:44 2021] [1, 4, 14, -140, -1575, -3360, 0, -2240, -8960]
[R Thu Dec  9 09:25:52 2021] [1, 4, 14, 140, 665, -56, -6944, -15024, -8800]
[R Thu Dec  9 09:25:53 2021] [1, 4, 14, -84, -175, 1288, 3192, -4768, -8432]
[R Thu Dec  9 09:25:55 2021] [1, 4, 14, 196, 945, 1456, -1176, -5456, -8384]
[R Thu Dec  9 09:25:55 2021] [1, 4, 14, 196, -735, -1344, 2184, 7984, -8384]
[R Thu Dec  9 09:25:59 2021] [1, 4, 14, 140, 945, 2968, 2072, -6128, -8720]
[R Thu Dec  9 09:26:02 2021] [1, 4, 14, 140, 1505, -840, -17640, -22320, -8640]
[R Thu Dec  9 09:26:02 2021] [1, 4, 14, -140, -1575, -3360, 0, -2160, -8640]
[R Thu Dec  9 09:26:09 2021] [1, 4, 14, 196, -735, -1344, 2184, 7904, -8144]
[R Thu Dec  9 09:26:21 2021] [1, 4, 14, -140, -1575, -3360, 0, -2080, -8320]
[R Thu Dec  9 09:26:23 2021] [1, 4, 14, 196, -735, -1344, 2184, 7824, -7904]
[R Thu Dec  9 09:26:38 2021] [1, 4, 42, 112, 1365, 2548, -23128, -24384, -7684]
[R Thu Dec  9 09:26:38 2021] [1, 4, 42, 112, 525, 868, 3472, 3056, -7684]
[R Thu Dec  9 09:26:38 2021] [1, 4, 42, 112, -35, -252, -30128, -29984, -7684]
[R Thu Dec  9 09:26:39 2021] [1, 4, 14, -140, -1575, -3360, 0, -2000, -8000]
[R Thu Dec  9 09:26:39 2021] [1, 4, 14, 196, -735, -1344, 2184, 7744, -7664]
[R Thu Dec  9 09:26:40 2021] [1, 4, 42, -28, 665, -1848, -2772, -3496, -7656]
[R Thu Dec  9 09:26:45 2021] [1, 4, 42, 112, -455, -1092, -30268, -29704, -7544]
[R Thu Dec  9 09:26:48 2021] [1, 4, 14, -140, -455, 560, 6160, 1000, -7900]
[R Thu Dec  9 09:26:51 2021] [1, 4, 14, -140, 525, 1848, 23912, 14112, -7840]
[R Thu Dec  9 09:26:53 2021] [1, 4, 14, 280, 385, 980, -13580, 3480, -7640]
[R Thu Dec  9 09:26:57 2021] [1, 4, 14, 196, -735, -1344, 2184, 7664, -7424]
[R Thu Dec  9 09:26:58 2021] [1, 4, 42, 112, 1365, 2548, -22008, -23264, -7404]
[R Thu Dec  9 09:26:58 2021] [1, 4, 42, 112, 805, 1428, -10808, -11504, -7404]
[R Thu Dec  9 09:26:58 2021] [1, 4, 42, 112, -35, -252, -29008, -28864, -7404]
[R Thu Dec  9 09:27:02 2021] [1, 4, 14, -140, -1575, -3360, 0, -1920, -7680]
[R Thu Dec  9 09:27:06 2021] [1, 4, 42, 112, 1365, 2548, -21448, -22704, -7264]
[R Thu Dec  9 09:27:15 2021] [1, 4, 14, 196, -735, -1344, 2184, 7584, -7184]
[R Thu Dec  9 09:27:19 2021] [1, 4, 42, 112, 805, 1428, -9688, -10384, -7124]
[R Thu Dec  9 09:27:22 2021] [1, 4, 14, 196, 385, -448, -4312, -9472, -7088]
[R Thu Dec  9 09:27:27 2021] [1, 4, 42, 112, 1225, 2268, 8372, 7256, -6984]
[R Thu Dec  9 09:27:27 2021] [1, 4, 42, 112, 945, 1708, -9828, -10664, -6984]
[R Thu Dec  9 09:27:27 2021] [1, 4, 42, 112, 385, 588, -21028, -21304, -6984]
[R Thu Dec  9 09:27:27 2021] [1, 4, 42, 112, -455, -1092, -28028, -27464, -6984]
[R Thu Dec  9 09:27:27 2021] [1, 4, 14, -140, -1575, -3360, 0, -1840, -7360]
[R Thu Dec  9 09:27:33 2021] [1, 4, 14, 196, -735, -1344, 2184, 7504, -6944]
[R Thu Dec  9 09:27:37 2021] [1, 4, 14, 196, 2065, 1904, -7784, -5504, -6896]
[R Thu Dec  9 09:27:39 2021] [1, 4, 14, 140, -455, -3080, -8960, -11040, -7200]
[R Thu Dec  9 09:27:41 2021] [1, 4, 42, -28, 665, 1848, 3472, 616, -6804]
[R Thu Dec  9 09:27:41 2021] [1, 4, 42, 112, 1365, 2548, -19768, -21024, -6844]
[R Thu Dec  9 09:27:41 2021] [1, 4, 42, 112, 525, 868, 6832, 6416, -6844]
[R Thu Dec  9 09:27:41 2021] [1, 4, 42, 112, -35, -252, -26768, -26624, -6844]
[R Thu Dec  9 09:27:41 2021] [1, 4, 42, 112, -875, -1932, -22568, -21584, -6844]
[R Thu Dec  9 09:27:51 2021] [1, 4, 42, 112, 805, 1428, -8008, -8704, -6704]
[R Thu Dec  9 09:27:53 2021] [1, 4, 14, -140, -1575, -3360, 0, -1760, -7040]
[R Thu Dec  9 09:27:53 2021] [1, 4, 14, 196, -735, -1344, 2184, 7424, -6704]
[R Thu Dec  9 09:28:05 2021] [1, 4, 14, -84, -315, 672, 1008, -72, -6588]
[R Thu Dec  9 09:28:05 2021] [1, 4, 42, 112, 2205, 4228, -22848, -24944, -6564]
[R Thu Dec  9 09:28:05 2021] [1, 4, 42, 112, 1365, 2548, -18648, -19904, -6564]
[R Thu Dec  9 09:28:05 2021] [1, 4, 42, 112, 805, 1428, -7448, -8144, -6564]
[R Thu Dec  9 09:28:05 2021] [1, 4, 42, 112, -35, -252, -25648, -25504, -6564]
[R Thu Dec  9 09:28:05 2021] [1, 4, 42, 112, -875, -1932, -21448, -20464, -6564]
[R Thu Dec  9 09:28:14 2021] [1, 4, 14, 196, 105, 1680, -5040, 7200, -6480]
[R Thu Dec  9 09:28:14 2021] [1, 4, 42, 112, 1785, 3388, -22988, -24664, -6424]
[R Thu Dec  9 09:28:14 2021] [1, 4, 42, 112, 1225, 2268, 10612, 9496, -6424]
[R Thu Dec  9 09:28:14 2021] [1, 4, 42, 112, 945, 1708, -7588, -8424, -6424]
[R Thu Dec  9 09:28:14 2021] [1, 4, 42, 112, 385, 588, -18788, -19064, -6424]
[R Thu Dec  9 09:28:14 2021] [1, 4, 14, 196, -735, -1344, 2184, 7344, -6464]
[R Thu Dec  9 09:28:20 2021] [1, 4, 14, -140, -1575, -3360, 0, -1680, -6720]
[R Thu Dec  9 09:28:25 2021] [1, 4, 14, -84, 945, 2184, 2016, -504, -6356]
[R Thu Dec  9 09:28:29 2021] [1, 4, 14, -84, -455, -2520, -6160, -10400, -6320]
[R Thu Dec  9 09:28:30 2021] [1, 4, 42, 112, 805, 1428, -6328, -7024, -6284]
[R Thu Dec  9 09:28:37 2021] [1, 4, 14, 196, -735, -1344, 2184, 7264, -6224]
[R Thu Dec  9 09:28:41 2021] [1, 4, 42, 112, 1365, 2548, -16968, -18224, -6144]
[R Thu Dec  9 09:28:41 2021] [1, 4, 42, 112, 805, 1428, -5768, -6464, -6144]
[R Thu Dec  9 09:28:41 2021] [1, 4, 42, 112, -875, -1932, -19768, -18784, -6144]
[R Thu Dec  9 09:28:44 2021] [1, 4, 14, -140, 525, 840, -2100, 8600, -6200]
[R Thu Dec  9 09:28:46 2021] [1, 4, 14, 140, 945, 728, -6888, -11008, -6400]
[R Thu Dec  9 09:28:46 2021] [1, 4, 14, 140, 665, 1624, 3136, 6016, -6400]
[R Thu Dec  9 09:28:46 2021] [1, 4, 14, 140, 245, -896, -1904, -704, -6400]
[R Thu Dec  9 09:28:50 2021] [1, 4, 14, -140, 665, 1120, -4480, -8320, -6400]
[R Thu Dec  9 09:28:50 2021] [1, 4, 14, -140, -1575, -3360, 0, -1600, -6400]
[R Thu Dec  9 09:28:57 2021] [1, 4, 42, 112, 2205, 4228, -20608, -22704, -6004]
[R Thu Dec  9 09:28:57 2021] [1, 4, 42, 112, 1365, 2548, -16408, -17664, -6004]
[R Thu Dec  9 09:28:57 2021] [1, 4, 42, 112, 525, 868, 10192, 9776, -6004]
[R Thu Dec  9 09:28:57 2021] [1, 4, 42, 112, -35, -252, -23408, -23264, -6004]
[R Thu Dec  9 09:28:57 2021] [1, 4, 42, 112, -875, -1932, -19208, -18224, -6004]
[R Thu Dec  9 09:28:59 2021] [1, 4, 14, 196, -735, -1344, 2184, 7184, -5984]
[R Thu Dec  9 09:29:07 2021] [1, 4, 42, 112, -455, -1092, -23548, -22984, -5864]
[R Thu Dec  9 09:29:20 2021] [1, 4, 14, -140, -1575, -3360, 0, -1520, -6080]
[R Thu Dec  9 09:29:23 2021] [1, 4, 14, 196, -735, -1344, 2184, 7104, -5744]
[R Thu Dec  9 09:29:25 2021] [1, 4, 42, 112, 2205, 4228, -19488, -21584, -5724]
[R Thu Dec  9 09:29:25 2021] [1, 4, 42, 112, 1365, 2548, -15288, -16544, -5724]
[R Thu Dec  9 09:29:25 2021] [1, 4, 42, 112, 805, 1428, -4088, -4784, -5724]
[R Thu Dec  9 09:29:25 2021] [1, 4, 42, 112, -35, -252, -22288, -22144, -5724]
[R Thu Dec  9 09:29:25 2021] [1, 4, 42, 112, -875, -1932, -18088, -17104, -5724]
[R Thu Dec  9 09:29:35 2021] [1, 4, 42, 112, 1365, 2660, 15400, -4480, -5600]
[R Thu Dec  9 09:29:37 2021] [1, 4, 42, 112, 1365, 2548, -14728, -15984, -5584]
[R Thu Dec  9 09:29:37 2021] [1, 4, 42, 112, -875, -1932, -17528, -16544, -5584]
[R Thu Dec  9 09:29:42 2021] [1, 4, 14, 196, 2345, 6272, 3808, -1952, -5568]
[R Thu Dec  9 09:29:44 2021] [1, 4, 14, -84, -455, -2072, -4368, -7408, -5552]
[R Thu Dec  9 09:29:49 2021] [1, 4, 14, 196, -735, -1344, 2184, 7024, -5504]
[R Thu Dec  9 09:29:51 2021] [1, 4, 14, 140, 665, 1176, 224, -3616, -5840]
[R Thu Dec  9 09:29:54 2021] [1, 4, 42, 112, 805, 1428, -2968, -3664, -5444]
[R Thu Dec  9 09:29:57 2021] [1, 4, 14, -140, -1575, -3360, 0, -1440, -5760]
[R Thu Dec  9 09:29:59 2021] [1, 4, 14, 56, 665, -9044, -10136, 12384, -5344]
[R Thu Dec  9 09:30:04 2021] [1, 4, 14, 196, -175, 1680, -6440, -640, -5360]
[R Thu Dec  9 09:30:05 2021] [1, 4, 42, 112, 1225, 2268, 15092, 13976, -5304]
[R Thu Dec  9 09:30:05 2021] [1, 4, 42, 112, 945, 6188, -49028, -11224, -5304]
[R Thu Dec  9 09:30:05 2021] [1, 4, 42, 112, 945, 1708, -3108, -3944, -5304]
[R Thu Dec  9 09:30:05 2021] [1, 4, 42, 112, 385, 588, -14308, -14584, -5304]
[R Thu Dec  9 09:30:05 2021] [1, 4, 42, 112, -455, -1092, -21308, -20744, -5304]
[R Thu Dec  9 09:30:12 2021] [1, 4, 14, 196, -735, 3584, -7224, 11136, -5296]
[R Thu Dec  9 09:30:15 2021] [1, 4, 14, 196, -735, -1344, 2184, 6944, -5264]
[R Thu Dec  9 09:30:26 2021] [1, 4, 42, 112, 2205, 4228, -17248, -19344, -5164]
[R Thu Dec  9 09:30:26 2021] [1, 4, 42, 112, 1365, 2548, -13048, -14304, -5164]
[R Thu Dec  9 09:30:26 2021] [1, 4, 42, 112, 525, 868, 13552, 13136, -5164]
[R Thu Dec  9 09:30:26 2021] [1, 4, 42, 112, -35, -252, -20048, -19904, -5164]
[R Thu Dec  9 09:30:26 2021] [1, 4, 42, 112, -875, -1932, -15848, -14864, -5164]
[R Thu Dec  9 09:30:35 2021] [1, 4, 14, -140, -1575, -3360, 0, -1360, -5440]
[R Thu Dec  9 09:30:40 2021] [1, 4, 42, 112, 805, 1428, -1288, -1984, -5024]
[R Thu Dec  9 09:30:43 2021] [1, 4, 14, 196, -735, -1344, 2184, 6864, -5024]
[R Thu Dec  9 09:30:44 2021] [1, 4, 42, 112, 805, 1764, -7784, 5248, -4992]
[R Thu Dec  9 09:31:00 2021] [1, 4, 42, 112, 2205, 4228, -16128, -18224, -4884]
[R Thu Dec  9 09:31:00 2021] [1, 4, 42, 112, 1365, 2548, -11928, -13184, -4884]
[R Thu Dec  9 09:31:00 2021] [1, 4, 42, 112, 805, 1428, -728, -1424, -4884]
[R Thu Dec  9 09:31:00 2021] [1, 4, 42, 112, -35, -252, -18928, -18784, -4884]
[R Thu Dec  9 09:31:00 2021] [1, 4, 42, 112, -875, -1932, -14728, -13744, -4884]
[R Thu Dec  9 09:31:04 2021] [1, 4, 14, 140, -175, -280, 2240, -200, -5140]
[R Thu Dec  9 09:31:04 2021] [1, 4, 14, 196, 665, 1456, 9184, 18944, -4864]
[R Thu Dec  9 09:31:07 2021] [1, 4, 14, -84, -175, -728, -53032, -19552, -4848]
[R Thu Dec  9 09:31:08 2021] [1, 4, 14, 280, -455, -12124, -21476, 22984, -5000]
[R Thu Dec  9 09:31:09 2021] [1, 4, 14, -140, -875, -3304, -3696, -13376, -5120]
[R Thu Dec  9 09:31:09 2021] [1, 4, 14, -140, -1575, -3360, 0, -1280, -5120]
[R Thu Dec  9 09:31:13 2021] [1, 4, 42, 112, 1785, 3388, -16268, -17944, -4744]
[R Thu Dec  9 09:31:13 2021] [1, 4, 42, 112, 1225, 2268, 17332, 16216, -4744]
[R Thu Dec  9 09:31:13 2021] [1, 4, 42, 112, 945, 1708, -868, -1704, -4744]
[R Thu Dec  9 09:31:13 2021] [1, 4, 42, 112, 385, 588, -12068, -12344, -4744]
[R Thu Dec  9 09:31:14 2021] [1, 4, 14, 196, -735, -1344, 2184, 6784, -4784]
[R Thu Dec  9 09:31:17 2021] [1, 4, 14, 140, 1225, 8792, 15568, 5888, -5120]
[R Thu Dec  9 09:31:21 2021] [1, 4, 42, 112, -455, 4788, -6328, 10976, -4704]
[R Thu Dec  9 09:31:28 2021] [1, 4, 14, 140, 1505, 2632, 2128, 2248, -4980]
[R Thu Dec  9 09:31:33 2021] [1, 4, 14, 0, -455, -28, -5432, 6848, -4640]
[R Thu Dec  9 09:31:38 2021] [1, 4, 42, 112, 805, 1428, 392, -304, -4604]
[R Thu Dec  9 09:31:48 2021] [1, 4, 14, 196, -735, -1344, 2184, 6704, -4544]
[R Thu Dec  9 09:31:53 2021] [1, 4, 14, 140, 105, -840, -7280, 8320, -4800]
[R Thu Dec  9 09:31:53 2021] [1, 4, 42, 112, 385, 2100, 8400, 12000, -4500]
[R Thu Dec  9 09:31:54 2021] [1, 4, 14, -140, 105, 560, -1680, 1600, -4800]
[R Thu Dec  9 09:31:54 2021] [1, 4, 14, -140, -175, 1792, -4312, 5968, -4800]
[R Thu Dec  9 09:31:54 2021] [1, 4, 14, -140, -1435, -280, -5600, 1600, -4800]
[R Thu Dec  9 09:31:54 2021] [1, 4, 14, -140, -1575, -3360, 0, -1200, -4800]
[R Thu Dec  9 09:31:55 2021] [1, 4, 42, 112, 1365, 2548, -10248, -11504, -4464]
[R Thu Dec  9 09:31:55 2021] [1, 4, 42, 112, 805, 1428, 952, 256, -4464]
[R Thu Dec  9 09:31:55 2021] [1, 4, 42, 112, -875, -1932, -13048, -12064, -4464]
[R Thu Dec  9 09:31:56 2021] [1, 4, 14, -84, -1015, 7224, -10864, 6016, -4496]
[R Thu Dec  9 09:32:09 2021] [1, 4, 42, 252, 1365, 5544, 7616, 6528, -4352]
[R Thu Dec  9 09:32:19 2021] [1, 4, 42, 112, 2205, 4228, -13888, -15984, -4324]
[R Thu Dec  9 09:32:19 2021] [1, 4, 42, 112, 1365, 2548, -9688, -10944, -4324]
[R Thu Dec  9 09:32:19 2021] [1, 4, 42, 112, 525, 868, 16912, 16496, -4324]
[R Thu Dec  9 09:32:19 2021] [1, 4, 42, 112, -35, -252, -16688, -16544, -4324]
[R Thu Dec  9 09:32:19 2021] [1, 4, 42, 112, -875, -1932, -12488, -11504, -4324]
[R Thu Dec  9 09:32:23 2021] [1, 4, 14, 196, -735, -1344, 2184, 6624, -4304]
[R Thu Dec  9 09:32:24 2021] [1, 4, 14, 140, 665, 616, 4704, 12784, -4640]
[R Thu Dec  9 09:32:24 2021] [1, 4, 14, 140, 105, 952, -112, 3488, -4640]
[R Thu Dec  9 09:32:35 2021] [1, 4, 42, 112, -455, -1092, -16828, -16264, -4184]
[R Thu Dec  9 09:32:35 2021] [1, 4, 42, 112, -1015, -2212, 16772, 17896, -4184]
[R Thu Dec  9 09:32:42 2021] [1, 4, 42, 252, 665, 896, -756, -20488, -4168]
[R Thu Dec  9 09:32:45 2021] [1, 4, 14, -140, -1575, -3360, 0, -1120, -4480]
[R Thu Dec  9 09:32:54 2021] [1, 4, 14, -140, -735, 2128, 6552, -15968, -4400]
[R Thu Dec  9 09:32:54 2021] [1, 4, 14, -140, -735, -3920, -7000, -9920, -4400]
[R Thu Dec  9 09:32:57 2021] [1, 4, 14, 56, -35, -644, -336, -416, -4044]
[R Thu Dec  9 09:33:01 2021] [1, 4, 14, 196, -735, -1344, 2184, 6544, -4064]
[R Thu Dec  9 09:33:03 2021] [1, 4, 42, 112, 2205, 4228, -12768, -14864, -4044]
[R Thu Dec  9 09:33:03 2021] [1, 4, 42, 112, 1365, 2548, -8568, -9824, -4044]
[R Thu Dec  9 09:33:03 2021] [1, 4, 42, 112, 805, 1428, 2632, 1936, -4044]
[R Thu Dec  9 09:33:03 2021] [1, 4, 42, 112, -35, -252, -15568, -15424, -4044]
[R Thu Dec  9 09:33:03 2021] [1, 4, 42, 112, -875, -1932, -11368, -10384, -4044]
[R Thu Dec  9 09:33:09 2021] [1, 4, 14, 196, 385, -7056, 12376, 256, -4016]
[R Thu Dec  9 09:33:09 2021] [1, 4, 42, 112, -875, 6468, -17528, 14656, -3984]
[R Thu Dec  9 09:33:17 2021] [1, 4, 42, 112, 385, -28, -2352, -2256, -3956]
[R Thu Dec  9 09:33:18 2021] [1, 4, 42, 252, 245, -392, -2688, -4224, -3904]
[R Thu Dec  9 09:33:22 2021] [1, 4, 42, 112, 1365, 2548, -8008, -9264, -3904]
[R Thu Dec  9 09:33:22 2021] [1, 4, 42, 112, -875, -1932, -10808, -9824, -3904]
[R Thu Dec  9 09:33:32 2021] [1, 4, 14, -140, -1575, -3360, 0, -1040, -4160]
[R Thu Dec  9 09:33:33 2021] [1, 4, 42, 112, 805, 2100, 3640, -9920, -3840]
[R Thu Dec  9 09:33:33 2021] [1, 4, 42, 112, 385, 3780, -6440, -9920, -3840]
[R Thu Dec  9 09:33:33 2021] [1, 4, 14, 196, 2065, -112, -16408, -688, -3872]
[R Thu Dec  9 09:33:40 2021] [1, 4, 42, 112, 385, -2604, -16016, -13088, -3828]
[R Thu Dec  9 09:33:41 2021] [1, 4, 14, 196, -735, -1344, 2184, 6464, -3824]
[R Thu Dec  9 09:33:47 2021] [1, 4, 14, 196, -175, -1792, 10472, -7808, -3792]
[R Thu Dec  9 09:33:48 2021] [1, 4, 42, 112, -35, -2940, -6720, -10080, -3780]
[R Thu Dec  9 09:33:50 2021] [1, 4, 42, 112, 805, 1428, 3752, 3056, -3764]
[R Thu Dec  9 09:33:53 2021] [1, 4, 14, 196, 665, 560, 11760, 11520, -3760]
[R Thu Dec  9 09:33:56 2021] [1, 4, 42, 112, 385, 1204, -504, -1152, -3712]
[R Thu Dec  9 09:33:58 2021] [1, 4, 14, 140, -595, -1568, -1652, -1832, -3800]
[R Thu Dec  9 09:34:04 2021] [1, 4, 14, -140, 1225, 17360, 51520, 400, -4000]
[R Thu Dec  9 09:34:09 2021] [1, 4, 42, 112, 2625, 5068, -4788, -7304, -3624]
[R Thu Dec  9 09:34:09 2021] [1, 4, 42, 112, 945, 1708, 3612, 2776, -3624]
[R Thu Dec  9 09:34:09 2021] [1, 4, 42, 112, 385, 588, -7588, -7864, -3624]
[R Thu Dec  9 09:34:09 2021] [1, 4, 42, 112, -455, -1092, -14588, -14024, -3624]
[R Thu Dec  9 09:34:11 2021] [1, 4, 14, 196, 2625, 4256, 2184, 5664, -3664]
[R Thu Dec  9 09:34:22 2021] [1, 4, 14, 196, 385, -784, 3304, 8584, -3604]
[R Thu Dec  9 09:34:25 2021] [1, 4, 14, 196, -735, -1344, 2184, 6384, -3584]
[R Thu Dec  9 09:34:31 2021] [1, 4, 14, -140, -1575, -3360, 0, -960, -3840]
[R Thu Dec  9 09:34:41 2021] [1, 4, 42, 112, 2205, 4228, -10528, -12624, -3484]
[R Thu Dec  9 09:34:41 2021] [1, 4, 42, 112, 1365, 2548, -6328, -7584, -3484]
[R Thu Dec  9 09:34:41 2021] [1, 4, 42, 112, 525, 868, 20272, 19856, -3484]
[R Thu Dec  9 09:34:41 2021] [1, 4, 42, 112, -35, -252, -13328, -13184, -3484]
[R Thu Dec  9 09:34:41 2021] [1, 4, 42, 112, -875, -1932, -9128, -8144, -3484]
[R Thu Dec  9 09:34:43 2021] [1, 4, 42, 252, -175, -2128, -7392, -8776, -3436]
[R Thu Dec  9 09:34:44 2021] [1, 4, 14, 196, 1505, -6944, 15344, -2376, -3484]
[R Thu Dec  9 09:35:01 2021] [1, 4, 42, 112, -875, -1260, -14280, 11760, -3360]
[R Thu Dec  9 09:35:05 2021] [1, 4, 42, 112, 805, 1428, 5432, 4736, -3344]
[R Thu Dec  9 09:35:10 2021] [1, 4, 14, 196, -735, -1344, 2184, 6304, -3344]
[R Thu Dec  9 09:35:15 2021] [1, 4, 14, 140, 105, 1400, -3920, 8480, -3600]
[R Thu Dec  9 09:35:17 2021] [1, 4, 14, -140, -175, 336, 12264, 12064, -3600]
[R Thu Dec  9 09:35:36 2021] [1, 4, 14, -140, -1575, -3360, 0, -880, -3520]
[R Thu Dec  9 09:35:38 2021] [1, 4, 42, 112, 2205, 4228, -9408, -11504, -3204]
[R Thu Dec  9 09:35:38 2021] [1, 4, 42, 112, 1365, 2548, -5208, -6464, -3204]
[R Thu Dec  9 09:35:38 2021] [1, 4, 42, 112, 805, 1428, 5992, 5296, -3204]
[R Thu Dec  9 09:35:38 2021] [1, 4, 42, 112, -35, -252, -12208, -12064, -3204]
[R Thu Dec  9 09:35:38 2021] [1, 4, 42, 112, -875, -1932, -8008, -7024, -3204]
[R Thu Dec  9 09:35:41 2021] [1, 4, 14, 336, 105, -756, -1764, -3384, -3176]
[R Thu Dec  9 09:35:45 2021] [1, 4, 14, -140, 385, 4032, -11032, 16528, -3440]
[R Thu Dec  9 09:35:46 2021] [1, 4, 14, 0, -175, 140, 980, 1320, -3400]
[R Thu Dec  9 09:35:48 2021] [1, 4, 14, -224, 105, 756, 2184, 11264, -3104]
[R Thu Dec  9 09:35:51 2021] [1, 4, 42, -28, 245, 1008, 2212, 376, -3144]
[R Thu Dec  9 09:35:55 2021] [1, 4, 14, -84, 665, -5096, -4704, 3136, -3136]
[R Thu Dec  9 09:35:57 2021] [1, 4, 14, 140, -175, -2856, 1176, -1504, -3440]
[R Thu Dec  9 09:36:00 2021] [1, 4, 14, 196, -735, -1344, 2184, 6224, -3104]
[R Thu Dec  9 09:36:00 2021] [1, 4, 42, 112, 2625, 5068, -2548, -5064, -3064]
[R Thu Dec  9 09:36:00 2021] [1, 4, 42, 112, 1785, 3388, -9548, -11224, -3064]
[R Thu Dec  9 09:36:00 2021] [1, 4, 42, 112, 945, 1708, 5852, 5016, -3064]
[R Thu Dec  9 09:36:00 2021] [1, 4, 42, 112, 385, 588, -5348, -5624, -3064]
[R Thu Dec  9 09:36:12 2021] [1, 4, 14, -140, -175, 672, 448, -1752, -3340]
[R Thu Dec  9 09:36:33 2021] [1, 4, 42, -28, -315, -336, 756, 648, -2952]
[R Thu Dec  9 09:36:37 2021] [1, 4, 14, -140, -1575, -3360, 0, -800, -3200]
[R Thu Dec  9 09:36:37 2021] [1, 4, 14, -140, -2135, 2576, 10304, -1696, -3200]
[R Thu Dec  9 09:36:38 2021] [1, 4, 42, 112, 805, 1428, 7112, 6416, -2924]
[R Thu Dec  9 09:36:45 2021] [1, 4, 42, -28, 1645, -2352, 13412, 5896, -2904]
[R Thu Dec  9 09:36:51 2021] [1, 4, 42, 112, -875, -7644, -17976, -15648, -2868]
[R Thu Dec  9 09:36:54 2021] [1, 4, 14, 196, 1505, 3136, -2296, -576, -2864]
[R Thu Dec  9 09:36:54 2021] [1, 4, 14, 196, -175, -4704, 11704, 12864, -2864]
[R Thu Dec  9 09:36:54 2021] [1, 4, 14, 196, -735, -1344, 2184, 6144, -2864]
[R Thu Dec  9 09:36:56 2021] [1, 4, 14, 0, -175, -868, -2492, -4872, -3080]
[R Thu Dec  9 09:37:06 2021] [1, 4, 14, -84, -1155, -2016, -1764, 216, -2776]
[R Thu Dec  9 09:37:06 2021] [1, 4, 42, 112, 1365, 2548, -3528, -4784, -2784]
[R Thu Dec  9 09:37:06 2021] [1, 4, 42, 112, 805, 1428, 7672, 6976, -2784]
[R Thu Dec  9 09:37:06 2021] [1, 4, 42, 112, -875, -1932, -6328, -5344, -2784]
[R Thu Dec  9 09:37:09 2021] [1, 4, 42, 252, 385, 112, 728, 984, -2756]
[R Thu Dec  9 09:37:12 2021] [1, 4, 42, 392, 1505, 1428, 1372, 3976, -2744]
[R Thu Dec  9 09:37:31 2021] [1, 4, 14, -84, -735, -1624, 784, 4184, -2724]
[R Thu Dec  9 09:37:33 2021] [1, 4, 42, 112, -455, -2940, 5040, 7200, -2700]
[R Thu Dec  9 09:37:45 2021] [1, 4, 14, -84, 385, -392, -2408, 4512, -2672]
[R Thu Dec  9 09:37:46 2021] [1, 4, 14, -140, -315, -3864, 17304, 2824, -2900]
[R Thu Dec  9 09:37:47 2021] [1, 4, 14, 140, 1505, -3416, 23016, -1664, -2960]
[R Thu Dec  9 09:37:49 2021] [1, 4, 42, 252, 1645, 2296, 6524, -2328, -2648]
[R Thu Dec  9 09:37:51 2021] [1, 4, 42, 112, 2205, 4228, -7168, -9264, -2644]
[R Thu Dec  9 09:37:51 2021] [1, 4, 42, 112, 1365, 2548, -2968, -4224, -2644]
[R Thu Dec  9 09:37:51 2021] [1, 4, 42, 112, -35, -252, -9968, -9824, -2644]
[R Thu Dec  9 09:37:51 2021] [1, 4, 42, 112, -875, -1932, -5768, -4784, -2644]
[R Thu Dec  9 09:37:56 2021] [1, 4, 14, -84, 105, 280, -560, 2560, -2640]
[R Thu Dec  9 09:37:58 2021] [1, 4, 14, -140, -1575, -3360, 0, -720, -2880]
[R Thu Dec  9 09:37:58 2021] [1, 4, 14, 196, -735, -1344, 2184, 6064, -2624]
[R Thu Dec  9 09:37:59 2021] [1, 4, 14, -84, -1015, 56, -3696, -96, -2624]
[R Thu Dec  9 09:38:21 2021] [1, 4, 14, -140, -735, -3920, -7000, -17920, -2800]
[R Thu Dec  9 09:38:25 2021] [1, 4, 42, 112, -455, -1092, -10108, -9544, -2504]
[R Thu Dec  9 09:38:36 2021] [1, 4, 42, -28, -1435, -2352, -2828, -584, -2504]
[R Thu Dec  9 09:38:47 2021] [1, 4, 42, 112, -455, 756, 10584, 9552, -2448]
[R Thu Dec  9 09:39:15 2021] [1, 4, 14, 196, -735, -1344, 2184, 5984, -2384]
[R Thu Dec  9 09:39:20 2021] [1, 4, 42, 112, 2205, 4228, -6048, -8144, -2364]
[R Thu Dec  9 09:39:20 2021] [1, 4, 42, 112, 1365, 2548, -1848, -3104, -2364]
[R Thu Dec  9 09:39:20 2021] [1, 4, 42, 112, 805, 1428, 9352, 8656, -2364]
[R Thu Dec  9 09:39:20 2021] [1, 4, 42, 112, -35, -252, -8848, -8704, -2364]
[R Thu Dec  9 09:39:20 2021] [1, 4, 42, 112, -875, -1932, -4648, -3664, -2364]
[R Thu Dec  9 09:39:20 2021] [1, 4, 42, 252, 945, 9072, -15372, 4824, -2376]
[R Thu Dec  9 09:39:21 2021] [1, 4, 70, -28, 1225, -7056, 9016, -15680, -2352]
[R Thu Dec  9 09:39:24 2021] [1, 4, 14, 140, 1225, 2520, 3360, -5120, -2560]
[R Thu Dec  9 09:39:29 2021] [1, 4, 14, 0, 105, -84, -756, -4536, -2520]
[R Thu Dec  9 09:39:30 2021] [1, 4, 42, -168, 945, -2156, -1204, 5848, -2312]
[R Thu Dec  9 09:39:33 2021] [1, 4, 14, -140, -1575, -3360, 0, -640, -2560]
[R Thu Dec  9 09:40:09 2021] [1, 4, 42, 112, 1365, 2548, -1288, -2544, -2224]
[R Thu Dec  9 09:40:09 2021] [1, 4, 42, 112, -875, -1932, -4088, -3104, -2224]
[R Thu Dec  9 09:40:31 2021] [1, 4, 14, -84, 385, 1848, -4648, -1808, -2192]
[R Thu Dec  9 09:40:36 2021] [1, 4, 70, 140, 945, -168, 4928, -9680, -2320]
[R Thu Dec  9 09:40:39 2021] [1, 4, 14, 56, 385, -588, 3108, -1592, -2168]
[R Thu Dec  9 09:40:46 2021] [1, 4, 70, -28, 1645, 840, -1680, -2600, -2140]
[R Thu Dec  9 09:40:49 2021] [1, 4, 14, 196, -735, -1344, 2184, 5904, -2144]
[R Thu Dec  9 09:41:13 2021] [1, 4, 42, 112, 805, 1428, 10472, 9776, -2084]
[R Thu Dec  9 09:41:13 2021] [1, 4, 42, 112, -1435, -3052, 7672, 9216, -2084]
[R Thu Dec  9 09:41:25 2021] [1, 4, 14, -140, -1575, -3360, 0, -560, -2240]
[R Thu Dec  9 09:41:35 2021] [1, 4, 70, -28, 665, -896, -504, -1600, -2032]
[R Thu Dec  9 09:41:38 2021] [1, 4, 14, 140, -735, 392, -392, 4928, -2240]
[R Thu Dec  9 09:41:40 2021] [1, 4, 42, 252, 945, 1008, 1512, 2376, -2004]
[R Thu Dec  9 09:41:41 2021] [1, 4, 14, 196, 525, -392, 1512, 12512, -2032]
[R Thu Dec  9 09:41:43 2021] [1, 4, 70, 140, 665, 1400, -840, -4320, -2160]
[R Thu Dec  9 09:41:43 2021] [1, 4, 70, 140, 665, -2856, -8904, -7680, -2160]
[R Thu Dec  9 09:41:43 2021] [1, 4, 70, 140, 105, -168, -1512, -4320, -2160]
[R Thu Dec  9 09:42:04 2021] [1, 4, 14, 196, 105, 2576, -7056, 2304, -1984]
[R Thu Dec  9 09:42:05 2021] [1, 4, 70, -28, -175, -1344, -896, 320, -1968]
[R Thu Dec  9 09:42:10 2021] [1, 4, 42, 112, 2625, 5068, 1932, -584, -1944]
[R Thu Dec  9 09:42:10 2021] [1, 4, 42, 112, 945, 1708, 10332, 9496, -1944]
[R Thu Dec  9 09:42:10 2021] [1, 4, 42, 112, 385, 588, -868, -1144, -1944]
[R Thu Dec  9 09:42:10 2021] [1, 4, 42, 112, -455, -1092, -7868, -7304, -1944]
[R Thu Dec  9 09:42:10 2021] [1, 4, 42, 112, -1295, -2772, 7532, 8936, -1944]
[R Thu Dec  9 09:42:21 2021] [1, 4, 42, -28, -455, -392, -1988, -24, -1944]
[R Thu Dec  9 09:42:42 2021] [1, 4, 14, 196, -735, -1344, 2184, 5824, -1904]
[R Thu Dec  9 09:43:18 2021] [1, 4, 14, 196, 665, 224, -1064, 696, -1836]
[R Thu Dec  9 09:43:22 2021] [1, 4, 14, 0, -175, -308, 588, -392, -1960]
[R Thu Dec  9 09:43:29 2021] [1, 4, 14, 140, 1785, 3640, 5600, 2720, -2000]
[R Thu Dec  9 09:43:32 2021] [1, 4, 42, 112, 2205, 4228, -3808, -5904, -1804]
[R Thu Dec  9 09:43:32 2021] [1, 4, 42, 112, 1365, 2548, 392, -864, -1804]
[R Thu Dec  9 09:43:32 2021] [1, 4, 42, 112, -35, -252, -6608, -6464, -1804]
[R Thu Dec  9 09:43:32 2021] [1, 4, 42, 112, -875, -1932, -2408, -1424, -1804]
[R Thu Dec  9 09:43:32 2021] [1, 4, 42, 112, -1435, -3052, 8792, 10336, -1804]
[R Thu Dec  9 09:43:38 2021] [1, 4, 70, 140, 385, 3080, -2240, 1760, -1920]
[R Thu Dec  9 09:44:00 2021] [1, 4, 14, -140, -1575, -3360, 0, -480, -1920]
[R Thu Dec  9 09:44:07 2021] [1, 4, 14, -84, 945, 5656, -7336, -5056, -1744]
[R Thu Dec  9 09:44:09 2021] [1, 4, 70, 252, 945, 4536, -12096, 8640, -1728]
[R Thu Dec  9 09:44:36 2021] [1, 4, 14, 140, 385, -952, -728, 7072, -1840]
[R Thu Dec  9 09:44:38 2021] [1, 4, 42, 112, 805, 1428, 12152, 11456, -1664]
[R Thu Dec  9 09:44:38 2021] [1, 4, 42, 112, -1435, -3052, 9352, 10896, -1664]
[R Thu Dec  9 09:44:47 2021] [1, 4, 14, 196, -735, -1344, 2184, 5744, -1664]
[R Thu Dec  9 09:45:15 2021] [1, 4, 14, -84, -735, -3416, -6664, -7264, -1616]
[R Thu Dec  9 09:46:02 2021] [1, 4, 42, 112, 2205, 4228, -2688, -4784, -1524]
[R Thu Dec  9 09:46:02 2021] [1, 4, 42, 112, 1365, 2548, 1512, 256, -1524]
[R Thu Dec  9 09:46:02 2021] [1, 4, 42, 112, 805, 1428, 12712, 12016, -1524]
[R Thu Dec  9 09:46:02 2021] [1, 4, 42, 112, -35, -252, -5488, -5344, -1524]
[R Thu Dec  9 09:46:02 2021] [1, 4, 42, 112, -875, -1932, -1288, -304, -1524]
[R Thu Dec  9 09:46:23 2021] [1, 4, 70, 252, 105, -2184, -6776, -4880, -1488]
[R Thu Dec  9 09:46:50 2021] [1, 4, 42, 252, 1505, 4816, 11704, 17752, -1428]
[R Thu Dec  9 09:46:51 2021] [1, 4, 70, -28, -175, 0, -1680, -2880, -1440]
[R Thu Dec  9 09:47:06 2021] [1, 4, 14, -140, -1575, -3360, 0, -400, -1600]
[R Thu Dec  9 09:47:08 2021] [1, 4, 14, 196, -735, -1344, 2184, 5664, -1424]
[R Thu Dec  9 09:47:18 2021] [1, 4, 42, 112, 2625, 5068, 4172, 1656, -1384]
[R Thu Dec  9 09:47:18 2021] [1, 4, 42, 112, 1785, 3388, -2828, -4504, -1384]
[R Thu Dec  9 09:47:18 2021] [1, 4, 42, 112, 945, 1708, 12572, 11736, -1384]
[R Thu Dec  9 09:47:18 2021] [1, 4, 42, 112, 385, 588, 1372, 1096, -1384]
[R Thu Dec  9 09:47:18 2021] [1, 4, 42, 112, -1295, -2772, 9772, 11176, -1384]
[R Thu Dec  9 09:47:29 2021] [1, 4, 70, 140, 1225, 1624, -1064, -3040, -1520]
[R Thu Dec  9 09:48:29 2021] [1, 4, 14, 0, 525, 1092, 1008, 288, -1340]
[R Thu Dec  9 09:48:47 2021] [1, 4, 14, -84, -455, 280, 2800, 1920, -1280]
[R Thu Dec  9 09:48:53 2021] [1, 4, 14, -280, 525, 700, -1400, 1600, -1300]
[R Thu Dec  9 09:48:58 2021] [1, 4, 14, -84, -1855, -12824, -41496, 12704, -1264]
[R Thu Dec  9 09:49:06 2021] [1, 4, 42, 112, 805, 1428, 13832, 13136, -1244]
[R Thu Dec  9 09:49:06 2021] [1, 4, 42, 112, -1435, -3052, 11032, 12576, -1244]
[R Thu Dec  9 09:49:11 2021] [1, 4, 42, 252, 1085, 2072, 728, -3776, -1216]
[R Thu Dec  9 09:49:18 2021] [1, 4, 14, 336, 2625, 9996, 21924, 4104, -1224]
[R Thu Dec  9 09:49:25 2021] [1, 4, 42, 252, -315, -1512, -2268, -1944, -1224]
[R Thu Dec  9 09:49:25 2021] [1, 4, 70, 112, 1645, 532, 19768, 3040, -1196]
[R Thu Dec  9 09:49:34 2021] [1, 4, 70, -28, 385, -3360, 560, -1280, -1200]
[R Thu Dec  9 09:49:51 2021] [1, 4, 14, 196, -735, -1344, 2184, 5584, -1184]
[R Thu Dec  9 09:49:54 2021] [1, 4, 14, 56, 665, 1204, 1036, 616, -1176]
[R Thu Dec  9 09:50:10 2021] [1, 4, 70, 252, 945, 7224, -3024, -4320, -1152]
[R Thu Dec  9 09:50:14 2021] [1, 4, 70, 140, -175, 1400, -1120, -2560, -1280]
[R Thu Dec  9 09:50:23 2021] [1, 4, 14, -140, 105, -2800, -16800, 8600, -1300]
[R Thu Dec  9 09:50:24 2021] [1, 4, 70, 252, 2905, 3752, 1848, 6240, -1136]
[R Thu Dec  9 09:50:27 2021] [1, 4, 14, 196, -1295, 3584, -4984, 3776, -1136]
[R Thu Dec  9 09:50:27 2021] [1, 4, 14, -140, 105, -1680, -1680, -880, -1280]
[R Thu Dec  9 09:50:27 2021] [1, 4, 14, -140, -455, 224, -2464, 2816, -1280]
[R Thu Dec  9 09:50:27 2021] [1, 4, 14, -140, -1575, -3360, 0, -320, -1280]
[R Thu Dec  9 09:50:40 2021] [1, 4, 42, 112, 1365, 2548, 3192, 1936, -1104]
[R Thu Dec  9 09:50:40 2021] [1, 4, 42, 112, 805, 1428, 14392, 13696, -1104]
[R Thu Dec  9 09:50:40 2021] [1, 4, 42, 112, -875, -1932, 392, 1376, -1104]
[R Thu Dec  9 09:50:46 2021] [1, 4, 14, 140, 1225, 3192, 4368, 1248, -1280]
[R Thu Dec  9 09:50:46 2021] [1, 4, 14, 140, 665, -168, 2688, -4352, -1280]
[R Thu Dec  9 09:50:49 2021] [1, 4, 70, 420, 2905, 7952, -2072, 5440, -1200]
[R Thu Dec  9 09:50:54 2021] [1, 4, 14, -84, 1225, 2296, 4144, 4064, -1104]
[R Thu Dec  9 09:51:26 2021] [1, 4, 70, 252, 385, 3752, -32032, 9760, -1056]
[R Thu Dec  9 09:51:34 2021] [1, 4, 14, -140, 1505, -6832, 13272, -15728, -1200]
[R Thu Dec  9 09:52:00 2021] [1, 4, 70, 140, 805, -3136, 1456, 520, -1140]
[R Thu Dec  9 09:52:02 2021] [1, 4, 70, -28, 105, 336, 504, 0, -1008]
[R Thu Dec  9 09:52:07 2021] [1, 4, 70, 532, 1785, 4144, -504, 2160, -992]
[R Thu Dec  9 09:52:10 2021] [1, 4, 42, -168, -1575, -1932, -2268, 216, -984]
[R Thu Dec  9 09:52:25 2021] [1, 4, 14, -280, -1435, -1988, -2072, 928, -1020]
[R Thu Dec  9 09:52:42 2021] [1, 4, 42, 112, 3045, 5908, 17752, 14816, -964]
[R Thu Dec  9 09:52:42 2021] [1, 4, 42, 112, 2205, 4228, -448, -2544, -964]
[R Thu Dec  9 09:52:42 2021] [1, 4, 42, 112, 1365, 2548, 3752, 2496, -964]
[R Thu Dec  9 09:52:42 2021] [1, 4, 42, 112, -35, -252, -3248, -3104, -964]
[R Thu Dec  9 09:52:42 2021] [1, 4, 42, 112, -875, -1932, 952, 1936, -964]
[R Thu Dec  9 09:52:42 2021] [1, 4, 42, 112, -1435, -3052, 12152, 13696, -964]
[R Thu Dec  9 09:53:03 2021] [1, 4, 14, 196, 385, 336, 7224, -6816, -944]
[R Thu Dec  9 09:53:03 2021] [1, 4, 14, 196, -735, -1344, 2184, 5504, -944]
[R Thu Dec  9 09:53:35 2021] [1, 4, 42, -28, -175, 168, 952, 136, -884]
[R Thu Dec  9 09:53:55 2021] [1, 4, 14, 140, 105, -1064, 224, 1504, -1040]
[R Thu Dec  9 09:54:20 2021] [1, 4, 14, 56, -35, -196, 616, 1856, -836]
[R Thu Dec  9 09:54:28 2021] [1, 4, 42, 112, 3185, 6188, 17612, 14536, -824]
[R Thu Dec  9 09:54:28 2021] [1, 4, 42, 112, -455, -1092, -3388, -2824, -824]
[R Thu Dec  9 09:54:30 2021] [1, 4, 70, 140, 1505, -4536, 5936, 13760, -960]
[R Thu Dec  9 09:54:47 2021] [1, 4, 14, 56, 105, 140, 280, -480, -800]
[R Thu Dec  9 09:54:50 2021] [1, 4, 14, 280, -1295, 4004, -5404, 4376, -920]
[R Thu Dec  9 09:54:50 2021] [1, 4, 14, 140, -175, -1400, 1960, -7520, -960]
[R Thu Dec  9 09:54:51 2021] [1, 4, 14, -140, -1575, -3360, 0, -240, -960]
[R Thu Dec  9 09:55:05 2021] [1, 4, 70, -28, 665, -4480, 280, -1040, -800]
[R Thu Dec  9 09:55:06 2021] [1, 4, 70, 0, 945, -2268, 8008, 7360, -800]
[R Thu Dec  9 09:55:08 2021] [1, 4, 70, 420, 2765, -504, 11704, -13560, -900]
[R Thu Dec  9 09:55:34 2021] [1, 4, 70, -28, 1505, -6944, 2464, -5120, -768]
[R Thu Dec  9 09:55:34 2021] [1, 4, 70, -28, 385, -1344, -4256, -5120, -768]
[R Thu Dec  9 09:55:35 2021] [1, 4, 42, 392, 245, -1092, -2408, -2144, -764]
[R Thu Dec  9 09:56:02 2021] [1, 4, 70, 140, 105, -168, 4648, 3840, -880]
[R Thu Dec  9 09:56:42 2021] [1, 4, 70, 252, 385, -952, -21168, 5760, -704]
[R Thu Dec  9 09:56:42 2021] [1, 4, 14, 196, 105, -3024, -7056, -4096, -704]
[R Thu Dec  9 09:56:42 2021] [1, 4, 14, 196, -735, -1344, 2184, 5424, -704]
[R Thu Dec  9 09:56:51 2021] [1, 4, 42, 392, 1085, 588, 112, 1936, -684]
[R Thu Dec  9 09:56:56 2021] [1, 4, 42, 112, 2205, 4228, 672, -1424, -684]
[R Thu Dec  9 09:56:56 2021] [1, 4, 42, 112, 1365, 2548, 4872, 3616, -684]
[R Thu Dec  9 09:56:56 2021] [1, 4, 42, 112, 805, 1428, 16072, 15376, -684]
[R Thu Dec  9 09:56:56 2021] [1, 4, 42, 112, -35, -252, -2128, -1984, -684]
[R Thu Dec  9 09:56:56 2021] [1, 4, 42, 112, -875, -1932, 2072, 3056, -684]
[R Thu Dec  9 09:57:30 2021] [1, 4, 14, 196, 945, 1344, -504, -1984, -656]
[R Thu Dec  9 09:57:31 2021] [1, 4, 14, 56, 105, -28, -252, -792, -648]
[R Thu Dec  9 09:57:33 2021] [1, 4, 14, 280, 385, -28, -812, -1352, -760]
[R Thu Dec  9 09:57:36 2021] [1, 4, 14, 140, 105, 1288, 112, 3552, -800]
[R Thu Dec  9 09:58:10 2021] [1, 4, 70, 420, 1785, 2688, -3528, 3600, -720]
[R Thu Dec  9 09:58:28 2021] [1, 4, 70, 140, 665, -616, -2184, -8160, -720]
[R Thu Dec  9 09:58:31 2021] [1, 4, 14, 196, -1295, -6496, 28896, -5224, -596]
[R Thu Dec  9 09:58:42 2021] [1, 4, 42, -28, -1015, -1512, -1568, -344, -564]
[R Thu Dec  9 09:58:50 2021] [1, 4, 14, -140, -735, 1680, 840, -1440, -720]
[R Thu Dec  9 09:58:57 2021] [1, 4, 14, -84, 385, -2296, 1736, -8544, -576]
[R Thu Dec  9 09:59:13 2021] [1, 4, 42, 112, 3045, 5908, 19432, 16496, -544]
[R Thu Dec  9 09:59:13 2021] [1, 4, 42, 112, 1365, 2548, 5432, 4176, -544]
[R Thu Dec  9 09:59:13 2021] [1, 4, 42, 112, -875, -1932, 2632, 3616, -544]
[R Thu Dec  9 09:59:13 2021] [1, 4, 42, 112, -1435, -3052, 13832, 15376, -544]
[R Thu Dec  9 09:59:26 2021] [1, 4, 70, 420, 2065, 4704, -4144, 4320, -640]
[R Thu Dec  9 09:59:26 2021] [1, 4, 70, 420, 1225, 1680, 1400, 960, -640]
[R Thu Dec  9 09:59:30 2021] [1, 4, 14, -84, 105, -1064, -1456, -416, -544]
[R Thu Dec  9 09:59:46 2021] [1, 4, 42, -168, -735, -252, 252, -504, -504]
[R Thu Dec  9 10:00:13 2021] [1, 4, 14, -140, -1015, 672, 21728, 5888, -640]
[R Thu Dec  9 10:00:13 2021] [1, 4, 14, -140, -1575, -3360, 0, -160, -640]
[R Thu Dec  9 10:00:32 2021] [1, 4, 70, -28, 385, -1680, -5600, 1840, -480]
[R Thu Dec  9 10:00:56 2021] [1, 4, 14, 196, -735, -1344, 2184, 5344, -464]
[R Thu Dec  9 10:01:16 2021] [1, 4, 70, 420, 1785, 5040, 13720, -8960, -560]
[R Thu Dec  9 10:01:27 2021] [1, 4, 70, -28, -735, -336, 2016, -2880, -432]
[R Thu Dec  9 10:02:00 2021] [1, 4, 42, 112, 805, 1428, 17192, 16496, -404]
[R Thu Dec  9 10:02:00 2021] [1, 4, 42, 112, -1435, -3052, 14392, 15936, -404]
[R Thu Dec  9 10:02:16 2021] [1, 4, 14, -84, -1295, -1400, 3640, -800, -400]
[R Thu Dec  9 10:03:18 2021] [1, 4, 42, 252, 525, 168, 252, 936, -344]
[R Thu Dec  9 10:04:01 2021] [1, 4, 42, -28, -875, -336, -4004, -1352, -312]
[R Thu Dec  9 10:04:21 2021] [1, 4, 14, 56, 105, 28, -168, -208, -272]
[R Thu Dec  9 10:04:31 2021] [1, 4, 70, 252, 1365, -1344, 504, 1440, -288]
[R Thu Dec  9 10:04:34 2021] [1, 4, 14, -140, 245, -1848, 4088, -5432, -420]
[R Thu Dec  9 10:04:37 2021] [1, 4, 42, 112, 2625, 5068, 8652, 6136, -264]
[R Thu Dec  9 10:04:37 2021] [1, 4, 42, 112, 945, 1708, 17052, 16216, -264]
[R Thu Dec  9 10:04:37 2021] [1, 4, 42, 112, 385, 588, 5852, 5576, -264]
[R Thu Dec  9 10:04:37 2021] [1, 4, 42, 112, -455, -1092, -1148, -584, -264]
[R Thu Dec  9 10:04:37 2021] [1, 4, 42, 112, -1295, -2772, 14252, 15656, -264]
[R Thu Dec  9 10:05:22 2021] [1, 4, 14, -84, 665, 504, 896, 2176, -256]
[R Thu Dec  9 10:06:02 2021] [1, 4, 14, 196, -735, -1344, 2184, 5264, -224]
[R Thu Dec  9 10:06:24 2021] [1, 4, 70, 420, 2765, 7336, 6944, 3840, -320]
[R Thu Dec  9 10:06:24 2021] [1, 4, 70, 420, 945, 896, -1456, -640, -320]
[R Thu Dec  9 10:06:38 2021] [1, 4, 70, 140, 105, -3976, -5544, -2880, -320]
[R Thu Dec  9 10:06:46 2021] [1, 4, 14, -140, -1575, -3360, 0, -80, -320]
[R Thu Dec  9 10:07:14 2021] [1, 4, 14, 140, 665, 2520, 3360, 1600, -320]
[R Thu Dec  9 10:08:12 2021] [1, 4, 14, 196, 945, 3696, 5544, 3744, -144]
[R Thu Dec  9 10:08:36 2021] [1, 4, 42, 112, 3045, 5908, 21112, 18176, -124]
[R Thu Dec  9 10:08:36 2021] [1, 4, 42, 112, 2205, 4228, 2912, 816, -124]
[R Thu Dec  9 10:08:36 2021] [1, 4, 42, 112, 1365, 2548, 7112, 5856, -124]
[R Thu Dec  9 10:08:36 2021] [1, 4, 42, 112, -35, -252, 112, 256, -124]
[R Thu Dec  9 10:08:36 2021] [1, 4, 42, 112, -875, -1932, 4312, 5296, -124]
[R Thu Dec  9 10:08:36 2021] [1, 4, 42, 112, -1435, -3052, 15512, 17056, -124]
[R Thu Dec  9 10:08:40 2021] [1, 4, 14, -84, 105, 1512, -4032, 3328, -128]
[R Thu Dec  9 10:08:56 2021] [1, 4, 14, 280, 1785, 2772, -6972, 6488, -200]
[R Thu Dec  9 10:09:01 2021] [1, 4, 14, 196, 385, 224, -224, -344, -116]
[R Thu Dec  9 10:09:06 2021] [1, 4, 14, 0, -35, 28, -28, -8, -200]
[R Thu Dec  9 10:09:23 2021] [1, 4, 42, 532, 1225, 168, -1568, 616, -84]
[R Thu Dec  9 10:09:26 2021] [1, 4, 42, 252, 105, -672, -1008, -504, -84]
[R Thu Dec  9 10:09:46 2021] [1, 4, 14, -224, -875, -1036, -1064, 16, -76]
[R Thu Dec  9 10:10:30 2021] [1, 4, 70, 112, -595, 84, 8736, 2640, -52]
[R Thu Dec  9 10:10:49 2021] [1, 4, 14, -84, 105, 56, 1344, -576, -64]
[R Thu Dec  9 10:11:19 2021] [1, 4, 42, -168, -1155, -1092, -1008, -144, -44]
[R Thu Dec  9 10:11:40 2021] [1, 4, 42, 392, 665, -252, -1148, -104, -24]
[R Thu Dec  9 10:11:48 2021] [1, 4, 14, 0, -35, -84, 84, 824, -120]
[R Thu Dec  9 10:12:25 2021] [1, 4, 42, -28, -595, -672, -308, -104, -24]
[R Thu Dec  9 10:12:44 2021] [1, 4, 70, 252, 1505, 3192, 1008, 640, -16]
[R Thu Dec  9 10:12:47 2021] [1, 4, 14, 420, 1365, 1512, -252, 648, -40]
[R Thu Dec  9 10:12:55 2021] [1, 4, 14, 56, -35, 364, -784, 1856, 4]
[R Thu Dec  9 10:13:38 2021] [1, 4, 42, 112, 3605, 7028, 10472, 6976, 16]
[R Thu Dec  9 10:13:38 2021] [1, 4, 42, 112, 805, 1428, 18872, 18176, 16]
[R Thu Dec  9 10:13:38 2021] [1, 4, 42, 112, -1435, -3052, 16072, 17616, 16]
[R Thu Dec  9 10:14:01 2021] [1, 4, 14, 0, -35, 84, 56, 576, -20]
[R Thu Dec  9 10:14:01 2021] [1, 4, 70, -28, 1785, -12432, 21112, -1200, 16]
[R Thu Dec  9 10:14:05 2021] [1, 4, 14, 196, 2625, 12096, 16744, 704, 16]
[R Thu Dec  9 10:14:05 2021] [1, 4, 14, 196, -735, -1344, 2184, 5184, 16]
[R Thu Dec  9 10:14:42 2021] [1, 4, 42, -168, 2205, -4452, 4032, -1104, 36]
[R Thu Dec  9 10:14:43 2021] [1, 4, 70, 0, -1575, -2100, -1260, -360, -40]
[R Thu Dec  9 10:15:50 2021] [1, 4, 70, 252, 945, 5432, 3248, 800, 64]
[R Thu Dec  9 10:17:29 2021] [1, 4, 14, -140, -455, -448, -392, -152, -20]
[R Thu Dec  9 10:17:40 2021] [1, 4, 70, 252, 385, 504, 5376, 6080, 128]
[R Thu Dec  9 10:17:45 2021] [1, 4, 42, 392, 1225, 1372, 3528, -1616, 144]
[R Thu Dec  9 10:18:32 2021] [1, 4, 42, 112, 2205, 4228, 4032, 1936, 156]
[R Thu Dec  9 10:18:32 2021] [1, 4, 42, 112, 1365, 2548, 8232, 6976, 156]
[R Thu Dec  9 10:18:32 2021] [1, 4, 42, 112, 805, 1428, 19432, 18736, 156]
[R Thu Dec  9 10:18:32 2021] [1, 4, 42, 112, -35, -252, 1232, 1376, 156]
[R Thu Dec  9 10:18:32 2021] [1, 4, 42, 112, -875, -1932, 5432, 6416, 156]
[R Thu Dec  9 10:19:19 2021] [1, 4, 14, -84, -175, -504, 1624, 1024, 176]
[R Thu Dec  9 10:19:35 2021] [1, 4, 70, 420, 105, 1344, 56, 1280, 80]
[R Thu Dec  9 10:20:04 2021] [1, 4, 14, 140, 105, 1736, -336, 4304, 80]
[R Thu Dec  9 10:20:06 2021] [1, 4, 70, 252, 945, -1176, 1456, -1040, 208]
[R Thu Dec  9 10:20:14 2021] [1, 4, 42, -28, -1855, -4872, -2268, 376, 216]
[R Thu Dec  9 10:20:51 2021] [1, 4, 70, 252, 2905, -10920, -5880, -5120, 240]
[R Thu Dec  9 10:21:17 2021] [1, 4, 14, 196, -735, -1344, 2184, 5104, 256]
[R Thu Dec  9 10:21:43 2021] [1, 4, 42, 112, 2625, 5068, 10892, 8376, 296]
[R Thu Dec  9 10:21:43 2021] [1, 4, 42, 112, 1785, 3388, 3892, 2216, 296]
[R Thu Dec  9 10:21:43 2021] [1, 4, 42, 112, 945, 1708, 19292, 18456, 296]
[R Thu Dec  9 10:21:43 2021] [1, 4, 42, 112, 385, 588, 8092, 7816, 296]
[R Thu Dec  9 10:21:43 2021] [1, 4, 42, 112, -1295, -2772, 16492, 17896, 296]
[R Thu Dec  9 10:23:24 2021] [1, 4, 70, 252, 1505, 3416, 6944, 12800, 352]
[R Thu Dec  9 10:24:06 2021] [1, 4, 14, -140, 105, 672, -672, -192, 240]
[R Thu Dec  9 10:24:09 2021] [1, 4, 70, 532, 2205, 3640, 4200, 5280, 400]
[R Thu Dec  9 10:24:24 2021] [1, 4, 14, 196, 385, 560, 4760, 800, 400]
[R Thu Dec  9 10:24:55 2021] [1, 4, 70, -28, 665, -4144, 504, -2160, 432]
[R Thu Dec  9 10:25:00 2021] [1, 4, 42, 112, 805, 1428, 20552, 19856, 436]
[R Thu Dec  9 10:25:00 2021] [1, 4, 42, 112, -1435, -3052, 17752, 19296, 436]
[R Thu Dec  9 10:25:54 2021] [1, 4, 14, -140, -1015, 2240, 22960, 23040, 320]
[R Thu Dec  9 10:25:54 2021] [1, 4, 14, -140, -1575, -3360, 0, 80, 320]
[R Thu Dec  9 10:26:13 2021] [1, 4, 14, -84, 385, -9464, -6216, -11776, 496]
[R Thu Dec  9 10:26:14 2021] [1, 4, 14, 196, -735, -1344, 2184, 5024, 496]
[R Thu Dec  9 10:26:18 2021] [1, 4, 14, -224, 525, -756, 756, -504, 504]
[R Thu Dec  9 10:26:25 2021] [1, 4, 70, 252, 945, 1176, -1456, 800, 512]
[R Thu Dec  9 10:26:33 2021] [1, 4, 14, -84, 665, -168, -5152, -4352, 512]
[R Thu Dec  9 10:26:55 2021] [1, 4, 70, 140, 105, 504, 616, -1440, 400]
[R Thu Dec  9 10:27:20 2021] [1, 4, 14, 140, 1505, 4872, 8008, 3488, 400]
[R Thu Dec  9 10:27:20 2021] [1, 4, 14, 140, 385, -504, 44184, 13344, 400]
[R Thu Dec  9 10:27:26 2021] [1, 4, 42, 112, 1365, 2548, 9912, 8656, 576]
[R Thu Dec  9 10:27:26 2021] [1, 4, 42, 112, 805, 1428, 21112, 20416, 576]
[R Thu Dec  9 10:27:26 2021] [1, 4, 42, 112, -875, -1932, 7112, 8096, 576]
[R Thu Dec  9 10:27:27 2021] [1, 4, 70, 112, 1085, 1764, -784, 3920, 588]
[R Thu Dec  9 10:27:55 2021] [1, 4, 70, 252, 1085, -5264, 3864, 5440, 592]
[R Thu Dec  9 10:28:40 2021] [1, 4, 42, 252, -1155, -1512, 2072, 2656, 656]
[R Thu Dec  9 10:28:44 2021] [1, 4, 14, 140, 245, 560, 2800, 1000, 500]
[R Thu Dec  9 10:29:13 2021] [1, 4, 70, -28, 1225, -16464, 30184, 4480, 672]
[R Thu Dec  9 10:29:38 2021] [1, 4, 42, -28, -175, -5432, 8372, -344, 696]
[R Thu Dec  9 10:29:57 2021] [1, 4, 42, 112, 3045, 5908, 24472, 21536, 716]
[R Thu Dec  9 10:29:57 2021] [1, 4, 42, 112, 2205, 4228, 6272, 4176, 716]
[R Thu Dec  9 10:29:57 2021] [1, 4, 42, 112, 1365, 2548, 10472, 9216, 716]
[R Thu Dec  9 10:29:57 2021] [1, 4, 42, 112, -35, -252, 3472, 3616, 716]
[R Thu Dec  9 10:29:57 2021] [1, 4, 42, 112, -875, -1932, 7672, 8656, 716]
[R Thu Dec  9 10:29:57 2021] [1, 4, 42, 112, -1435, -3052, 18872, 20416, 716]
[R Thu Dec  9 10:30:20 2021] [1, 4, 14, 196, -735, -1344, 2184, 4944, 736]
[R Thu Dec  9 10:30:28 2021] [1, 4, 14, 140, 245, -672, 672, -5448, 580]
[R Thu Dec  9 10:30:56 2021] [1, 4, 70, 140, 945, 7336, 6384, 4640, 640]
[R Thu Dec  9 10:31:00 2021] [1, 4, 14, -140, -1575, -3360, 0, 160, 640]
[R Thu Dec  9 10:31:07 2021] [1, 4, 14, -84, -175, -616, 2296, -4704, 784]
[R Thu Dec  9 10:31:07 2021] [1, 4, 14, -84, -175, -1176, 5096, -4704, 784]
[R Thu Dec  9 10:31:07 2021] [1, 4, 14, -84, -2415, -1176, 32536, -4704, 784]
[R Thu Dec  9 10:31:24 2021] [1, 4, 14, 140, 1225, 3864, 336, -2304, 640]
[R Thu Dec  9 10:31:50 2021] [1, 4, 42, 112, 3185, 6188, 24332, 21256, 856]
[R Thu Dec  9 10:31:50 2021] [1, 4, 42, 112, -455, -1092, 3332, 3896, 856]
[R Thu Dec  9 10:31:53 2021] [1, 4, 70, 420, 1785, 5152, 7448, 6480, 720]
[R Thu Dec  9 10:31:59 2021] [1, 4, 70, 252, 385, 504, -784, 1920, 848]
[R Thu Dec  9 10:32:25 2021] [1, 4, 14, 140, -735, 2856, -4536, 1664, 720]
[R Thu Dec  9 10:32:48 2021] [1, 4, 70, 420, 1365, 1848, 2072, -4000, 800]
[R Thu Dec  9 10:33:56 2021] [1, 4, 14, 196, -735, -1344, 2184, 4864, 976]
[R Thu Dec  9 10:34:09 2021] [1, 4, 42, 112, 2205, 4228, 7392, 5296, 996]
[R Thu Dec  9 10:34:09 2021] [1, 4, 42, 112, 1365, 2548, 11592, 10336, 996]
[R Thu Dec  9 10:34:09 2021] [1, 4, 42, 112, 805, 1428, 22792, 22096, 996]
[R Thu Dec  9 10:34:09 2021] [1, 4, 42, 112, -35, -252, 4592, 4736, 996]
[R Thu Dec  9 10:34:09 2021] [1, 4, 42, 112, -875, -1932, 8792, 9776, 996]
[R Thu Dec  9 10:34:32 2021] [1, 4, 70, -28, 1505, -3808, 11088, -14080, 1024]
[R Thu Dec  9 10:34:35 2021] [1, 4, 70, 252, 385, 4312, 6608, 3840, 1024]
[R Thu Dec  9 10:35:04 2021] [1, 4, 42, -168, 1785, -6300, 8820, -5400, 1080]
[R Thu Dec  9 10:35:37 2021] [1, 4, 70, 252, 665, -1288, -11592, -14480, 1104]
[R Thu Dec  9 10:35:43 2021] [1, 4, 14, -140, -1575, -3360, 0, 240, 960]
[R Thu Dec  9 10:35:55 2021] [1, 4, 42, 112, 3045, 5908, 26152, 23216, 1136]
[R Thu Dec  9 10:35:55 2021] [1, 4, 42, 112, 1365, 2548, 12152, 10896, 1136]
[R Thu Dec  9 10:35:55 2021] [1, 4, 42, 112, 945, 3668, 3192, -304, 1136]
[R Thu Dec  9 10:35:55 2021] [1, 4, 42, 112, -875, -1932, 9352, 10336, 1136]
[R Thu Dec  9 10:35:55 2021] [1, 4, 42, 112, -1435, -3052, 20552, 22096, 1136]
[R Thu Dec  9 10:36:05 2021] [1, 4, 42, 112, 1225, -1260, -1120, -1360, 1140]
[R Thu Dec  9 10:36:29 2021] [1, 4, 70, 0, 945, -4116, 8316, -5400, 1080]
[R Thu Dec  9 10:36:34 2021] [1, 4, 70, 140, 665, 1736, 2184, 2080, 1040]
[R Thu Dec  9 10:36:51 2021] [1, 4, 14, 0, -35, -644, -1596, -2376, 1080]
[R Thu Dec  9 10:37:06 2021] [1, 4, 14, 196, -735, -1344, 2184, 4784, 1216]
[R Thu Dec  9 10:37:48 2021] [1, 4, 42, 112, 805, 1428, 23912, 23216, 1276]
[R Thu Dec  9 10:37:48 2021] [1, 4, 42, 112, -1435, -3052, 21112, 22656, 1276]
[R Thu Dec  9 10:38:01 2021] [1, 4, 14, 140, 2065, -7224, -4536, -2016, 1120]
[R Thu Dec  9 10:38:09 2021] [1, 4, 14, 196, 665, 336, -336, -3456, 1296]
[R Thu Dec  9 10:38:19 2021] [1, 4, 14, -84, 105, -1848, 2688, -3872, 1312]
[R Thu Dec  9 10:38:44 2021] [1, 4, 14, 140, 385, 840, 3080, 3520, 1200]
[R Thu Dec  9 10:39:04 2021] [1, 4, 70, 420, 945, 1680, 0, -1920, 1280]
[R Thu Dec  9 10:39:10 2021] [1, 4, 70, -28, 385, 1456, -7056, 13200, 1392]
[R Thu Dec  9 10:39:16 2021] [1, 4, 42, 112, 2625, 5068, 15372, 12856, 1416]
[R Thu Dec  9 10:39:16 2021] [1, 4, 42, 112, 945, 1708, 23772, 22936, 1416]
[R Thu Dec  9 10:39:16 2021] [1, 4, 42, 112, 385, 588, 12572, 12296, 1416]
[R Thu Dec  9 10:39:16 2021] [1, 4, 42, 112, -455, -1092, 5572, 6136, 1416]
[R Thu Dec  9 10:39:16 2021] [1, 4, 42, 112, -1295, -2772, 20972, 22376, 1416]
[R Thu Dec  9 10:39:33 2021] [1, 4, 70, 252, 1785, 5432, 1848, -3760, 1424]
[R Thu Dec  9 10:39:39 2021] [1, 4, 70, 140, 1085, 5600, 11200, 8200, 1300]
[R Thu Dec  9 10:39:40 2021] [1, 4, 14, -84, 945, -56, 1176, 3296, 1424]
[R Thu Dec  9 10:39:47 2021] [1, 4, 14, -140, -1015, -4928, 7168, -3712, 1280]
[R Thu Dec  9 10:39:47 2021] [1, 4, 14, -140, -1575, -3360, 0, 320, 1280]
[R Thu Dec  9 10:39:48 2021] [1, 4, 14, 56, 245, 700, 280, 3760, 1460]
[R Thu Dec  9 10:40:00 2021] [1, 4, 14, 196, -735, -1344, 2184, 4704, 1456]
[R Thu Dec  9 10:40:15 2021] [1, 4, 70, -28, 1505, -6496, -4704, 960, 1488]
[R Thu Dec  9 10:40:26 2021] [1, 4, 42, 112, -875, 3780, -840, -1200, 1500]
[R Thu Dec  9 10:40:58 2021] [1, 4, 70, -28, 1505, -4144, 14224, -11120, 1552]
[R Thu Dec  9 10:41:03 2021] [1, 4, 42, 112, 2205, 4228, 9632, 7536, 1556]
[R Thu Dec  9 10:41:03 2021] [1, 4, 42, 112, 1365, 2548, 13832, 12576, 1556]
[R Thu Dec  9 10:41:03 2021] [1, 4, 42, 112, -35, -252, 6832, 6976, 1556]
[R Thu Dec  9 10:41:03 2021] [1, 4, 42, 112, -875, -1932, 11032, 12016, 1556]
[R Thu Dec  9 10:41:03 2021] [1, 4, 42, 112, -1435, -3052, 22232, 23776, 1556]
[R Thu Dec  9 10:42:26 2021] [1, 4, 14, -140, -455, -1456, -784, 16, 1520]
[R Thu Dec  9 10:42:27 2021] [1, 4, 42, 112, 805, 1428, 25592, 24896, 1696]
[R Thu Dec  9 10:42:27 2021] [1, 4, 42, 112, -1435, -3052, 22792, 24336, 1696]
[R Thu Dec  9 10:42:36 2021] [1, 4, 14, 196, -735, -1344, 2184, 4624, 1696]
[R Thu Dec  9 10:43:09 2021] [1, 4, 14, -140, -455, -1344, 8624, -17856, 1600]
[R Thu Dec  9 10:43:09 2021] [1, 4, 14, -140, -1575, -3360, 0, 400, 1600]
[R Thu Dec  9 10:43:24 2021] [1, 4, 14, 140, 105, -2856, 3136, -3744, 1600]
[R Thu Dec  9 10:43:24 2021] [1, 4, 14, 140, -735, -616, 12376, -8784, 1600]
[R Thu Dec  9 10:43:35 2021] [1, 4, 14, -84, -735, 952, 7448, 11088, 1792]
[R Thu Dec  9 10:43:46 2021] [1, 4, 14, -84, -175, -952, -1288, -2208, 1808]
[R Thu Dec  9 10:43:58 2021] [1, 4, 42, 112, 2205, 4228, 10752, 8656, 1836]
[R Thu Dec  9 10:43:58 2021] [1, 4, 42, 112, 1365, 2548, 14952, 13696, 1836]
[R Thu Dec  9 10:43:58 2021] [1, 4, 42, 112, 945, -252, -2688, -864, 1836]
[R Thu Dec  9 10:43:58 2021] [1, 4, 42, 112, 805, 1428, 26152, 25456, 1836]
[R Thu Dec  9 10:43:58 2021] [1, 4, 42, 112, -35, -252, 7952, 8096, 1836]
[R Thu Dec  9 10:43:58 2021] [1, 4, 42, 112, -875, -1932, 12152, 13136, 1836]
[R Thu Dec  9 10:44:15 2021] [1, 4, 14, 196, 105, 2576, 1904, 5504, 1856]
[R Thu Dec  9 10:44:16 2021] [1, 4, 14, -84, -315, -784, 1344, 3264, 1856]
[R Thu Dec  9 10:44:19 2021] [1, 4, 70, 252, 1785, 6216, 12824, 13600, 1872]
[R Thu Dec  9 10:44:24 2021] [1, 4, 14, 196, 385, 1232, 2408, 1728, 1872]
[R Thu Dec  9 10:44:42 2021] [1, 4, 14, 140, -175, 1512, 168, 1728, 1760]
[R Thu Dec  9 10:45:09 2021] [1, 4, 42, 112, 2625, 5068, 17612, 15096, 1976]
[R Thu Dec  9 10:45:09 2021] [1, 4, 42, 112, 1785, 3388, 10612, 8936, 1976]
[R Thu Dec  9 10:45:09 2021] [1, 4, 42, 112, 945, 1708, 26012, 25176, 1976]
[R Thu Dec  9 10:45:09 2021] [1, 4, 42, 112, 385, 588, 14812, 14536, 1976]
[R Thu Dec  9 10:45:09 2021] [1, 4, 42, 112, -1295, -2772, 23212, 24616, 1976]
[R Thu Dec  9 10:45:26 2021] [1, 4, 70, 252, 385, -168, -672, 1280, 1984]
[R Thu Dec  9 10:45:29 2021] [1, 4, 70, 0, 945, -1260, -5320, 6800, 2000]
[R Thu Dec  9 10:45:45 2021] [1, 4, 70, 420, 1505, 4480, 3360, 2720, 1920]
[R Thu Dec  9 10:45:55 2021] [1, 4, 70, 140, 1225, 2408, 4312, 11120, 1920]
[R Thu Dec  9 10:45:55 2021] [1, 4, 70, 140, -175, 840, -2240, 2720, 1920]
[R Thu Dec  9 10:46:18 2021] [1, 4, 14, -140, -1575, -3360, 0, 480, 1920]
[R Thu Dec  9 10:46:24 2021] [1, 4, 42, -28, 385, 504, -924, 2328, 2088]
[R Thu Dec  9 10:46:37 2021] [1, 4, 42, 112, -1435, -3052, 24472, 26016, 2116]
[R Thu Dec  9 10:46:52 2021] [1, 4, 14, 140, 665, 1400, 2800, 4000, 2000]
[R Thu Dec  9 10:46:56 2021] [1, 4, 14, -84, -455, -1736, -224, -3104, 2144]
[R Thu Dec  9 10:47:03 2021] [1, 4, 14, -140, -735, -2800, -1400, -1600, 2000]
[R Thu Dec  9 10:47:03 2021] [1, 4, 14, -140, -1295, 9296, -15176, 9824, 2000]
[R Thu Dec  9 10:47:03 2021] [1, 4, 42, 392, 2765, 3276, -11536, 18512, 2172]
[R Thu Dec  9 10:47:12 2021] [1, 4, 14, 196, -735, -1344, 2184, 4464, 2176]
[R Thu Dec  9 10:47:45 2021] [1, 4, 42, 112, 1365, 2548, 16632, 15376, 2256]
[R Thu Dec  9 10:47:45 2021] [1, 4, 42, 112, -875, -1932, 13832, 14816, 2256]
[R Thu Dec  9 10:48:42 2021] [1, 4, 14, 196, -1295, -7168, 23688, 3248, 2352]
[R Thu Dec  9 10:48:59 2021] [1, 4, 42, 112, 2205, 4228, 12992, 10896, 2396]
[R Thu Dec  9 10:48:59 2021] [1, 4, 42, 112, 1365, 2548, 17192, 15936, 2396]
[R Thu Dec  9 10:48:59 2021] [1, 4, 42, 112, -35, -252, 10192, 10336, 2396]
[R Thu Dec  9 10:48:59 2021] [1, 4, 42, 112, -875, -1932, 14392, 15376, 2396]
[R Thu Dec  9 10:49:06 2021] [1, 4, 14, -140, -1575, -3360, 0, 560, 2240]
[R Thu Dec  9 10:49:07 2021] [1, 4, 42, 112, -35, 2436, 1344, 4992, 2412]
[R Thu Dec  9 10:49:10 2021] [1, 4, 14, 196, -735, -1344, 2184, 4384, 2416]
[R Thu Dec  9 10:49:25 2021] [1, 4, 14, 56, 105, 700, 280, 1040, 2480]
[R Thu Dec  9 10:49:53 2021] [1, 4, 42, 112, -455, -1092, 10052, 10616, 2536]
[R Thu Dec  9 10:50:07 2021] [1, 4, 70, 112, 945, -1932, 3752, -7280, 2576]
[R Thu Dec  9 10:50:23 2021] [1, 4, 14, -84, -175, -504, 2744, -4256, 2576]
[R Thu Dec  9 10:50:56 2021] [1, 4, 14, -140, -175, 1120, 280, -3440, 2480]
[R Thu Dec  9 10:50:56 2021] [1, 4, 14, 196, -735, -1344, 2184, 4304, 2656]
[R Thu Dec  9 10:51:03 2021] [1, 4, 42, 112, 2205, 4228, 14112, 12016, 2676]
[R Thu Dec  9 10:51:03 2021] [1, 4, 42, 112, 1365, 2548, 18312, 17056, 2676]
[R Thu Dec  9 10:51:03 2021] [1, 4, 42, 112, -35, -252, 11312, 11456, 2676]
[R Thu Dec  9 10:51:03 2021] [1, 4, 42, 112, -875, -1932, 15512, 16496, 2676]
[R Thu Dec  9 10:51:23 2021] [1, 4, 14, -140, -1575, -3360, 0, 640, 2560]
[R Thu Dec  9 10:51:42 2021] [1, 4, 70, 140, 1225, -952, -2968, -3680, 2640]
[R Thu Dec  9 10:51:57 2021] [1, 4, 42, 112, 1365, 2548, 18872, 17616, 2816]
[R Thu Dec  9 10:51:57 2021] [1, 4, 42, 112, -875, -1932, 16072, 17056, 2816]
[R Thu Dec  9 10:52:06 2021] [1, 4, 14, -140, 945, -4256, 3976, 2816, 2640]
[R Thu Dec  9 10:52:11 2021] [1, 4, 70, -28, 665, -6496, 3976, -22640, 2848]
[R Thu Dec  9 10:52:34 2021] [1, 4, 14, 196, -735, -1344, 2184, 4224, 2896]
[R Thu Dec  9 10:52:53 2021] [1, 4, 14, 196, 105, 784, 1456, -384, 2944]
[R Thu Dec  9 10:53:37 2021] [1, 4, 14, -140, -1575, -3360, 0, 720, 2880]
[R Thu Dec  9 10:53:42 2021] [1, 4, 42, 112, 2625, 5068, 22092, 19576, 3096]
[R Thu Dec  9 10:53:42 2021] [1, 4, 42, 112, 385, 588, 19292, 19016, 3096]
[R Thu Dec  9 10:53:42 2021] [1, 4, 42, 112, -455, -1092, 12292, 12856, 3096]
[R Thu Dec  9 10:53:56 2021] [1, 4, 70, 392, 1925, 7364, 21476, 19640, 3128]
[R Thu Dec  9 10:54:05 2021] [1, 4, 14, 196, -735, -1344, 2184, 4144, 3136]
[R Thu Dec  9 10:54:16 2021] [1, 4, 70, 140, 105, -1736, -5544, -4000, 3040]
[R Thu Dec  9 10:54:20 2021] [1, 4, 14, -84, -1575, -8232, 9072, 3312, 3168]
[R Thu Dec  9 10:54:40 2021] [1, 4, 42, 112, 2205, 4228, 16352, 14256, 3236]
[R Thu Dec  9 10:54:40 2021] [1, 4, 42, 112, 1365, 2548, 20552, 19296, 3236]
[R Thu Dec  9 10:54:40 2021] [1, 4, 42, 112, -35, -252, 13552, 13696, 3236]
[R Thu Dec  9 10:54:40 2021] [1, 4, 42, 112, -875, -1932, 17752, 18736, 3236]
[R Thu Dec  9 10:54:56 2021] [1, 4, 14, 280, 1785, 5292, 8568, 7568, 3280]
[R Thu Dec  9 10:55:02 2021] [1, 4, 70, 420, 1785, 8400, 18200, 17600, 3200]
[R Thu Dec  9 10:55:13 2021] [1, 4, 70, 140, 1505, 504, -5264, -2560, 3200]
[R Thu Dec  9 10:55:29 2021] [1, 4, 14, 196, -735, -1344, 2184, 4064, 3376]
[R Thu Dec  9 10:55:31 2021] [1, 4, 42, 392, 1365, 3948, 2632, -5024, 3396]
[R Thu Dec  9 10:55:32 2021] [1, 4, 14, -140, 105, 1456, -4816, 7184, 3200]
[R Thu Dec  9 10:55:32 2021] [1, 4, 14, -140, -1575, -3360, 0, 800, 3200]
[R Thu Dec  9 10:56:10 2021] [1, 4, 14, 0, 245, 1764, 6776, 10896, 3460]
[R Thu Dec  9 10:56:13 2021] [1, 4, 42, 112, 2205, 4228, 17472, 15376, 3516]
[R Thu Dec  9 10:56:13 2021] [1, 4, 42, 112, 1365, 2548, 21672, 20416, 3516]
[R Thu Dec  9 10:56:13 2021] [1, 4, 42, 112, -35, -252, 14672, 14816, 3516]
[R Thu Dec  9 10:56:13 2021] [1, 4, 42, 112, -875, -1932, 18872, 19856, 3516]
[R Thu Dec  9 10:56:46 2021] [1, 4, 14, 196, -735, -1344, 2184, 3984, 3616]
[R Thu Dec  9 10:56:51 2021] [1, 4, 42, 112, 2625, 5068, 24332, 21816, 3656]
[R Thu Dec  9 10:56:51 2021] [1, 4, 42, 112, 1785, 3388, 17332, 15656, 3656]
[R Thu Dec  9 10:56:51 2021] [1, 4, 42, 112, 385, 588, 21532, 21256, 3656]
[R Thu Dec  9 10:56:53 2021] [1, 4, 70, 420, 1225, 3472, 728, 11520, 3520]
[R Thu Dec  9 10:57:00 2021] [1, 4, 70, 252, 1085, 6272, 15288, 14720, 3664]
[R Thu Dec  9 10:57:10 2021] [1, 4, 14, -140, -1575, -3360, 0, 880, 3520]
[R Thu Dec  9 10:57:34 2021] [1, 4, 42, 112, 1225, 5796, 9464, 7472, 3792]
[R Thu Dec  9 10:57:35 2021] [1, 4, 14, 140, 385, 1288, 1512, 2272, 3600]
[R Thu Dec  9 10:57:59 2021] [1, 4, 14, 196, -735, -1344, 2184, 3904, 3856]
[R Thu Dec  9 10:58:16 2021] [1, 4, 42, 112, 1365, 2548, 23352, 22096, 3936]
[R Thu Dec  9 10:58:16 2021] [1, 4, 42, 112, -875, -1932, 20552, 21536, 3936]
[R Thu Dec  9 10:58:19 2021] [1, 4, 70, 252, 945, 168, -1008, -11280, 3936]
[R Thu Dec  9 10:58:45 2021] [1, 4, 70, 420, 2625, 14112, 25088, 15680, 3920]
[R Thu Dec  9 10:58:45 2021] [1, 4, 14, 140, 105, 952, 2688, 1408, 3840]
[R Thu Dec  9 10:58:47 2021] [1, 4, 14, -140, -1575, -3360, 0, 960, 3840]
[R Thu Dec  9 10:58:49 2021] [1, 4, 14, 196, 105, 1232, 1008, -4032, 4032]
[R Thu Dec  9 10:58:58 2021] [1, 4, 42, 112, 2205, 4228, 19712, 17616, 4076]
[R Thu Dec  9 10:58:58 2021] [1, 4, 42, 112, 1365, 2548, 23912, 22656, 4076]
[R Thu Dec  9 10:58:58 2021] [1, 4, 42, 112, -35, -252, 16912, 17056, 4076]
[R Thu Dec  9 10:58:58 2021] [1, 4, 42, 112, -875, -1932, 21112, 22096, 4076]
[R Thu Dec  9 10:59:05 2021] [1, 4, 14, 196, 105, 1456, 8064, 1024, 4096]
[R Thu Dec  9 10:59:05 2021] [1, 4, 14, 196, -735, -1344, 2184, 3824, 4096]
[R Thu Dec  9 10:59:10 2021] [1, 4, 14, -140, -735, -2128, -2072, 448, 3920]
[R Thu Dec  9 10:59:19 2021] [1, 4, 14, -84, -455, -1736, -784, 896, 4144]
[R Thu Dec  9 10:59:27 2021] [1, 4, 14, -140, -455, -784, 3584, 7664, 4000]
[R Thu Dec  9 10:59:31 2021] [1, 4, 42, 112, -455, -1092, 16772, 17336, 4216]
[R Thu Dec  9 11:00:09 2021] [1, 4, 14, 196, -735, -1344, 2184, 3744, 4336]
[R Thu Dec  9 11:00:13 2021] [1, 4, 42, 112, 2205, 4228, 20832, 18736, 4356]
[R Thu Dec  9 11:00:13 2021] [1, 4, 42, 112, 1365, 2548, 25032, 23776, 4356]
[R Thu Dec  9 11:00:13 2021] [1, 4, 42, 112, -35, -252, 18032, 18176, 4356]
[R Thu Dec  9 11:00:13 2021] [1, 4, 42, 112, -875, -1932, 22232, 23216, 4356]
[R Thu Dec  9 11:00:14 2021] [1, 4, 14, -140, -1575, -3360, 0, 1040, 4160]
[R Thu Dec  9 11:00:30 2021] [1, 4, 14, 196, 105, 1456, 4144, 5024, 4416]
[R Thu Dec  9 11:00:37 2021] [1, 4, 14, 140, -735, -2744, 1064, 7584, 4240]
[R Thu Dec  9 11:00:45 2021] [1, 4, 42, 112, 1365, 2548, 25592, 24336, 4496]
[R Thu Dec  9 11:00:45 2021] [1, 4, 42, 112, -875, -1932, 22792, 23776, 4496]
[R Thu Dec  9 11:00:51 2021] [1, 4, 14, -84, 665, 1176, 1904, 8544, 4496]
[R Thu Dec  9 11:01:10 2021] [1, 4, 14, 196, -735, -1344, 2184, 3664, 4576]
[R Thu Dec  9 11:01:14 2021] [1, 4, 70, 420, 1505, 6496, 14224, 14560, 4480]
[R Thu Dec  9 11:01:21 2021] [1, 4, 14, -84, -175, -1176, 1736, 7456, 4624]
[R Thu Dec  9 11:01:27 2021] [1, 4, 14, -140, -1575, -3360, 0, 1120, 4480]
[R Thu Dec  9 11:01:30 2021] [1, 4, 42, 252, 1225, 2912, -1652, -7976, 4664]
[R Thu Dec  9 11:01:50 2021] [1, 4, 42, 112, 385, 588, 26012, 25736, 4776]
[R Thu Dec  9 11:01:50 2021] [1, 4, 42, 112, -455, -1092, 19012, 19576, 4776]
[R Thu Dec  9 11:01:51 2021] [1, 4, 14, -140, -175, 560, 840, 3520, 4560]
[R Thu Dec  9 11:01:51 2021] [1, 4, 14, 140, -175, 616, 6104, -1856, 4560]
[R Thu Dec  9 11:01:56 2021] [1, 4, 70, 140, 665, 3752, 9128, 10400, 4640]
[R Thu Dec  9 11:02:05 2021] [1, 4, 14, 196, -735, -1344, 2184, 3584, 4816]
[R Thu Dec  9 11:02:11 2021] [1, 4, 70, 140, 665, 4424, 5656, 16720, 4720]
[R Thu Dec  9 11:02:11 2021] [1, 4, 14, -140, -1015, -3808, -6272, -5952, 4640]
[R Thu Dec  9 11:02:16 2021] [1, 4, 14, -84, -455, -616, 896, 21376, 4864]
[R Thu Dec  9 11:02:16 2021] [1, 4, 70, 252, 1785, -840, -5320, 7520, 4880]
[R Thu Dec  9 11:02:25 2021] [1, 4, 42, 112, 2205, 4228, 23072, 20976, 4916]
[R Thu Dec  9 11:02:25 2021] [1, 4, 42, 112, 1365, 2548, 27272, 26016, 4916]
[R Thu Dec  9 11:02:25 2021] [1, 4, 42, 112, -35, -252, 20272, 20416, 4916]
[R Thu Dec  9 11:02:25 2021] [1, 4, 42, 112, -875, -1932, 24472, 25456, 4916]
[R Thu Dec  9 11:02:44 2021] [1, 4, 14, -140, -1015, -6608, 7168, -20192, 4800]
[R Thu Dec  9 11:02:44 2021] [1, 4, 14, -140, -1575, -3360, 0, 1200, 4800]
[R Thu Dec  9 11:02:56 2021] [1, 4, 14, 196, 665, -224, -2576, 704, 5056]
[R Thu Dec  9 11:02:56 2021] [1, 4, 14, 196, -735, -1344, 2184, 3504, 5056]
[R Thu Dec  9 11:03:24 2021] [1, 4, 42, 112, 2205, 4228, 24192, 22096, 5196]
[R Thu Dec  9 11:03:24 2021] [1, 4, 42, 112, 1365, 2548, 28392, 27136, 5196]
[R Thu Dec  9 11:03:24 2021] [1, 4, 42, 112, -35, -252, 21392, 21536, 5196]
[R Thu Dec  9 11:03:24 2021] [1, 4, 42, 112, -875, -1932, 25592, 26576, 5196]
[R Thu Dec  9 11:03:28 2021] [1, 4, 42, 112, -455, -2940, -8960, -14480, 5220]
[R Thu Dec  9 11:03:36 2021] [1, 4, 70, 140, 385, 2296, -5376, 3520, 5120]
[R Thu Dec  9 11:03:42 2021] [1, 4, 70, 252, 945, 1176, 10584, -17640, 5292]
[R Thu Dec  9 11:03:44 2021] [1, 4, 14, 196, -735, -1344, 2184, 3424, 5296]
[R Thu Dec  9 11:03:46 2021] [1, 4, 42, 112, 1785, 3388, 24052, 22376, 5336]
[R Thu Dec  9 11:03:46 2021] [1, 4, 42, 112, 385, 588, 28252, 27976, 5336]
[R Thu Dec  9 11:03:47 2021] [1, 4, 42, -28, 945, 2520, 7560, 14040, 5340]
[R Thu Dec  9 11:03:51 2021] [1, 4, 14, -140, -1575, -3360, 0, 1280, 5120]
[R Thu Dec  9 11:04:02 2021] [1, 4, 14, -140, -735, -1568, -8232, -14912, 5200]
[R Thu Dec  9 11:04:10 2021] [1, 4, 14, -84, 945, 4424, 5656, -20064, 5424]
[R Thu Dec  9 11:04:10 2021] [1, 4, 14, 140, 805, 9072, 15848, 3008, 5200]
[R Thu Dec  9 11:04:10 2021] [1, 4, 14, 140, 525, 7840, 19880, -1920, 5200]
[R Thu Dec  9 11:04:13 2021] [1, 4, 70, 252, 1505, 5768, 6832, 5200, 5456]
[R Thu Dec  9 11:04:30 2021] [1, 4, 14, 196, -735, -1344, 2184, 3344, 5536]
[R Thu Dec  9 11:04:41 2021] [1, 4, 42, 112, 1365, 2548, 30072, 28816, 5616]
[R Thu Dec  9 11:04:41 2021] [1, 4, 42, 112, -875, -1932, 27272, 28256, 5616]
[R Thu Dec  9 11:04:48 2021] [1, 4, 14, -140, -1575, -3360, 0, 1360, 5440]
[R Thu Dec  9 11:05:09 2021] [1, 4, 42, 112, 2205, 4228, 26432, 24336, 5756]
[R Thu Dec  9 11:05:09 2021] [1, 4, 42, 112, 1365, 2548, 30632, 29376, 5756]
[R Thu Dec  9 11:05:09 2021] [1, 4, 42, 112, -35, -252, 23632, 23776, 5756]
[R Thu Dec  9 11:05:09 2021] [1, 4, 42, 112, -875, -1932, 27832, 28816, 5756]
[R Thu Dec  9 11:05:14 2021] [1, 4, 14, 196, -735, -1344, 2184, 3264, 5776]
[R Thu Dec  9 11:05:27 2021] [1, 4, 70, 420, 1785, 8736, 18984, 18240, 5760]
[R Thu Dec  9 11:05:30 2021] [1, 4, 42, 112, -455, -1092, 23492, 24056, 5896]
[R Thu Dec  9 11:05:32 2021] [1, 4, 70, 140, 945, 2856, 2464, 16000, 5760]
[R Thu Dec  9 11:05:32 2021] [1, 4, 70, 140, 385, 2744, -5264, -3040, 5760]
[R Thu Dec  9 11:05:45 2021] [1, 4, 14, -140, -1575, -3360, 0, 1440, 5760]
[R Thu Dec  9 11:05:55 2021] [1, 4, 14, 196, -735, -1344, 2184, 3184, 6016]
[R Thu Dec  9 11:05:57 2021] [1, 4, 42, 112, 2205, 4228, 27552, 25456, 6036]
[R Thu Dec  9 11:05:57 2021] [1, 4, 42, 112, 1365, 2548, 31752, 30496, 6036]
[R Thu Dec  9 11:05:57 2021] [1, 4, 42, 112, -35, -252, 24752, 24896, 6036]
[R Thu Dec  9 11:05:57 2021] [1, 4, 42, 112, -875, -1932, 28952, 29936, 6036]
[R Thu Dec  9 11:05:58 2021] [1, 4, 14, -84, 385, 10472, 18648, -22432, 6032]
[R Thu Dec  9 11:06:18 2021] [1, 4, 14, -140, 385, 2352, -3472, -8952, 5940]
[R Thu Dec  9 11:06:19 2021] [1, 4, 42, 112, 1365, 2548, 32312, 31056, 6176]
[R Thu Dec  9 11:06:19 2021] [1, 4, 42, 112, -875, -1932, 29512, 30496, 6176]
[R Thu Dec  9 11:06:35 2021] [1, 4, 14, 196, -735, -1344, 2184, 3104, 6256]
[R Thu Dec  9 11:06:40 2021] [1, 4, 14, -140, -1575, -3360, 0, 1520, 6080]
[R Thu Dec  9 11:06:56 2021] [1, 4, 70, 252, 945, 2520, -2800, -9600, 6400]
[R Thu Dec  9 11:07:01 2021] [1, 4, 42, 112, -455, -1092, 25732, 26296, 6456]
[R Thu Dec  9 11:07:03 2021] [1, 4, 14, -224, -175, 2380, -700, -7000, 6440]
[R Thu Dec  9 11:07:05 2021] [1, 4, 70, 252, 945, 3192, 3248, 8000, 6464]
[R Thu Dec  9 11:07:08 2021] [1, 4, 14, -84, 105, 1624, 5936, 12256, 6464]
[R Thu Dec  9 11:07:12 2021] [1, 4, 14, 196, -735, -1344, 2184, 3024, 6496]
[R Thu Dec  9 11:07:25 2021] [1, 4, 42, 112, 2205, 4228, 29792, 27696, 6596]
[R Thu Dec  9 11:07:25 2021] [1, 4, 42, 112, -35, -252, 26992, 27136, 6596]
[R Thu Dec  9 11:07:25 2021] [1, 4, 14, -140, -1575, -3360, 0, 1600, 6400]
[R Thu Dec  9 11:07:31 2021] [1, 4, 14, 140, 105, 952, 3248, 6528, 6400]
[R Thu Dec  9 11:07:36 2021] [1, 4, 14, -84, -315, 1680, 0, -6840, 6660]
[R Thu Dec  9 11:07:47 2021] [1, 4, 14, 196, -735, -1344, 2184, 2944, 6736]
[R Thu Dec  9 11:08:05 2021] [1, 4, 42, 112, 2205, 4228, 30912, 28816, 6876]
[R Thu Dec  9 11:08:05 2021] [1, 4, 42, 112, -35, -252, 28112, 28256, 6876]
[R Thu Dec  9 11:08:13 2021] [1, 4, 14, -140, -1575, -3360, 0, 1680, 6720]
[R Thu Dec  9 11:08:19 2021] [1, 4, 14, 196, -735, -1344, 2184, 2864, 6976]
[R Thu Dec  9 11:08:20 2021] [1, 4, 42, 112, 1785, 3388, 30772, 29096, 7016]
[R Thu Dec  9 11:08:41 2021] [1, 4, 14, 196, -35, 1400, 2520, 13160, 7140]
[R Thu Dec  9 11:08:49 2021] [1, 4, 14, 196, 1505, 5600, -5320, -2400, 7200]
[R Thu Dec  9 11:08:51 2021] [1, 4, 14, 196, -735, -1344, 2184, 2784, 7216]
[R Thu Dec  9 11:08:57 2021] [1, 4, 14, 196, -175, 1344, 616, 1536, 7264]
[R Thu Dec  9 11:08:58 2021] [1, 4, 14, -140, -1575, -3360, 0, 1760, 7040]
[R Thu Dec  9 11:09:05 2021] [1, 4, 14, -140, -595, 56, 14784, -24216, 7100]
[R Thu Dec  9 11:09:06 2021] [1, 4, 14, 196, 105, 1008, 12432, 3232, 7328]
[R Thu Dec  9 11:09:12 2021] [1, 4, 42, 112, 245, 7364, 2296, -5232, 7408]
[R Thu Dec  9 11:09:16 2021] [1, 4, 14, -140, 105, -2240, 9520, -13600, 7200]
[R Thu Dec  9 11:09:18 2021] [1, 4, 42, 112, 2205, 4228, 33152, 31056, 7436]
[R Thu Dec  9 11:09:18 2021] [1, 4, 42, 112, -35, -252, 30352, 30496, 7436]
[R Thu Dec  9 11:09:20 2021] [1, 4, 14, -140, -1155, -10696, -20664, -13224, 7220]
[R Thu Dec  9 11:09:21 2021] [1, 4, 14, 196, -735, -1344, 2184, 2704, 7456]
[R Thu Dec  9 11:09:25 2021] [1, 4, 14, -84, -315, 448, 2912, 9152, 7488]
[R Thu Dec  9 11:09:32 2021] [1, 4, 42, 112, -455, -1092, 30212, 30776, 7576]
[R Thu Dec  9 11:09:33 2021] [1, 4, 14, -140, -1575, -3360, 0, 1840, 7360]
[R Thu Dec  9 11:09:44 2021] [1, 4, 14, 140, 385, -1288, -5432, -4832, 7440]
[R Thu Dec  9 11:09:50 2021] [1, 4, 14, 196, -735, -1344, 2184, 2624, 7696]
[R Thu Dec  9 11:09:51 2021] [1, 4, 42, 112, 2205, 4228, 34272, 32176, 7716]
[R Thu Dec  9 11:09:51 2021] [1, 4, 42, 112, -35, -252, 31472, 31616, 7716]
[R Thu Dec  9 11:09:53 2021] [1, 4, 42, 112, 245, -6748, -18872, -11616, 7744]
[R Thu Dec  9 11:10:13 2021] [1, 4, 14, -140, -1575, -3360, 0, 1920, 7680]
[R Thu Dec  9 11:10:18 2021] [1, 4, 14, 196, -735, -1344, 2184, 2544, 7936]
[R Thu Dec  9 11:10:22 2021] [1, 4, 14, -140, -735, -2576, -3864, 1856, 7760]
[R Thu Dec  9 11:10:35 2021] [1, 4, 70, 420, 1785, 8400, 18200, 18800, 8000]
[R Thu Dec  9 11:10:37 2021] [1, 4, 42, 112, -455, -1092, 32452, 33016, 8136]
[R Thu Dec  9 11:10:38 2021] [1, 4, 14, -84, 105, -5768, 11648, 9728, 8112]
[R Thu Dec  9 11:10:45 2021] [1, 4, 14, 196, -735, -1344, 2184, 2464, 8176]
[R Thu Dec  9 11:10:49 2021] [1, 4, 14, -140, -1575, -3360, 0, 2000, 8000]
[R Thu Dec  9 11:10:50 2021] [1, 4, 42, 252, 245, 5208, 5152, -17984, 8256]
[R Thu Dec  9 11:10:55 2021] [1, 4, 42, 112, 2205, 4228, 36512, 34416, 8276]
[R Thu Dec  9 11:10:55 2021] [1, 4, 42, 112, -35, -252, 33712, 33856, 8276]
[R Thu Dec  9 11:11:02 2021] [1, 4, 42, 112, 805, 756, 1624, 13792, 8352]
[R Thu Dec  9 11:11:08 2021] [1, 4, 14, -84, -175, 1624, -504, -1264, 8384]
[R Thu Dec  9 11:11:11 2021] [1, 4, 14, 196, -735, -1344, 2184, 2384, 8416]
[R Thu Dec  9 11:11:21 2021] [1, 4, 14, -140, -1575, -3360, 0, 2080, 8320]
[R Thu Dec  9 11:11:25 2021] [1, 4, 14, 140, 385, 952, 4088, 10928, 8320]
[R Thu Dec  9 11:11:30 2021] [1, 4, 70, 140, 1225, -168, 2968, -12720, 8480]
[R Thu Dec  9 11:11:35 2021] [1, 4, 14, 196, -735, -1344, 2184, 2304, 8656]
[R Thu Dec  9 11:11:36 2021] [1, 4, 14, 0, -35, -588, -952, -5552, 8620]
[R Thu Dec  9 11:11:55 2021] [1, 4, 14, -140, -1575, -3360, 0, 2160, 8640]
[R Thu Dec  9 11:11:58 2021] [1, 4, 14, 196, -735, -1344, 2184, 2224, 8896]
[R Thu Dec  9 11:12:04 2021] [1, 4, 14, 196, -455, -5040, 1680, 24640, 8960]
[R Thu Dec  9 11:12:11 2021] [1, 4, 42, -28, 525, 224, -4984, -192, 9088]
[R Thu Dec  9 11:12:21 2021] [1, 4, 14, 196, 1785, 9632, 23968, 22448, 9152]
[R Thu Dec  9 11:12:25 2021] [1, 4, 14, -140, -1575, -3360, 0, 2240, 8960]
[R Thu Dec  9 11:12:42 2021] [1, 4, 14, -84, -455, -2632, -3808, -9408, 9408]
[R Thu Dec  9 11:12:50 2021] [1, 4, 14, -140, -1575, -3360, 0, 2320, 9280]
[R Thu Dec  9 11:12:58 2021] [1, 4, 14, 196, 1225, 784, -6664, -2744, 9604]
[R Thu Dec  9 11:12:59 2021] [1, 4, 14, -84, -735, -504, 3864, 14304, 9616]
[R Thu Dec  9 11:13:01 2021] [1, 4, 14, -84, 245, -7056, -7784, 4056, 9644]
[R Thu Dec  9 11:13:16 2021] [1, 4, 14, -140, -735, -2800, 2520, 10240, 9600]
[R Thu Dec  9 11:13:16 2021] [1, 4, 14, -140, -1575, -3360, 0, 2400, 9600]
[R Thu Dec  9 11:13:28 2021] [1, 4, 14, 196, -455, 3584, -4704, 18176, 9984]
[R Thu Dec  9 11:13:38 2021] [1, 4, 14, 140, 665, 3304, 9856, 15696, 9920]
[R Thu Dec  9 11:13:41 2021] [1, 4, 14, -140, -1575, -3360, 0, 2480, 9920]
[R Thu Dec  9 11:13:48 2021] [1, 4, 14, 140, 385, 840, 4200, 11040, 10000]
[R Thu Dec  9 11:14:02 2021] [1, 4, 14, -140, -1575, -3360, 0, 2560, 10240]
[R Thu Dec  9 11:14:03 2021] [1, 4, 14, 280, 1085, -644, -6496, -1056, 10420]
[R Thu Dec  9 11:14:15 2021] [1, 4, 14, -84, -455, -5096, 21056, -2944, 10624]
[R Thu Dec  9 11:14:27 2021] [1, 4, 14, -140, 105, -1232, 2352, 512, 10560]
[R Thu Dec  9 11:14:27 2021] [1, 4, 14, -140, -1575, -3360, 0, 2640, 10560]
[R Thu Dec  9 11:14:31 2021] [1, 4, 14, -140, 385, -112, 392, -11648, 10640]
[R Thu Dec  9 11:14:47 2021] [1, 4, 14, -140, -1575, -3360, 0, 2720, 10880]
[R Thu Dec  9 11:15:00 2021] [1, 4, 14, -84, -455, 2072, 11088, 18368, 11312]
[R Thu Dec  9 11:15:02 2021] [1, 4, 14, 196, 1085, 4424, 12656, 20896, 11344]
[R Thu Dec  9 11:15:05 2021] [1, 4, 70, 140, 665, -952, 13272, -24480, 11280]
[R Thu Dec  9 11:15:06 2021] [1, 4, 14, -140, -1575, -3360, 0, 2800, 11200]
[R Thu Dec  9 11:15:09 2021] [1, 4, 14, 196, 105, 2576, 1904, 13504, 11456]
[R Thu Dec  9 11:15:15 2021] [1, 4, 70, 140, 665, 56, -6216, -640, 11440]
[R Thu Dec  9 11:15:17 2021] [1, 4, 14, -84, -735, -2520, 1960, 10880, 11600]
[R Thu Dec  9 11:15:27 2021] [1, 4, 14, -140, -1575, -3360, 0, 2880, 11520]
[R Thu Dec  9 11:15:29 2021] [1, 4, 14, 140, 245, -1904, -5936, 1024, 11600]
[R Thu Dec  9 11:15:37 2021] [1, 4, 14, 140, 385, 1512, 8568, 18208, 11680]
[R Thu Dec  9 11:15:44 2021] [1, 4, 14, -140, -1575, -3360, 0, 2960, 11840]
[R Thu Dec  9 11:15:45 2021] [1, 4, 70, 252, 1225, 1960, -15400, 13120, 12160]
[R Thu Dec  9 11:15:58 2021] [1, 4, 14, -140, -1575, -3360, 0, 3040, 12160]
[R Thu Dec  9 11:16:14 2021] [1, 4, 14, 140, 945, 4872, 11928, 20928, 12480]
[R Thu Dec  9 11:16:14 2021] [1, 4, 14, -140, -1575, -3360, 0, 3120, 12480]
[R Thu Dec  9 11:16:20 2021] [1, 4, 14, 196, 105, 224, -6384, 976, 12864]
[R Thu Dec  9 11:16:29 2021] [1, 4, 14, -140, -1575, -3360, 0, 3200, 12800]
[R Thu Dec  9 11:16:32 2021] [1, 4, 42, 112, -455, 756, -3416, 3232, 13152]
[R Thu Dec  9 11:16:36 2021] [1, 4, 14, -140, -315, 1512, -1512, -8352, 12960]
[R Thu Dec  9 11:16:36 2021] [1, 4, 14, -140, -455, -560, 6720, 20880, 12960]
[R Thu Dec  9 11:16:40 2021] [1, 4, 70, 252, 1225, 3864, 10696, 23520, 13328]
[R Thu Dec  9 11:16:42 2021] [1, 4, 14, -140, -1575, -3360, 0, 3280, 13120]
[R Thu Dec  9 11:16:43 2021] [1, 4, 42, 252, 105, 1344, 2856, -2152, 13428]
[R Thu Dec  9 11:16:46 2021] [1, 4, 14, -84, -455, -1064, 11424, -22816, 13456]
[R Thu Dec  9 11:16:49 2021] [1, 4, 14, 140, 1225, -1736, 12656, -27424, 13280]
[R Thu Dec  9 11:16:50 2021] [1, 4, 14, -84, 105, 56, 4144, -15376, 13536]
[R Thu Dec  9 11:16:55 2021] [1, 4, 14, 196, -175, -3136, 15176, 32256, 13664]
[R Thu Dec  9 11:16:57 2021] [1, 4, 14, -140, -1575, -3360, 0, 3360, 13440]
[R Thu Dec  9 11:16:59 2021] [1, 4, 14, 56, 105, 644, 756, 5336, 13784]
[R Thu Dec  9 11:17:04 2021] [1, 4, 14, 196, 945, 3248, 8232, 9072, 13888]
[R Thu Dec  9 11:17:10 2021] [1, 4, 14, -140, -1575, -3360, 0, 3440, 13760]
[R Thu Dec  9 11:17:16 2021] [1, 4, 14, 56, -875, 3444, -2884, -8984, 14184]
[R Thu Dec  9 11:17:17 2021] [1, 4, 70, 140, 945, -3192, 112, -23920, 14080]
[R Thu Dec  9 11:17:22 2021] [1, 4, 14, -140, -1575, -3360, 0, 3520, 14080]
[R Thu Dec  9 11:17:34 2021] [1, 4, 14, -140, -1575, -3360, 0, 3600, 14400]
[R Thu Dec  9 11:17:35 2021] [1, 4, 42, 252, 525, 5768, 24472, 33056, 14736]
[R Thu Dec  9 11:17:37 2021] [1, 4, 70, 140, 1505, -280, 1680, -17760, 14640]
[R Thu Dec  9 11:17:43 2021] [1, 4, 14, -140, -175, -896, 3976, -1184, 14640]
[R Thu Dec  9 11:17:46 2021] [1, 4, 14, -140, -1575, -3360, 0, 3680, 14720]
[R Thu Dec  9 11:17:48 2021] [1, 4, 42, -28, -35, 0, -1400, 17920, 15120]
[R Thu Dec  9 11:17:50 2021] [1, 4, 14, -84, -175, -1064, 1064, -4336, 15136]
[R Thu Dec  9 11:17:55 2021] [1, 4, 14, -140, -1575, -3360, 0, 3760, 15040]
[R Thu Dec  9 11:17:59 2021] [1, 4, 14, 196, 105, -3472, -2688, 20512, 15408]
[R Thu Dec  9 11:18:02 2021] [1, 4, 14, -84, -1015, -392, 11312, 26272, 15488]
[R Thu Dec  9 11:18:07 2021] [1, 4, 14, -140, -1575, -3360, 0, 3840, 15360]
[R Thu Dec  9 11:18:10 2021] [1, 4, 14, -140, -735, -2352, 8232, 18112, 15440]
[R Thu Dec  9 11:18:17 2021] [1, 4, 14, -140, -1575, -3360, 0, 3920, 15680]
[R Thu Dec  9 11:18:23 2021] [1, 4, 14, -140, -1015, -672, 12992, 32512, 15920]
[R Thu Dec  9 11:18:25 2021] [1, 4, 14, 196, -175, 2464, 17416, 29536, 16224]
[R Thu Dec  9 11:18:25 2021] [1, 4, 14, -140, -1575, -3360, 0, 4000, 16000]
[R Thu Dec  9 11:18:27 2021] [1, 4, 14, 140, 665, 7224, 30576, 31776, 16000]
[R Thu Dec  9 11:18:35 2021] [1, 4, 14, -140, -1575, -3360, 0, 4080, 16320]
[R Thu Dec  9 11:18:44 2021] [1, 4, 14, -84, -455, 1736, 1344, -11456, 16896]
[R Thu Dec  9 11:18:44 2021] [1, 4, 14, -140, -1575, -3360, 0, 4160, 16640]
[R Thu Dec  9 11:18:46 2021] [1, 4, 42, -28, -595, -2688, -2492, 3224, 16984]
[R Thu Dec  9 11:18:52 2021] [1, 4, 14, -140, -1575, -3360, 0, 4240, 16960]
[R Thu Dec  9 11:19:01 2021] [1, 4, 14, -140, -1575, -3360, 0, 4320, 17280]
[R Thu Dec  9 11:19:01 2021] [1, 4, 14, 140, 105, 1848, 2352, 8352, 17280]
[R Thu Dec  9 11:19:04 2021] [1, 4, 70, 140, 1785, -1288, 3528, 27320, 17580]
[R Thu Dec  9 11:19:05 2021] [1, 4, 14, -84, 665, 8008, 28672, 39152, 17728]
[R Thu Dec  9 11:19:09 2021] [1, 4, 14, -140, -455, 2240, 1120, -15200, 17600]
[R Thu Dec  9 11:19:09 2021] [1, 4, 14, -140, -1575, -3360, 0, 4400, 17600]
[R Thu Dec  9 11:19:11 2021] [1, 4, 14, 196, 105, 112, -112, -4192, 17952]
[R Thu Dec  9 11:19:15 2021] [1, 4, 14, 196, 525, -1176, -6384, 296, 18124]
[R Thu Dec  9 11:19:16 2021] [1, 4, 14, -140, -1575, -3360, 0, 4480, 17920]
[R Thu Dec  9 11:19:18 2021] [1, 4, 14, 140, 385, 2184, 6216, 1056, 18000]
[R Thu Dec  9 11:19:24 2021] [1, 4, 14, -140, -1575, -3360, 0, 4560, 18240]
[R Thu Dec  9 11:19:27 2021] [1, 4, 14, 140, -455, -504, 11704, -6776, 18340]
[R Thu Dec  9 11:19:29 2021] [1, 4, 14, -84, -315, 1232, 1008, -12672, 18752]
[R Thu Dec  9 11:19:31 2021] [1, 4, 14, -140, -1575, -3360, 0, 4640, 18560]
[R Thu Dec  9 11:19:37 2021] [1, 4, 14, -140, 105, -1568, 6608, -16672, 18880]
[R Thu Dec  9 11:19:37 2021] [1, 4, 14, -140, -1575, -3360, 0, 4720, 18880]
[R Thu Dec  9 11:19:40 2021] [1, 4, 70, 420, 2625, 13440, 26880, 21600, 19200]
[R Thu Dec  9 11:19:44 2021] [1, 4, 14, -140, -1575, -3360, 0, 4800, 19200]
[R Thu Dec  9 11:19:46 2021] [1, 4, 14, 196, 665, 784, -2464, -10784, 19584]
[R Thu Dec  9 11:19:47 2021] [1, 4, 14, -84, -315, -2240, 2240, 3960, 19620]
[R Thu Dec  9 11:19:50 2021] [1, 4, 14, -140, -1575, -3360, 0, 4880, 19520]
[R Thu Dec  9 11:19:56 2021] [1, 4, 14, -140, -1575, -3360, 0, 4960, 19840]
[R Thu Dec  9 11:19:58 2021] [1, 4, 14, 140, 245, 2016, 8064, 6464, 19920]
[R Thu Dec  9 11:20:02 2021] [1, 4, 14, -140, -1575, -3360, 0, 5040, 20160]
[R Thu Dec  9 11:20:06 2021] [1, 4, 14, 196, 665, 1792, 7168, 11888, 20672]
[R Thu Dec  9 11:20:08 2021] [1, 4, 14, -140, -1575, -3360, 0, 5120, 20480]
[R Thu Dec  9 11:20:11 2021] [1, 4, 14, 56, -455, 1092, -252, -2952, 20952]
[R Thu Dec  9 11:20:12 2021] [1, 4, 14, -140, -1575, -3360, 0, 5200, 20800]
[R Thu Dec  9 11:20:15 2021] [1, 4, 14, -84, -175, -1848, 728, 5728, 21232]
[R Thu Dec  9 11:20:18 2021] [1, 4, 14, -140, -1575, -3360, 0, 5280, 21120]
[R Thu Dec  9 11:20:21 2021] [1, 4, 14, 196, 105, 1792, 3808, 1328, 21552]
[R Thu Dec  9 11:20:23 2021] [1, 4, 14, -140, -1575, -3360, 0, 5360, 21440]
[R Thu Dec  9 11:20:25 2021] [1, 4, 14, 140, 385, 1400, 4200, 9440, 21520]
[R Thu Dec  9 11:20:27 2021] [1, 4, 14, -140, -1575, -3360, 0, 5440, 21760]
[R Thu Dec  9 11:20:29 2021] [1, 4, 14, 0, -595, -3276, -6664, -2864, 22060]
[R Thu Dec  9 11:20:29 2021] [1, 4, 14, -140, -735, -1456, -1624, 3136, 21840]
[R Thu Dec  9 11:20:32 2021] [1, 4, 14, -140, -1575, -3360, 0, 5520, 22080]
[R Thu Dec  9 11:20:34 2021] [1, 4, 14, -140, -735, -3136, -2744, 416, 22160]
[R Thu Dec  9 11:20:35 2021] [1, 4, 14, -84, -1295, -3528, 8568, 31808, 22512]
[R Thu Dec  9 11:20:36 2021] [1, 4, 14, 140, 105, -840, 6160, -23840, 22240]
[R Thu Dec  9 11:20:37 2021] [1, 4, 14, -84, -175, 1736, 6104, 26944, 22656]
[R Thu Dec  9 11:20:39 2021] [1, 4, 14, -84, 105, -1064, 3584, -14736, 22816]
[R Thu Dec  9 11:20:46 2021] [1, 4, 14, 196, 1225, 3248, 4592, 15072, 23328]
[R Thu Dec  9 11:20:50 2021] [1, 4, 14, -140, -455, -1792, 112, 352, 23360]
[R Thu Dec  9 11:20:53 2021] [1, 4, 14, -140, -175, -1120, 7560, -17760, 23600]
[R Thu Dec  9 11:20:53 2021] [1, 4, 42, 112, 805, -1260, 5320, -24800, 24000]
[R Thu Dec  9 11:21:01 2021] [1, 4, 14, 196, 385, 1568, 4312, 4192, 24608]
[R Thu Dec  9 11:21:16 2021] [1, 4, 42, -28, -455, -5992, -10948, 12616, 26216]
[R Thu Dec  9 11:21:26 2021] [1, 4, 14, -84, 105, 3080, 15680, 40160, 27360]
[R Thu Dec  9 11:21:30 2021] [1, 4, 14, -140, -175, 112, -2632, 5248, 27600]
[R Thu Dec  9 11:21:31 2021] [1, 4, 14, 140, 105, -2520, -5600, 7600, 27600]
[R Thu Dec  9 11:21:39 2021] [1, 4, 14, 196, 385, 1120, 11480, 38080, 29120]
[R Thu Dec  9 11:21:43 2021] [1, 4, 14, -84, -455, 1736, 1344, -8256, 29696]
[R Thu Dec  9 11:21:47 2021] [1, 4, 70, 252, 1785, 5208, -6328, -5920, 30416]
[R Thu Dec  9 11:21:52 2021] [1, 4, 14, 140, 245, -1456, -3584, 10216, 30980]
[R Thu Dec  9 11:21:52 2021] [1, 4, 14, 196, 385, -2464, -6776, 9664, 31376]
[R Thu Dec  9 11:22:00 2021] [1, 4, 14, -84, -175, -728, 1848, -6752, 32912]
[R Thu Dec  9 11:22:02 2021] [1, 4, 14, 140, 665, 1400, 5600, 24400, 33200]
[R Thu Dec  9 11:22:05 2021] [1, 4, 14, -140, -175, -1008, 1288, -3232, 34000]
[R Thu Dec  9 11:22:10 2021] [1, 4, 70, 252, 1785, 6216, 11144, 27680, 35792]
[R Thu Dec  9 11:22:13 2021] [1, 4, 14, -84, -455, -616, 896, 29376, 36864]
[R Thu Dec  9 11:22:15 2021] [1, 4, 14, 140, 105, -2520, -5600, 4400, 37200]
[R Thu Dec  9 11:22:17 2021] [1, 4, 14, -84, -735, -2520, -7560, -6240, 38320]
[R Thu Dec  9 11:22:20 2021] [1, 4, 14, 196, 665, 1904, 4816, 8896, 39504]
[R Thu Dec  9 11:22:25 2021] [1, 4, 14, 196, 665, 2464, 8736, 41376, 42304]
[R Thu Dec  9 11:22:25 2021] [1, 4, 14, 140, 385, 1064, 3976, 12416, 42160]
[R Thu Dec  9 11:22:26 2021] [1, 4, 14, 140, 665, 2520, 8400, 26000, 42400]
[R Thu Dec  9 11:22:40 2021] [1, 0, -42, -84, 525, 1932, -1680, -22944, -37548]
[R Thu Dec  9 11:22:50 2021] [1, 0, -42, -84, 245, 1596, 7560, 11488, -19964]
[R Thu Dec  9 11:22:50 2021] [1, 0, -42, -56, 385, 1568, 1960, -4736, -18368]
[R Thu Dec  9 11:22:52 2021] [1, 0, -42, -56, 945, 336, -3640, 17088, -17136]
[R Thu Dec  9 11:22:54 2021] [1, 0, -42, -56, 105, -672, 0, 1024, -16128]
[R Thu Dec  9 11:23:01 2021] [1, 0, -42, -84, 105, 2268, 840, -6576, -14112]
[R Thu Dec  9 11:23:11 2021] [1, 0, -42, -84, 525, 2268, 840, -8736, -12852]
[R Thu Dec  9 11:23:24 2021] [1, 0, -42, -84, 385, 1316, -840, -8512, -11284]
[R Thu Dec  9 11:23:28 2021] [1, 0, 42, -112, 525, -2856, 4480, -19392, -11088]
[R Thu Dec  9 11:23:29 2021] [1, 0, -42, -84, 105, 924, -3080, -4048, -10416]
[R Thu Dec  9 11:23:35 2021] [1, 0, -42, -84, 665, -868, -11480, -19744, -9968]
[R Thu Dec  9 11:23:39 2021] [1, 0, -42, -56, 665, 2184, 2380, -3928, -10024]
[R Thu Dec  9 11:23:45 2021] [1, 0, 42, -112, 525, -1848, -6720, -2496, -9744]
[R Thu Dec  9 11:24:00 2021] [1, 0, 42, -112, 1085, -2296, 11200, -10752, -8848]
[R Thu Dec  9 11:24:29 2021] [1, 0, -42, -56, 525, 504, -5040, -11448, -6804]
[R Thu Dec  9 11:24:34 2021] [1, 0, -42, -196, 665, 4620, 5320, -80, -6720]
[R Thu Dec  9 11:24:47 2021] [1, 0, -42, -84, 1225, -532, -4760, 10464, -6272]
[R Thu Dec  9 11:25:02 2021] [1, 0, -42, -84, -315, 308, -5880, 11664, -5712]
[R Thu Dec  9 11:26:18 2021] [1, 0, -42, -56, 1085, -280, -14000, 4440, -3780]
[R Thu Dec  9 11:26:26 2021] [1, 0, 42, -168, -735, 1344, 5040, 4608, -4032]
[R Thu Dec  9 11:26:40 2021] [1, 0, 42, -112, -35, 1176, -3920, 6272, -4032]
[R Thu Dec  9 11:26:48 2021] [1, 0, 42, -168, 1505, -2688, 9800, 3904, -3696]
[R Thu Dec  9 11:27:14 2021] [1, 0, 42, -112, -595, 7784, 38080, 12128, -3248]
[R Thu Dec  9 11:27:16 2021] [1, 0, -42, -56, 385, 2240, 840, -22400, -2800]
[R Thu Dec  9 11:27:18 2021] [1, 0, 42, -252, 1645, -924, 62300, -6808, -3192]
[R Thu Dec  9 11:27:30 2021] [1, 0, -42, -196, 105, 2268, -1400, -3456, -2688]
[R Thu Dec  9 11:27:42 2021] [1, 0, -42, -84, -315, 8988, -20720, 4464, -2772]
[R Thu Dec  9 11:27:51 2021] [1, 0, -42, -196, 105, -588, 53760, -3024, -2772]
[R Thu Dec  9 11:27:51 2021] [1, 0, -42, -196, -315, 252, 0, -4224, -2772]
[R Thu Dec  9 11:28:00 2021] [1, 0, 42, -28, 2485, -13244, -18900, 15272, -2968]
[R Thu Dec  9 11:28:11 2021] [1, 0, 42, -28, 2205, -14028, -5880, 8064, -2016]
[R Thu Dec  9 11:28:16 2021] [1, 0, -42, -84, -735, -2268, -5040, -5184, -2268]
[R Thu Dec  9 11:28:20 2021] [1, 0, -42, -84, 105, 2604, 7000, 432, -2016]
[R Thu Dec  9 11:28:22 2021] [1, 0, -42, -84, 385, 1988, 4200, 3184, -2212]
[R Thu Dec  9 11:28:40 2021] [1, 0, -42, -84, -455, 1708, 19880, 17504, -1792]
[R Thu Dec  9 11:28:51 2021] [1, 0, 42, -168, 1365, -6048, 9240, -12256, -2016]
[R Thu Dec  9 11:29:46 2021] [1, 0, 42, -112, -35, -56, -5040, -5552, -1568]
[R Thu Dec  9 11:29:51 2021] [1, 0, -42, -84, 665, -2100, -5320, -3760, -1120]
[R Thu Dec  9 11:30:06 2021] [1, 0, -42, -84, 105, -1428, -4200, -3584, -1008]
[R Thu Dec  9 11:30:22 2021] [1, 0, -42, -196, 1225, -7364, -3080, -2432, -896]
[R Thu Dec  9 11:30:37 2021] [1, 0, -42, -56, 525, 1176, -1680, -5112, -756]
[R Thu Dec  9 11:30:56 2021] [1, 0, 42, -168, -735, 3696, -5040, 4032, -1008]
[R Thu Dec  9 11:31:06 2021] [1, 0, -42, -196, -1015, -5908, -17080, -6064, -672]
[R Thu Dec  9 11:31:13 2021] [1, 0, 42, -112, -595, 3528, -7280, 7616, -896]
[R Thu Dec  9 11:31:25 2021] [1, 0, -42, -84, 945, -7420, -25200, -7200, -700]
[R Thu Dec  9 11:32:33 2021] [1, 0, 42, -28, 105, 84, 4760, -2112, -252]
[R Thu Dec  9 11:32:46 2021] [1, 0, -42, -84, 1225, -2212, 4760, -3536, -112]
[R Thu Dec  9 11:32:46 2021] [1, 0, -42, -84, 105, 1148, -4200, -576, -112]
[R Thu Dec  9 11:32:52 2021] [1, 0, -42, -84, 525, 7308, -15120, 3744, -252]
[R Thu Dec  9 11:32:59 2021] [1, 0, 42, -168, 1365, 8512, 5320, -9616, -336]
[R Thu Dec  9 11:33:04 2021] [1, 0, 42, -112, 1085, -1736, -3920, 2208, -448]
[R Thu Dec  9 11:33:04 2021] [1, 0, 42, -112, -1155, -1736, 0, -4352, -448]
[R Thu Dec  9 11:34:11 2021] [1, 0, 42, -112, 525, -2352, 1960, -5544, -196]
[R Thu Dec  9 11:34:55 2021] [1, 0, 42, -392, 1085, -6104, 1120, 232, 28]
[R Thu Dec  9 11:35:25 2021] [1, 0, -42, -84, 385, 1876, 3640, 3568, 476]
[R Thu Dec  9 11:35:29 2021] [1, 0, 42, -168, -1155, -16296, -1960, 8, 28]
[R Thu Dec  9 11:36:24 2021] [1, 0, -42, -196, 805, 5012, -840, 3856, 1008]
[R Thu Dec  9 11:36:51 2021] [1, 0, -42, -196, 1225, 2660, -11200, 5920, 980]
[R Thu Dec  9 11:37:13 2021] [1, 0, -42, -84, -455, -2324, 840, -4192, 1456]
[R Thu Dec  9 11:37:25 2021] [1, 0, -42, -196, -595, -1148, -1400, -2304, 1568]
[R Thu Dec  9 11:37:34 2021] [1, 0, 42, -168, 245, -448, 840, -1536, 1344]
[R Thu Dec  9 11:37:37 2021] [1, 0, -42, -56, 525, 1176, -1960, 3528, 1764]
[R Thu Dec  9 11:37:48 2021] [1, 0, 42, -28, -735, 4452, -7280, 3504, 1764]
[R Thu Dec  9 11:38:06 2021] [1, 0, 42, -28, 1225, -476, 4200, 12608, 1988]
[R Thu Dec  9 11:39:43 2021] [1, 0, 42, -168, -315, 4032, -7560, 2304, 3024]
[R Thu Dec  9 11:39:48 2021] [1, 0, -42, -224, 105, 3864, -6160, -768, 3584]
[R Thu Dec  9 11:40:03 2021] [1, 0, -42, -56, 805, 3528, 6160, 6344, 3892]
[R Thu Dec  9 11:40:07 2021] [1, 0, -42, -196, -735, -4284, -14000, -14352, 3444]
[R Thu Dec  9 11:40:26 2021] [1, 0, -42, -56, 245, -1400, 12320, -11880, 4340]
[R Thu Dec  9 11:40:47 2021] [1, 0, -42, -56, 525, -1848, 7000, -8184, 4788]
[R Thu Dec  9 11:41:14 2021] [1, 0, -42, -224, 1225, 3528, 7840, -18816, 5488]
[R Thu Dec  9 11:41:29 2021] [1, 0, 42, -28, -455, 10108, 21420, 19256, 5096]
[R Thu Dec  9 11:41:32 2021] [1, 0, 42, -28, 525, -1596, 1960, -17952, 6048]
[R Thu Dec  9 11:41:33 2021] [1, 0, -42, -56, 525, 1176, -1540, -4632, 5544]
[R Thu Dec  9 11:41:36 2021] [1, 0, -42, -56, 385, 560, -1400, -1920, 6160]
[R Thu Dec  9 11:41:43 2021] [1, 0, -42, -84, 105, 3052, 9240, 12096, 6272]
[R Thu Dec  9 11:41:50 2021] [1, 0, 42, -112, 805, -112, 17920, 24856, 5964]
[R Thu Dec  9 11:42:00 2021] [1, 0, 42, -28, 105, 3164, 4060, 16088, 6328]
[R Thu Dec  9 11:42:02 2021] [1, 0, -42, -224, 805, 3808, 1680, -12776, 7028]
[R Thu Dec  9 11:42:05 2021] [1, 0, -42, -84, -315, -924, 2520, -5232, 7056]
[R Thu Dec  9 11:42:22 2021] [1, 0, -42, -196, 1085, 2492, 840, 20656, 7308]
[R Thu Dec  9 11:42:31 2021] [1, 0, -42, -196, 105, 3836, 12600, 7568, 8064]
[R Thu Dec  9 11:42:34 2021] [1, 0, 42, -112, -35, -7392, -4760, 1576, 7924]
[R Thu Dec  9 11:42:42 2021] [1, 0, -42, -196, -35, 1372, 3080, 6096, 8428]
[R Thu Dec  9 11:43:07 2021] [1, 0, -42, -56, 1085, -2184, 2380, -8072, 10024]
[R Thu Dec  9 11:43:12 2021] [1, 0, 42, -112, 525, -840, -1120, -5040, 10080]
[R Thu Dec  9 11:43:27 2021] [1, 0, 42, -112, 525, 784, 3640, -15832, 11452]
[R Thu Dec  9 11:43:32 2021] [1, 0, 42, -168, 805, -448, 1400, 16784, 11984]
[R Thu Dec  9 11:43:36 2021] [1, 0, -42, -84, -315, 3948, 11200, 20064, 12348]
[R Thu Dec  9 11:43:43 2021] [1, 0, -42, -84, 525, 2548, -2940, -11016, 13608]
[R Thu Dec  9 11:43:45 2021] [1, 0, 42, -112, 105, -1512, 10640, -21504, 13104]
[R Thu Dec  9 11:43:48 2021] [1, 0, -42, -56, 1085, 4872, 11340, 19656, 13608]
[R Thu Dec  9 11:43:57 2021] [1, 0, -42, -56, 665, 1456, -4480, -9312, 15344]
[R Thu Dec  9 11:43:58 2021] [1, 0, 42, -168, 245, -1680, 8680, -19200, 15120]
[R Thu Dec  9 11:43:59 2021] [1, 0, -42, -84, 665, -532, 3640, 11504, 15568]
[R Thu Dec  9 11:44:02 2021] [1, 0, -42, -84, 525, 644, -2380, -3048, 16184]
[R Thu Dec  9 11:44:09 2021] [1, 0, 42, -112, 385, -3192, 560, -14784, 17024]
[R Thu Dec  9 11:44:12 2021] [1, 0, -42, -196, 245, 5180, 9800, 1360, 17780]
[R Thu Dec  9 11:44:21 2021] [1, 0, -42, -84, 245, 2828, 10640, 14784, 20188]
[R Thu Dec  9 11:44:24 2021] [1, 0, 42, -28, 525, -2268, 4900, -20856, 20664]
[R Thu Dec  9 11:44:33 2021] [1, 0, 42, -112, 525, -3528, 3360, -28656, 27216]
[R Thu Dec  9 11:44:39 2021] [1, 0, -42, -56, 805, 1512, -11200, -1144, 55188]
Total elapsed time: 8635056496us
Server			Amount		Total Time (us)		Fastest Time (us)	Slowest Time (us)	Approx Avg Time (us)
Receive:        17961207        8837830398      0                       4087949                 492             
Source:         127             9313728         64907                   90614                   73336           
Index:          0               0               N/A                     N/A                     N/A             
Store:          0               0               N/A                     N/A                     N/A             
Workers			Amount		Total Time (us)		Fastest Time (us)	Slowest Time (us)	Approx Avg Time (us)
Workers:        127             1096630353550   0                       637                     8634884673      
Receive:        17961207        8837830398      0                       4087949                 492             
Send results:   931             28709           2                       151                     30              
Unit:           219368          1085206530898   22                      402385683               4946968         
Source:         127             9313728         64907                   90614                   73336           
Generate:       659202338568    524316144722    0                       2937303                 0               
Filter:         25105221128     339978267654    2                       7889681                 13              
Retrieve:       1201            1               0                       0                       0               
Evaluation:     686138638693    436786373626    0                       45013                   0               
Init:           5986584         11134172519     1                       7900264                 1859            
Test			Amount Tested	Total Time (us)	Fastest Time (us)	SlowestTime (us)	Approx Avg Time (us)
Disc:           659202338568    484800984875    0                       41008                   0               
Saved:          1201            1739            1                       40                      1               
