[I Sun Dec 12 09:22:54 2021] Program launch: 128 workers
[A Sun Dec 12 09:22:54 2021] ./bin/enum-debug -coeffs 1 -divisors 2,28,14,140,14,28,2,1 -discriminant -52706752000000 -input data/257/p2e12mod16_2d1_1d8.txt,data/257/p5e6mod25_2d1.txt,data/257/p7e7mod49_2d1.txt,data/257/p3e0mod3.txt -output data/output/257/1267/output1267_2d1_1d8.txt -tree data/257/treea8.txt -locked 4 -filter 11 
[R Sun Dec 12 09:24:17 2021] [1, 2, 0, 14, -560, -882, 6076, -2110, -39213]
[R Sun Dec 12 09:24:23 2021] [1, 2, 0, -70, -560, 462, 9604, 710, -35085]
[R Sun Dec 12 09:24:33 2021] [1, 2, 0, 14, 420, 966, 1932, 18570, -29801]
[R Sun Dec 12 09:24:45 2021] [1, 2, 0, -70, -560, -1386, -7812, -12690, -26325]
[R Sun Dec 12 09:24:48 2021] [1, 2, 0, 14, -560, -1890, 1260, 20610, -25245]
[R Sun Dec 12 09:25:08 2021] [1, 2, 0, -70, -140, -546, -12292, -4490, -21825]
[R Sun Dec 12 09:25:23 2021] [1, 2, 0, -70, 280, 350, -1820, -250, -19925]
[R Sun Dec 12 09:25:25 2021] [1, 2, 0, -70, -140, 182, 1204, -7170, -19625]
[R Sun Dec 12 09:25:39 2021] [1, 2, 28, 154, 420, 854, -2912, -1938, -18009]
[R Sun Dec 12 09:25:41 2021] [1, 2, 0, 14, 140, -1162, -1204, -790, -17953]
[R Sun Dec 12 09:25:46 2021] [1, 2, 0, 14, 140, -154, -4228, -17030, -17561]
[R Sun Dec 12 09:25:46 2021] [1, 2, 0, -70, -420, 4998, -16604, 14190, -17785]
[R Sun Dec 12 09:25:46 2021] [1, 2, 0, -126, 420, -4074, 4452, -10410, -17481]
[R Sun Dec 12 09:25:50 2021] [1, 2, 28, 154, 420, 294, 7168, 14142, -17209]
[R Sun Dec 12 09:25:52 2021] [1, 2, 0, 14, 140, 126, -868, -1950, -17081]
[R Sun Dec 12 09:26:36 2021] [1, 2, 28, 14, 1120, -1666, 9688, -12958, -14429]
[R Sun Dec 12 09:26:39 2021] [1, 2, 0, 70, 140, 966, 4172, 2050, -14625]
[R Sun Dec 12 09:26:59 2021] [1, 2, 0, 154, -140, 798, -84, 5670, -13433]
[R Sun Dec 12 09:27:04 2021] [1, 2, 0, 70, 700, 350, 3500, 10250, -13625]
[R Sun Dec 12 09:27:08 2021] [1, 2, 0, 154, -560, 2478, -5964, 10950, -13093]
[R Sun Dec 12 09:27:24 2021] [1, 2, 0, 210, 560, -1050, -1820, -4170, -12645]
[R Sun Dec 12 09:27:29 2021] [1, 2, 0, -126, 420, -3234, -8428, -25970, -12201]
[R Sun Dec 12 09:27:40 2021] [1, 2, 28, 14, 700, 2030, -5600, 21650, -11825]
[R Sun Dec 12 09:27:52 2021] [1, 2, 0, -70, 140, 70, -5180, 13950, -11825]
[R Sun Dec 12 09:28:04 2021] [1, 2, 0, -70, 140, 2310, -140, -4050, -11425]
[R Sun Dec 12 09:28:04 2021] [1, 2, 0, 154, -280, 1638, -8484, 16830, -11133]
[R Sun Dec 12 09:28:12 2021] [1, 2, 0, 14, 840, -2674, -868, 16050, -10901]
[R Sun Dec 12 09:28:25 2021] [1, 2, 0, -126, -140, -3402, -4844, -22010, -10553]
[R Sun Dec 12 09:28:45 2021] [1, 2, 28, 14, -280, -714, -11928, -13142, -9981]
[R Sun Dec 12 09:28:48 2021] [1, 2, 28, 14, -140, -1106, -5712, -17358, -9929]
[R Sun Dec 12 09:29:20 2021] [1, 2, 0, -70, -1400, -1890, -7420, -650, -9525]
[R Sun Dec 12 09:29:28 2021] [1, 2, 28, 154, 140, 1470, -5600, -13610, -8985]
[R Sun Dec 12 09:29:40 2021] [1, 2, 0, -210, -1120, -3122, -7924, -16750, -8965]
[R Sun Dec 12 09:29:55 2021] [1, 2, 0, 154, 840, -1442, -14364, -18810, -8493]
[R Sun Dec 12 09:30:14 2021] [1, 2, 0, 14, 140, 1526, -6748, 18890, -8161]
[R Sun Dec 12 09:30:48 2021] [1, 2, 0, 14, 560, -3290, 6020, -390, -7605]
[R Sun Dec 12 09:30:48 2021] [1, 2, 0, -126, -140, -658, 2324, 30, -7577]
[R Sun Dec 12 09:31:57 2021] [1, 2, 0, 154, -700, 4158, -12404, 16070, -6633]
[R Sun Dec 12 09:32:06 2021] [1, 2, 0, 70, 280, 406, -2268, 8850, -6765]
[R Sun Dec 12 09:32:09 2021] [1, 2, 28, 294, -420, 5334, -7112, 22322, -6449]
[R Sun Dec 12 09:32:24 2021] [1, 2, 0, 14, 140, 238, -1484, 5010, -6353]
[R Sun Dec 12 09:32:25 2021] [1, 2, 0, -70, 140, 350, 700, -3050, -6625]
[R Sun Dec 12 09:32:29 2021] [1, 2, 0, 154, 1820, 7350, 13300, 2750, -6225]
[R Sun Dec 12 09:32:37 2021] [1, 2, 0, -70, -420, -546, 588, -1130, -6425]
[R Sun Dec 12 09:33:37 2021] [1, 2, 0, -70, 0, -210, 1540, -250, -5925]
[R Sun Dec 12 09:34:51 2021] [1, 2, 0, 14, -140, -434, -1148, -4030, -5001]
[R Sun Dec 12 09:34:54 2021] [1, 2, 0, -210, 420, 2086, -5908, 6250, -5105]
[R Sun Dec 12 09:34:59 2021] [1, 2, 28, 154, -280, -9506, 26768, -5258, -4909]
[R Sun Dec 12 09:35:06 2021] [1, 2, 28, 154, 560, 1694, 2128, -2298, -4869]
[R Sun Dec 12 09:35:31 2021] [1, 2, 0, 70, -840, 2310, -2940, 4450, -4925]
[R Sun Dec 12 09:35:45 2021] [1, 2, 56, 70, 140, 966, 2772, 11506, -4785]
[R Sun Dec 12 09:36:03 2021] [1, 2, 0, 14, -140, 798, -84, -18750, -4593]
[R Sun Dec 12 09:36:23 2021] [1, 2, 28, 154, 980, 2086, 4592, 7198, -4441]
[R Sun Dec 12 09:37:28 2021] [1, 2, 0, -266, -2240, 3206, 26292, 7250, -4141]
[R Sun Dec 12 09:38:30 2021] [1, 2, 0, -70, -560, -1386, -5012, -3490, -4005]
[R Sun Dec 12 09:38:50 2021] [1, 2, 28, 154, 140, -2562, -3864, -3546, -3753]
[R Sun Dec 12 09:39:48 2021] [1, 2, 0, -266, 840, -322, 7196, -8230, -3573]
[R Sun Dec 12 09:44:19 2021] [1, 2, 0, 14, 1120, 3318, 6356, -16070, -2733]
[R Sun Dec 12 09:44:54 2021] [1, 2, 56, 322, 1260, 5278, 16156, 20238, -2609]
[R Sun Dec 12 09:45:25 2021] [1, 2, 56, 70, 280, 1302, -4116, 5842, -2645]
[R Sun Dec 12 09:46:01 2021] [1, 2, 56, 42, 980, 7574, -15652, 14014, -2457]
[R Sun Dec 12 09:47:21 2021] [1, 2, 0, 154, -280, -1442, 5796, -21450, -2293]
[R Sun Dec 12 09:47:30 2021] [1, 2, 0, -70, -140, 462, -196, 1030, -2385]
[R Sun Dec 12 09:47:44 2021] [1, 2, 56, 210, 560, 2254, 4508, -1666, -2205]
[R Sun Dec 12 09:49:40 2021] [1, 2, 0, -70, 1120, -2674, 252, 3750, -2125]
[R Sun Dec 12 09:49:42 2021] [1, 2, 0, -70, -1820, -9450, 980, 6190, -2145]
[R Sun Dec 12 09:50:17 2021] [1, 2, 56, -98, -420, 742, 1204, -1958, -1921]
[R Sun Dec 12 09:52:25 2021] [1, 2, 0, -70, -700, -2730, -5180, -4850, -1825]
[R Sun Dec 12 09:54:56 2021] [1, 2, 28, 14, -420, 2534, -11592, 16282, -1449]
[R Sun Dec 12 09:55:58 2021] [1, 2, 0, 210, 0, 910, -5740, 6590, -1485]
[R Sun Dec 12 09:56:40 2021] [1, 2, 0, 70, -280, 350, -2100, 330, -1405]
[R Sun Dec 12 09:57:58 2021] [1, 2, 56, -70, 420, -6538, 5404, -8258, -1305]
[R Sun Dec 12 09:58:33 2021] [1, 2, 0, 14, -140, -714, -868, -4070, -1161]
[R Sun Dec 12 09:59:55 2021] [1, 2, 56, 322, 2520, 14070, 34580, -8170, -1045]
[R Sun Dec 12 10:02:54 2021] [1, 2, 0, 70, 140, -378, -1876, 1330, -945]
[R Sun Dec 12 10:04:16 2021] [1, 2, 56, -210, 0, -714, 1092, -1014, -845]
[R Sun Dec 12 10:04:50 2021] [1, 2, 0, 154, -1120, -3682, 9156, 15030, -733]
[R Sun Dec 12 10:05:06 2021] [1, 2, 0, 210, 980, 1526, 2212, -6730, -825]
[R Sun Dec 12 10:05:24 2021] [1, 2, 28, -126, -140, -1106, -1512, -2658, -689]
[R Sun Dec 12 10:05:41 2021] [1, 2, 28, 154, 980, 3430, 7840, 10430, -665]
[R Sun Dec 12 10:06:41 2021] [1, 2, 0, 154, -840, 2086, -3108, 2430, -621]
[R Sun Dec 12 10:06:45 2021] [1, 2, 28, 154, 420, 8694, 37968, -658, -609]
[R Sun Dec 12 10:08:53 2021] [1, 2, 0, 14, -420, 126, -1148, 1570, -521]
[R Sun Dec 12 10:12:16 2021] [1, 2, 0, -350, -980, -3346, -4452, 590, -465]
[R Sun Dec 12 10:12:30 2021] [1, 2, 0, 350, 2380, 4662, 2044, 170, -465]
[R Sun Dec 12 10:13:04 2021] [1, 2, 0, 14, -140, -1050, -2100, -1590, -345]
[R Sun Dec 12 10:13:13 2021] [1, 2, 0, -350, 140, 16982, -5516, -90, -425]
[R Sun Dec 12 10:14:15 2021] [1, 2, 0, -266, -700, -2058, -756, 450, -297]
[R Sun Dec 12 10:15:09 2021] [1, 2, 0, -126, -140, 70, 420, -10, -265]
[R Sun Dec 12 10:15:13 2021] [1, 2, 0, 210, -700, -546, -3332, -610, -345]
[R Sun Dec 12 10:18:09 2021] [1, 2, 28, 14, 280, 14, -392, -1198, -149]
[R Sun Dec 12 10:19:08 2021] [1, 2, 0, 350, -980, 4326, -28, 10090, -225]
[R Sun Dec 12 10:19:09 2021] [1, 2, 0, 14, -140, -1386, -2212, -950, -129]
[R Sun Dec 12 10:19:20 2021] [1, 2, 28, -126, 420, -1162, 4816, -15866, -113]
[R Sun Dec 12 10:19:30 2021] [1, 2, 0, 294, 3080, 11942, 16604, -3870, -117]
[R Sun Dec 12 10:22:22 2021] [1, 2, 0, 14, 0, -322, 476, -30, -53]
[R Sun Dec 12 10:22:44 2021] [1, 2, 0, 70, 140, -658, 644, -70, -105]
[R Sun Dec 12 10:22:58 2021] [1, 2, 28, 154, 560, 1414, 2968, 3902, -29]
[R Sun Dec 12 10:23:09 2021] [1, 2, 0, -70, -140, 238, 1036, 2870, -105]
[R Sun Dec 12 10:23:46 2021] [1, 2, 0, 14, 1960, 2646, 2772, 1050, -21]
[R Sun Dec 12 10:24:53 2021] [1, 2, 0, 210, -700, 3878, -5684, 15350, -65]
[R Sun Dec 12 10:27:00 2021] [1, 2, 56, 322, 980, 6622, 11844, -17778, 39]
[R Sun Dec 12 10:29:03 2021] [1, 2, 56, -98, -140, -770, 420, -110, 95]
[R Sun Dec 12 10:31:03 2021] [1, 2, 56, -98, 280, -378, 364, -438, 139]
[R Sun Dec 12 10:32:58 2021] [1, 2, 28, 14, 280, 14, -392, 242, 211]
[R Sun Dec 12 10:33:23 2021] [1, 2, 0, -350, 1820, 3990, 1260, 1590, 135]
[R Sun Dec 12 10:33:47 2021] [1, 2, 0, -126, 420, 2814, 13188, -3570, 231]
[R Sun Dec 12 10:34:04 2021] [1, 2, 56, -98, 1260, -7658, 19684, -8438, 239]
[R Sun Dec 12 10:34:19 2021] [1, 2, 0, 14, -280, 854, -812, 10, 251]
[R Sun Dec 12 10:35:10 2021] [1, 2, 0, 70, 140, -1050, 700, -350, 175]
[R Sun Dec 12 10:36:38 2021] [1, 2, 0, -350, -840, -1722, 2716, -1370, 235]
[R Sun Dec 12 10:39:23 2021] [1, 2, 0, -266, 140, 2366, 812, 90, 439]
[R Sun Dec 12 10:39:57 2021] [1, 2, 0, 14, 0, 126, 252, 450, 459]
[R Sun Dec 12 10:41:01 2021] [1, 2, 0, 70, 280, 462, -196, 410, 435]
[R Sun Dec 12 10:41:53 2021] [1, 2, 0, 14, 0, -322, 476, 2370, 547]
[R Sun Dec 12 10:42:21 2021] [1, 2, 0, 14, 420, -2842, 4956, -2870, 567]
[R Sun Dec 12 10:42:42 2021] [1, 2, 0, 14, 280, -1162, 3276, -4470, 587]
[R Sun Dec 12 10:45:56 2021] [1, 2, 0, 294, -420, 4438, 7196, 3810, 767]
[R Sun Dec 12 10:46:26 2021] [1, 2, 56, -70, 840, -9394, 4172, 886, 715]
[R Sun Dec 12 10:46:33 2021] [1, 2, 28, 14, -280, 350, 840, -2190, 835]
[R Sun Dec 12 10:47:41 2021] [1, 2, 0, 294, 1820, 3990, 4340, 3090, 895]
[R Sun Dec 12 10:48:40 2021] [1, 2, 56, 182, 560, 854, 3108, 4034, 963]
[R Sun Dec 12 10:48:52 2021] [1, 2, 56, -70, -1120, -2730, -2100, -22050, 875]
[R Sun Dec 12 10:50:09 2021] [1, 2, 28, 294, 420, -1386, -1512, 882, 1071]
[R Sun Dec 12 10:53:02 2021] [1, 2, 28, 294, 1400, 5614, 9128, -758, 1291]
[R Sun Dec 12 10:53:54 2021] [1, 2, 0, -70, -140, -1218, 2604, -5850, 1215]
[R Sun Dec 12 10:54:29 2021] [1, 2, 56, 210, 1400, -7938, 8204, -2818, 1315]
[R Sun Dec 12 10:55:15 2021] [1, 2, 28, -266, -420, -714, 1512, 2178, 1479]
[R Sun Dec 12 10:55:44 2021] [1, 2, 0, -70, -420, -602, 756, -2130, 1375]
[R Sun Dec 12 10:57:31 2021] [1, 2, 56, 210, -140, -770, -4900, 8190, 1575]
[R Sun Dec 12 10:59:28 2021] [1, 2, 28, 14, -280, 1134, 5208, 6402, 1891]
[R Sun Dec 12 11:00:45 2021] [1, 2, 0, -70, 0, -490, -1540, -1250, 1875]
[R Sun Dec 12 11:06:44 2021] [1, 2, 0, -266, -1120, 1638, 5796, -9390, 2787]
[R Sun Dec 12 11:06:47 2021] [1, 2, 0, 154, 840, -378, -4116, -1570, 2803]
[R Sun Dec 12 11:07:27 2021] [1, 2, 0, -266, -420, -4242, -6524, -11510, 2887]
[R Sun Dec 12 11:08:04 2021] [1, 2, 0, 14, -280, -154, 2772, 5210, 2979]
[R Sun Dec 12 11:09:52 2021] [1, 2, 56, 70, 280, 1302, -756, 2322, 3195]
[R Sun Dec 12 11:10:08 2021] [1, 2, 0, 70, 1260, -1106, 11228, 20890, 3175]
[R Sun Dec 12 11:10:45 2021] [1, 2, 0, 154, -700, 2646, -4508, 1470, 3479]
[R Sun Dec 12 11:11:38 2021] [1, 2, 0, -70, 1540, 13902, 23044, 12230, 3495]
[R Sun Dec 12 11:11:46 2021] [1, 2, 28, 14, -560, -2506, 2128, -1958, 3651]
[R Sun Dec 12 11:12:27 2021] [1, 2, 0, -70, -140, -266, 868, 1950, 3655]
[R Sun Dec 12 11:12:37 2021] [1, 2, 0, 14, -140, 798, 4116, 6450, 3807]
[R Sun Dec 12 11:14:05 2021] [1, 2, 56, 210, 140, 126, -868, 926, 4015]
[R Sun Dec 12 11:14:08 2021] [1, 2, 28, 154, 980, 1246, -9128, 4358, 4159]
[R Sun Dec 12 11:15:29 2021] [1, 2, 0, -266, 0, -3626, 3108, -10910, 4451]
[R Sun Dec 12 11:15:59 2021] [1, 2, 0, 70, 280, 1470, 3500, 7450, 4435]
[R Sun Dec 12 11:16:06 2021] [1, 2, 0, 14, -140, -714, 252, 4410, 4599]
[R Sun Dec 12 11:16:38 2021] [1, 2, 0, 70, 1400, -9450, 6580, 14690, 4635]
[R Sun Dec 12 11:16:38 2021] [1, 2, 0, 70, -280, 630, 2100, -6030, 4635]
[R Sun Dec 12 11:17:13 2021] [1, 2, 56, -70, 420, -2506, 1148, -6626, 4815]
[R Sun Dec 12 11:18:37 2021] [1, 2, 0, -70, -420, 126, 4732, 9270, 5135]
[R Sun Dec 12 11:19:14 2021] [1, 2, 0, 70, -280, 294, 3108, -4830, 5355]
[R Sun Dec 12 11:19:54 2021] [1, 2, 0, 154, 1820, 9310, 11900, 22710, 5695]
[R Sun Dec 12 11:20:17 2021] [1, 2, 0, 154, 140, 518, 4676, 5630, 5807]
[R Sun Dec 12 11:20:23 2021] [1, 2, 0, 154, 280, -8274, 7812, -19530, 5859]
[R Sun Dec 12 11:20:59 2021] [1, 2, 0, 70, -1120, 5166, -7588, -470, 5955]
[R Sun Dec 12 11:22:49 2021] [1, 2, 56, -98, 1120, -2282, 6076, -11542, 6771]
[R Sun Dec 12 11:23:13 2021] [1, 2, 0, -70, -140, -770, 140, 2950, 6775]
[R Sun Dec 12 11:23:14 2021] [1, 2, 0, -210, 0, 3150, 10780, 14930, 6795]
[R Sun Dec 12 11:23:23 2021] [1, 2, 0, 70, 0, -42, 3276, 6450, 6915]
[R Sun Dec 12 11:23:59 2021] [1, 2, 28, 14, -560, 2030, 5320, 10850, 7315]
[R Sun Dec 12 11:24:10 2021] [1, 2, 0, 14, 420, 1078, -84, 6970, 7367]
[R Sun Dec 12 11:24:23 2021] [1, 2, 28, 14, -980, -994, 5152, -22942, 7519]
[R Sun Dec 12 11:25:09 2021] [1, 2, 0, 154, -980, 4382, -9716, 15750, 7903]
[R Sun Dec 12 11:25:09 2021] [1, 2, 28, -126, -420, 294, 6048, -13338, 7911]
[R Sun Dec 12 11:25:56 2021] [1, 2, 56, 70, 1400, -266, 11788, -21086, 8235]
[R Sun Dec 12 11:26:33 2021] [1, 2, 0, -70, -420, 4102, -4956, 4670, 8535]
[R Sun Dec 12 11:27:34 2021] [1, 2, 56, 350, 1540, 12166, 22932, 23306, 9295]
[R Sun Dec 12 11:28:22 2021] [1, 2, 0, -126, -420, -2170, 700, 4550, 9975]
[R Sun Dec 12 11:28:41 2021] [1, 2, 0, 154, 0, 2142, 7924, 11510, 10203]
[R Sun Dec 12 11:29:29 2021] [1, 2, 0, -70, 0, 910, 4900, 13110, 10715]
[R Sun Dec 12 11:29:44 2021] [1, 2, 28, -126, 0, 630, -2520, -1530, 11115]
[R Sun Dec 12 11:29:48 2021] [1, 2, 0, -210, 0, -1050, 4900, 1850, 10875]
[R Sun Dec 12 11:29:51 2021] [1, 2, 0, 14, 0, -42, -924, -3510, 11187]
[R Sun Dec 12 11:30:34 2021] [1, 2, 0, -126, 0, 1806, -1428, -8930, 11939]
[R Sun Dec 12 11:31:47 2021] [1, 2, 0, -70, -140, -490, 3780, 16270, 13255]
[R Sun Dec 12 11:32:14 2021] [1, 2, 28, -126, 0, -2058, 2744, 5686, 14123]
[R Sun Dec 12 11:32:28 2021] [1, 2, 0, 70, -280, 182, -1036, -2590, 14315]
[R Sun Dec 12 11:32:55 2021] [1, 2, 56, 182, 1680, 6678, 13356, 29218, 15211]
[R Sun Dec 12 11:33:03 2021] [1, 2, 0, -126, 0, -602, 476, 13030, 15427]
[R Sun Dec 12 11:33:14 2021] [1, 2, 0, 154, 140, 5166, -1428, -10170, 15759]
[R Sun Dec 12 11:33:14 2021] [1, 2, 28, 154, 140, 3094, 1568, 16222, 15791]
[R Sun Dec 12 11:33:22 2021] [1, 2, 0, 70, -140, -658, 4004, -14470, 15895]
[R Sun Dec 12 11:33:25 2021] [1, 2, 0, 14, -280, 126, 3052, 8290, 16139]
[R Sun Dec 12 11:34:10 2021] [1, 2, 0, 14, -420, 2086, -1988, 10010, 17759]
[R Sun Dec 12 11:34:36 2021] [1, 2, 0, -70, 280, -1050, 7140, -20850, 18675]
[R Sun Dec 12 11:35:13 2021] [1, 2, 56, 42, 560, -2058, -8316, 8862, 20979]
[R Sun Dec 12 11:35:18 2021] [1, 2, 0, 154, 420, 910, 6300, 19350, 21375]
[R Sun Dec 12 11:35:19 2021] [1, 2, 0, 14, -700, -1274, 5012, 12250, 21399]
[R Sun Dec 12 11:35:35 2021] [1, 2, 0, 70, 980, -1050, 1820, 24850, 22575]
[R Sun Dec 12 11:36:00 2021] [1, 2, 0, 154, 0, 1078, 2716, 4670, 25587]
[R Sun Dec 12 11:36:10 2021] [1, 2, 0, 70, -280, 182, 3444, -13710, 26795]
[R Sun Dec 12 11:36:56 2021] [1, 2, 0, -70, 0, -546, -1932, -2810, 39915]
[R Sun Dec 12 11:36:57 2021] [1, 2, 0, -70, -420, -770, 700, 6550, 40855]
[R Sun Dec 12 11:37:08 2021] [1, 2, 0, -70, -280, 14, -532, 24870, 52155]
Total elapsed time: 8080081894us
Server			Amount		Total Time (us)		Fastest Time (us)	Slowest Time (us)	Approx Avg Time (us)
Receive:        118467576       19163081218     0                       11761918                161             
Source:         127             1434551747      10759478                11565285                11295683        
Index:          0               0               N/A                     N/A                     N/A             
Store:          0               0               N/A                     N/A                     N/A             
Workers			Amount		Total Time (us)		Fastest Time (us)	Slowest Time (us)	Approx Avg Time (us)
Workers:        127             1025749838059   0                       816                     8076770378      
Receive:        118467576       19163081218     0                       11761918                161             
Send results:   195             6033            3                       154                     30              
Unit:           224294          1006984572152   52                      362586877               4489574         
Source:         127             1434551747      10759478                11565285                11295683        
Generate:       136302607673    890193267134    0                       3370598                 6               
Filter:         29685052715     693138948646    2                       4286151                 23              
Retrieve:       196             0               0                       0                       0               
Evaluation:     168453308487    164519243556    0                       37009                   0               
Init:           39489042        7212663633      1                       4297036                 182             
Test			Amount Tested	Total Time (us)	Fastest Time (us)	SlowestTime (us)	Approx Avg Time (us)
Disc:           136302607673    101168284058    0                       37010                   0               
Saved:          196             233             1                       5                       1               
