[I Fri Dec 10 12:34:09 2021] Program launch: 128 workers
[A Fri Dec 10 12:34:09 2021] ./bin/enum-debug -coeffs 1 -divisors 2,14,14,35,14,14,4,2 -discriminant -52706752000000 -input data/257/p2e12mod16_2d1_2d8.txt,data/257/p5e6mod25_2d1.txt,data/257/p7e7mod49_2d1.txt,data/257/p3e0mod3.txt -output data/output/257/1267/output1267_2d1_2d8.txt -tree data/257/treea8.txt -locked 4 -filter 11 
[R Fri Dec 10 12:35:31 2021] [1, 2, -14, 70, 35, -1652, 196, 488, -53960]
[R Fri Dec 10 12:35:37 2021] [1, 2, 0, 140, 175, -378, 7294, 10820, -51930]
[R Fri Dec 10 12:35:40 2021] [1, 2, -14, -28, 70, 1064, -392, -10336, -50912]
[R Fri Dec 10 12:36:22 2021] [1, 2, -14, -98, -105, 588, 4956, 4088, -42504]
[R Fri Dec 10 12:36:27 2021] [1, 2, -14, -28, 70, -1288, 4984, 10112, -41936]
[R Fri Dec 10 12:36:30 2021] [1, 2, 0, 0, 315, 2030, -490, -22840, -41690]
[R Fri Dec 10 12:36:33 2021] [1, 2, -14, 0, -210, 0, 5880, 0, -41160]
[R Fri Dec 10 12:36:59 2021] [1, 2, -14, 0, 210, -1176, -112, -19616, -38560]
[R Fri Dec 10 12:37:25 2021] [1, 2, -14, 42, 455, -1708, 504, 13152, -36416]
[R Fri Dec 10 12:37:26 2021] [1, 2, 0, 0, 595, 2646, 3822, -9920, -36570]
[R Fri Dec 10 12:37:33 2021] [1, 2, -14, 42, 455, 1092, -4956, -34888, -35896]
[R Fri Dec 10 12:37:58 2021] [1, 2, -14, 42, 455, 2352, 6244, -22328, -34296]
[R Fri Dec 10 12:38:43 2021] [1, 2, -14, -28, 70, -112, -5544, -32912, -31944]
[R Fri Dec 10 12:38:56 2021] [1, 2, 0, 0, -105, 1050, -210, 3420, -31590]
[R Fri Dec 10 12:39:12 2021] [1, 2, 0, -56, -385, 462, 574, 10400, -30762]
[R Fri Dec 10 12:39:45 2021] [1, 2, -14, 140, 770, 1176, 2632, 4016, -29600]
[R Fri Dec 10 12:39:58 2021] [1, 2, -14, -140, -350, 448, -1064, -18752, -29160]
[R Fri Dec 10 12:40:12 2021] [1, 2, 0, 0, -525, 406, 2982, 24480, -28950]
[R Fri Dec 10 12:40:59 2021] [1, 2, -14, -140, -70, 1344, 5208, -6336, -27400]
[R Fri Dec 10 12:41:19 2021] [1, 2, -14, -140, 350, 1960, -840, 11440, -26960]
[R Fri Dec 10 12:41:25 2021] [1, 2, 0, 0, -525, -966, 10178, -6980, -26910]
[R Fri Dec 10 12:41:49 2021] [1, 2, -14, -140, 350, -1232, 5656, 9728, -26240]
[R Fri Dec 10 12:41:50 2021] [1, 2, -14, 0, -350, -840, 6440, 8880, -26200]
[R Fri Dec 10 12:42:08 2021] [1, 2, 0, 140, -105, -1162, -2394, 9060, -25910]
[R Fri Dec 10 12:42:20 2021] [1, 2, -14, -70, 175, 1484, 1288, -5416, -25700]
[R Fri Dec 10 12:42:22 2021] [1, 2, -14, -168, -70, 2240, 5040, -12160, -25440]
[R Fri Dec 10 12:42:40 2021] [1, 2, -14, 0, 210, -3864, -3528, -8064, -25200]
[R Fri Dec 10 12:42:40 2021] [1, 2, -14, 0, -210, -1680, 840, -15120, -25200]
[R Fri Dec 10 12:43:07 2021] [1, 2, -14, 70, -245, -3500, 6440, 8120, -24780]
[R Fri Dec 10 12:43:45 2021] [1, 2, 0, -56, 455, -2562, -154, 19360, -23958]
[R Fri Dec 10 12:45:02 2021] [1, 2, -14, -168, -630, 1288, -2184, 17488, -22704]
[R Fri Dec 10 12:45:28 2021] [1, 2, -14, -28, 210, -728, -1456, 16832, -22336]
[R Fri Dec 10 12:45:41 2021] [1, 2, -14, -28, 70, -1232, 9856, -13312, -22144]
[R Fri Dec 10 12:45:54 2021] [1, 2, 0, 140, -105, 1582, -8106, 23340, -22130]
[R Fri Dec 10 12:46:14 2021] [1, 2, 0, -140, -105, 490, 5390, -2760, -21830]
[R Fri Dec 10 12:46:19 2021] [1, 2, -14, 42, -525, 1400, -3360, 10800, -21660]
[R Fri Dec 10 12:46:45 2021] [1, 2, -14, -70, -245, 1820, 2800, -11800, -21500]
[R Fri Dec 10 12:47:23 2021] [1, 2, 0, 84, 315, -882, 5166, -2700, -20898]
[R Fri Dec 10 12:47:34 2021] [1, 2, -14, 112, 210, -2688, -1176, -288, -20736]
[R Fri Dec 10 12:47:50 2021] [1, 2, 28, -56, 35, 294, 3458, -16808, -20554]
[R Fri Dec 10 12:47:52 2021] [1, 2, 28, -56, 455, -3206, -16142, -11548, -20534]
[R Fri Dec 10 12:48:39 2021] [1, 2, -42, -56, 1050, 1120, -11200, -24000, -20000]
[R Fri Dec 10 12:49:01 2021] [1, 2, -14, -28, 910, -3472, -21224, -36352, -19784]
[R Fri Dec 10 12:49:01 2021] [1, 2, -14, -28, 70, 3584, 12488, 2704, -19792]
[R Fri Dec 10 12:49:13 2021] [1, 2, 0, 0, -525, 3738, -9394, 5980, -19890]
[R Fri Dec 10 12:49:28 2021] [1, 2, -14, -98, 735, -1932, 1036, 13608, -19544]
[R Fri Dec 10 12:49:41 2021] [1, 2, 0, 140, 455, -294, 602, 5240, -19550]
[R Fri Dec 10 12:49:54 2021] [1, 2, 0, 140, 1015, 3066, 882, -12400, -19410]
[R Fri Dec 10 12:50:00 2021] [1, 2, 0, -140, -945, -4410, -1890, -8100, -19350]
[R Fri Dec 10 12:51:30 2021] [1, 2, 0, 140, 35, -98, 3094, -1140, -18590]
[R Fri Dec 10 12:52:12 2021] [1, 2, 28, 84, 595, -714, -2478, 8108, -18126]
[R Fri Dec 10 12:52:28 2021] [1, 2, -42, -126, 595, 2744, 168, -13888, -18004]
[R Fri Dec 10 12:53:11 2021] [1, 2, -14, 112, -490, -1568, 6664, 6272, -17696]
[R Fri Dec 10 12:53:14 2021] [1, 2, -42, -56, 770, 2184, -2072, -13648, -17664]
[R Fri Dec 10 12:53:28 2021] [1, 2, 0, -56, 35, -1302, 5586, 3220, -17598]
[R Fri Dec 10 12:53:41 2021] [1, 2, -14, 112, 490, -2856, -16072, 10304, -17472]
[R Fri Dec 10 12:54:10 2021] [1, 2, 0, -196, -665, -294, 1162, 13400, -17286]
[R Fri Dec 10 12:54:47 2021] [1, 2, -14, 112, 210, -280, 9800, -9200, -17000]
[R Fri Dec 10 12:55:21 2021] [1, 2, -14, -140, -70, 3976, -14728, 24096, -16880]
[R Fri Dec 10 12:56:55 2021] [1, 2, -14, 0, 210, -840, -840, 6960, -16320]
[R Fri Dec 10 12:57:43 2021] [1, 2, -14, -140, -70, 1400, 6440, 14960, -16000]
[R Fri Dec 10 12:57:53 2021] [1, 2, -14, -28, -350, 3584, -11312, 18944, -15872]
[R Fri Dec 10 12:58:07 2021] [1, 2, -14, -168, -630, 168, -3304, -752, -15784]
[R Fri Dec 10 12:59:40 2021] [1, 2, -14, -140, 350, 784, 2968, -8416, -15320]
[R Fri Dec 10 12:59:49 2021] [1, 2, 0, -196, 175, 1386, 462, 0, -15246]
[R Fri Dec 10 13:00:24 2021] [1, 2, -14, -140, -630, -2352, -5544, -9072, -15120]
[R Fri Dec 10 13:01:18 2021] [1, 2, -14, -28, 70, -112, -3864, -16352, -14784]
[R Fri Dec 10 13:01:24 2021] [1, 2, -14, -70, 455, -308, -5096, 16192, -14880]
[R Fri Dec 10 13:03:02 2021] [1, 2, -14, 0, 770, 2240, -2520, -3120, -14360]
[R Fri Dec 10 13:03:37 2021] [1, 2, -14, 0, -210, 2856, -5208, -3424, -14240]
[R Fri Dec 10 13:04:29 2021] [1, 2, -14, -140, 350, -1400, 7000, -11200, -14000]
[R Fri Dec 10 13:04:42 2021] [1, 2, 0, -56, -385, -1218, -3626, 12320, -13902]
[R Fri Dec 10 13:06:35 2021] [1, 2, -14, 0, -630, 4368, -10024, -3632, -13480]
[R Fri Dec 10 13:06:52 2021] [1, 2, -14, 70, 35, 616, -7448, 18496, -13520]
[R Fri Dec 10 13:07:28 2021] [1, 2, -14, 70, 315, -4368, 10864, -3728, -13420]
[R Fri Dec 10 13:09:04 2021] [1, 2, -14, 112, -70, 1792, -9296, 25472, -12896]
[R Fri Dec 10 13:09:07 2021] [1, 2, -14, -140, -910, -1064, -1008, -9504, -12960]
[R Fri Dec 10 13:10:21 2021] [1, 2, -14, -98, -805, 5740, -3640, -8000, -12640]
[R Fri Dec 10 13:10:39 2021] [1, 2, 0, 140, -245, 798, -2114, 3980, -12690]
[R Fri Dec 10 13:10:40 2021] [1, 2, 0, -196, -385, -1722, -3934, -10300, -12578]
[R Fri Dec 10 13:12:21 2021] [1, 2, 0, 0, -525, -462, 6986, -140, -12390]
[R Fri Dec 10 13:14:58 2021] [1, 2, 28, 84, 735, -882, -5474, 16244, -11738]
[R Fri Dec 10 13:15:59 2021] [1, 2, 0, -56, -385, -1386, -4242, -9560, -11574]
[R Fri Dec 10 13:16:39 2021] [1, 2, -14, 0, 630, 336, -6048, 26496, -11520]
[R Fri Dec 10 13:17:45 2021] [1, 2, 0, 140, 35, 770, 2590, 4760, -11410]
[R Fri Dec 10 13:18:49 2021] [1, 2, 0, 140, 595, 1470, 70, -6500, -11250]
[R Fri Dec 10 13:19:52 2021] [1, 2, -14, -28, 70, -112, 2856, -7712, -10944]
[R Fri Dec 10 13:21:01 2021] [1, 2, -14, -238, -665, 1568, -7784, -13792, -10784]
[R Fri Dec 10 13:21:16 2021] [1, 2, -14, -140, -910, -3080, -7560, -12960, -10800]
[R Fri Dec 10 13:21:26 2021] [1, 2, -14, 0, 490, -224, -5208, 14976, -10760]
[R Fri Dec 10 13:23:09 2021] [1, 2, -14, -28, 70, -2128, 9184, -5248, -10496]
[R Fri Dec 10 13:23:31 2021] [1, 2, 0, 224, 1435, 378, -11774, -25900, -10458]
[R Fri Dec 10 13:32:19 2021] [1, 2, -14, -140, -910, 6160, -3920, -6400, -9440]
[R Fri Dec 10 13:32:32 2021] [1, 2, -42, 84, 490, -3976, 5768, 14592, -9344]
[R Fri Dec 10 13:33:12 2021] [1, 2, -14, 112, 770, 1960, -5040, 14400, -9280]
[R Fri Dec 10 13:33:45 2021] [1, 2, 0, 0, -105, 1470, 3150, -12360, -9390]
[R Fri Dec 10 13:36:12 2021] [1, 2, 0, 0, -105, -826, -1162, -4240, -9110]
[R Fri Dec 10 13:36:18 2021] [1, 2, -14, 112, 1190, -560, -12320, 22400, -8960]
[R Fri Dec 10 13:37:19 2021] [1, 2, -14, -168, -1050, -2688, -4536, -8208, -8856]
[R Fri Dec 10 13:37:35 2021] [1, 2, 28, -56, 35, -2030, 2870, 5980, -8830]
[R Fri Dec 10 13:39:46 2021] [1, 2, -42, -126, 315, -924, -3948, 11288, -8616]
[R Fri Dec 10 13:41:21 2021] [1, 2, -14, -28, 70, -6160, 18760, -9280, -8480]
[R Fri Dec 10 13:41:22 2021] [1, 2, -14, -168, -630, -840, -560, 800, -8480]
[R Fri Dec 10 13:41:41 2021] [1, 2, -42, 154, 735, -7756, 20048, -13448, -8444]
[R Fri Dec 10 13:46:51 2021] [1, 2, -42, -196, 490, 7392, -18536, -14944, -7992]
[R Fri Dec 10 13:51:59 2021] [1, 2, -42, -196, 70, 9744, -12432, 26112, -7584]
[R Fri Dec 10 13:52:16 2021] [1, 2, 0, -56, 35, 1666, 10122, 1940, -7586]
[R Fri Dec 10 13:52:33 2021] [1, 2, -14, -98, -525, -6468, -17276, -16808, -7576]
[R Fri Dec 10 13:55:49 2021] [1, 2, -14, -28, 70, -112, 2296, -4912, -7304]
[R Fri Dec 10 13:57:24 2021] [1, 2, 28, 84, 315, -406, 7518, -16848, -7194]
[R Fri Dec 10 13:58:01 2021] [1, 2, 0, 140, 175, -1218, 3654, 4860, -7290]
[R Fri Dec 10 13:59:16 2021] [1, 2, 0, 84, 595, 1078, 1106, -8740, -7078]
[R Fri Dec 10 14:00:17 2021] [1, 2, -14, 140, -350, 560, -24080, -23680, -7040]
[R Fri Dec 10 14:00:35 2021] [1, 2, 0, -56, -105, -434, -1498, 0, -6986]
[R Fri Dec 10 14:00:41 2021] [1, 2, -14, -140, 910, -2800, 1400, 16800, -7000]
[R Fri Dec 10 14:00:54 2021] [1, 2, 0, 84, -945, 1386, -378, -9720, -6966]
[R Fri Dec 10 14:00:57 2021] [1, 2, -14, -28, 70, -112, -2744, -8512, -6944]
[R Fri Dec 10 14:01:26 2021] [1, 2, -14, -168, 70, 1064, 1008, -3456, -6912]
[R Fri Dec 10 14:03:28 2021] [1, 2, 0, 0, 175, -238, -2926, -10620, -6890]
[R Fri Dec 10 14:08:11 2021] [1, 2, -14, -168, -630, 7560, -22680, 19440, -6480]
[R Fri Dec 10 14:09:38 2021] [1, 2, -14, 182, 175, -4732, 3696, 4568, -6404]
[R Fri Dec 10 14:10:41 2021] [1, 2, -42, -266, -385, 4284, -11312, 12392, -6324]
[R Fri Dec 10 14:12:43 2021] [1, 2, -14, -28, -1050, -5544, -9688, -1984, -6208]
[R Fri Dec 10 14:13:12 2021] [1, 2, 0, 0, -105, 406, 1862, -1440, -6310]
[R Fri Dec 10 14:14:01 2021] [1, 2, 0, -140, -665, -2450, -5250, -7500, -6250]
[R Fri Dec 10 14:15:20 2021] [1, 2, 0, -56, -385, -1414, -3878, -5780, -6086]
[R Fri Dec 10 14:15:20 2021] [1, 2, 0, -56, -1225, -6174, -9058, -5780, -6086]
[R Fri Dec 10 14:17:07 2021] [1, 2, -14, 112, -490, -560, 3640, 800, -5960]
[R Fri Dec 10 14:17:39 2021] [1, 2, 0, 224, 35, -1722, -6874, -3840, -5958]
[R Fri Dec 10 14:18:32 2021] [1, 2, -14, 0, -1050, -3136, -8232, -7056, -5880]
[R Fri Dec 10 14:18:51 2021] [1, 2, 0, -56, -385, -294, -798, 3420, -5886]
[R Fri Dec 10 14:25:01 2021] [1, 2, -14, 182, -805, 1988, -5544, 2888, -5564]
[R Fri Dec 10 14:25:11 2021] [1, 2, -14, 140, 1470, -5936, -16072, -16016, -5600]
[R Fri Dec 10 14:28:23 2021] [1, 2, 0, -140, -1225, 2422, 12334, 300, -5490]
[R Fri Dec 10 14:29:38 2021] [1, 2, 0, 224, 1435, 4578, 15946, 18020, -5358]
[R Fri Dec 10 14:32:41 2021] [1, 2, -14, -238, -1925, -9016, -48692, -11416, -5192]
[R Fri Dec 10 14:33:28 2021] [1, 2, -14, -28, 70, 3528, 5096, -2432, -5144]
[R Fri Dec 10 14:33:57 2021] [1, 2, -14, 42, 455, -448, -3976, -6288, -5156]
[R Fri Dec 10 14:35:40 2021] [1, 2, -14, -28, 70, 896, 952, -1264, -5048]
[R Fri Dec 10 14:35:41 2021] [1, 2, -14, -28, 70, -3248, 10024, -4768, -5056]
[R Fri Dec 10 14:36:12 2021] [1, 2, -14, -210, -1785, -7560, -12880, -1520, -5140]
[R Fri Dec 10 14:36:49 2021] [1, 2, -14, 210, -525, 196, 2072, -1664, -5120]
[R Fri Dec 10 14:38:46 2021] [1, 2, -14, 112, -910, 2296, -2408, 4256, -4928]
[R Fri Dec 10 14:44:28 2021] [1, 2, -14, -210, -1785, -4704, 2492, 5896, -4840]
[R Fri Dec 10 14:45:09 2021] [1, 2, 0, 84, 35, 882, 434, 2080, -4702]
[R Fri Dec 10 14:46:37 2021] [1, 2, -42, 14, -245, 4704, -13552, 3712, -4644]
[R Fri Dec 10 14:54:02 2021] [1, 2, -42, -196, -350, -1008, -2296, -3344, -4392]
[R Fri Dec 10 14:54:32 2021] [1, 2, -14, -28, 70, -112, 1736, -2752, -4384]
[R Fri Dec 10 14:56:58 2021] [1, 2, 0, 224, -385, 2366, -2338, 4760, -4326]
[R Fri Dec 10 14:57:25 2021] [1, 2, -42, 154, -245, -28, -336, 2936, -4292]
[R Fri Dec 10 15:00:05 2021] [1, 2, 0, -140, -805, -2114, -3738, 1940, -4310]
[R Fri Dec 10 15:03:48 2021] [1, 2, -14, -280, -210, 15176, -22008, 1616, -4160]
[R Fri Dec 10 15:07:22 2021] [1, 2, 28, -196, -245, 154, 378, 2512, -4034]
[R Fri Dec 10 15:07:29 2021] [1, 2, -14, -70, -665, 168, 1176, 2928, -4140]
[R Fri Dec 10 15:09:30 2021] [1, 2, -14, -98, -385, -728, -1456, -528, -3996]
[R Fri Dec 10 15:13:52 2021] [1, 2, 28, -56, 875, 3514, -7042, 6652, -3874]
[R Fri Dec 10 15:14:56 2021] [1, 2, 0, 84, 315, 154, -182, 600, -3854]
[R Fri Dec 10 15:18:09 2021] [1, 2, -14, 112, -490, 1792, -3416, 4832, -3776]
[R Fri Dec 10 15:19:23 2021] [1, 2, 0, 280, -1225, 3990, -210, -120, -3810]
[R Fri Dec 10 15:19:46 2021] [1, 2, -42, -336, -1330, -3192, -4984, -5616, -3728]
[R Fri Dec 10 15:22:04 2021] [1, 2, -14, -98, -105, -168, -2016, -6048, -3696]
[R Fri Dec 10 15:23:11 2021] [1, 2, -14, -28, 70, -2128, 6664, -3088, -3656]
[R Fri Dec 10 15:24:25 2021] [1, 2, -42, -196, -350, -336, -3752, -4528, -3624]
[R Fri Dec 10 15:32:48 2021] [1, 2, -14, -28, -910, 4312, -336, -1728, -3456]
[R Fri Dec 10 15:33:09 2021] [1, 2, -42, -126, 35, 364, 1568, 392, -3444]
[R Fri Dec 10 15:34:55 2021] [1, 2, -42, -126, 595, 2324, -2912, -7288, -3404]
[R Fri Dec 10 15:36:38 2021] [1, 2, -14, -98, 315, 728, -4564, 2648, -3384]
[R Fri Dec 10 15:41:15 2021] [1, 2, -14, -28, 350, 2184, -12152, 20064, -3272]
[R Fri Dec 10 15:43:00 2021] [1, 2, 0, 0, -385, 1050, -2310, 5580, -3330]
[R Fri Dec 10 15:44:22 2021] [1, 2, -14, 0, 210, 2240, 10360, 13920, -3240]
[R Fri Dec 10 15:44:33 2021] [1, 2, -14, -168, -210, -168, -2856, -4128, -3216]
[R Fri Dec 10 15:44:48 2021] [1, 2, -42, -126, -525, -1260, -1400, -1600, -3200]
[R Fri Dec 10 15:50:55 2021] [1, 2, -42, -126, -385, -2352, -10024, -10336, -3088]
[R Fri Dec 10 15:51:24 2021] [1, 2, -14, -28, 70, -6160, 18760, -12880, -3080]
[R Fri Dec 10 15:51:37 2021] [1, 2, 56, -28, 1015, 2422, 4214, 1852, -3086]
[R Fri Dec 10 15:52:55 2021] [1, 2, -14, 42, 315, 2772, -11536, 12952, -3076]
[R Fri Dec 10 15:53:56 2021] [1, 2, -14, 112, 1470, -336, -8792, -13136, -3032]
[R Fri Dec 10 15:56:23 2021] [1, 2, 0, 0, -105, -462, -1134, -2700, -3090]
[R Fri Dec 10 16:00:09 2021] [1, 2, 0, -196, -245, 4914, -11102, 9320, -2934]
[R Fri Dec 10 16:02:10 2021] [1, 2, -14, -70, -665, -5152, -6104, -8032, -2960]
[R Fri Dec 10 16:11:45 2021] [1, 2, -14, 0, 210, -1344, 1512, -624, -2760]
[R Fri Dec 10 16:29:30 2021] [1, 2, -14, -28, 70, -1232, 3976, -1792, -2464]
[R Fri Dec 10 16:31:30 2021] [1, 2, -14, 112, 2030, 9184, 13888, 5504, -2432]
[R Fri Dec 10 16:32:26 2021] [1, 2, -14, -210, -945, -1400, 0, -10000, -2500]
[R Fri Dec 10 16:49:04 2021] [1, 2, -14, -28, 70, -112, 1176, -1232, -2184]
[R Fri Dec 10 16:55:53 2021] [1, 2, -14, 140, 1330, -2128, 13384, 32, -2120]
[R Fri Dec 10 16:56:34 2021] [1, 2, -14, 252, 1050, -2128, -5096, 2032, -2096]
[R Fri Dec 10 16:56:35 2021] [1, 2, -14, -28, -70, 336, -168, 1056, -2088]
[R Fri Dec 10 17:00:17 2021] [1, 2, -14, 140, -70, -840, 840, 1760, -2080]
[R Fri Dec 10 17:00:24 2021] [1, 2, -14, 0, 70, 6776, 7112, 9376, -2080]
[R Fri Dec 10 17:01:16 2021] [1, 2, -14, 112, 350, -56, -3192, -4656, -2032]
[R Fri Dec 10 17:04:57 2021] [1, 2, 0, 140, 315, -210, 3150, 5020, -2070]
[R Fri Dec 10 17:05:32 2021] [1, 2, -14, -28, 70, -4592, 14056, -9952, -1984]
[R Fri Dec 10 17:14:00 2021] [1, 2, -42, -126, 735, 2184, -2912, -11008, -1884]
[R Fri Dec 10 17:15:36 2021] [1, 2, 0, 0, -105, -42, 686, -160, -1930]
[R Fri Dec 10 17:19:03 2021] [1, 2, 28, 84, 315, 1386, 1162, -2152, -1826]
[R Fri Dec 10 17:23:30 2021] [1, 2, -14, 42, 315, 532, -3976, 12472, -1796]
[R Fri Dec 10 17:24:11 2021] [1, 2, -14, -28, -490, -448, -2856, -1168, -1776]
[R Fri Dec 10 17:24:17 2021] [1, 2, 0, -280, 175, 2702, 14014, 9680, -1850]
[R Fri Dec 10 17:27:33 2021] [1, 2, -14, 112, -490, 112, 1624, -448, -1736]
[R Fri Dec 10 17:28:56 2021] [1, 2, -14, 140, 910, 1568, -224, 128, -1760]
[R Fri Dec 10 17:29:21 2021] [1, 2, 0, 0, -105, -98, 574, 120, -1790]
[R Fri Dec 10 17:35:35 2021] [1, 2, 56, 280, 175, 3906, -2478, 3156, -1710]
[R Fri Dec 10 17:37:20 2021] [1, 2, -42, -56, 490, -1288, -7336, 7136, -1632]
[R Fri Dec 10 17:54:04 2021] [1, 2, -14, -28, 70, -560, 1960, -880, -1480]
[R Fri Dec 10 17:55:15 2021] [1, 2, -42, 154, 455, -5572, 17136, -17016, -1468]
[R Fri Dec 10 17:56:19 2021] [1, 2, 0, 140, 175, 2674, 4578, 10320, -1550]
[R Fri Dec 10 17:59:50 2021] [1, 2, -42, -266, 455, 8344, -7672, 17152, -1424]
[R Fri Dec 10 18:01:43 2021] [1, 2, -14, -140, -210, 5376, -168, -3744, -1440]
[R Fri Dec 10 18:01:52 2021] [1, 2, -14, 0, 70, -672, -3024, -3072, -1440]
[R Fri Dec 10 18:04:55 2021] [1, 2, -14, 140, -1190, -3136, 8008, -1456, -1400]
[R Fri Dec 10 18:09:46 2021] [1, 2, 0, 84, -105, 126, -938, -1100, -1346]
[R Fri Dec 10 18:10:40 2021] [1, 2, 28, -196, -105, 994, 518, -4608, -1334]
[R Fri Dec 10 18:16:39 2021] [1, 2, 28, 224, 35, -1666, -3822, -3528, -1274]
[R Fri Dec 10 18:17:27 2021] [1, 2, 0, 140, 175, -4158, -50106, -12120, -1350]
[R Fri Dec 10 18:19:37 2021] [1, 2, -14, 112, 1610, 5992, 8344, 3152, -1256]
[R Fri Dec 10 18:25:27 2021] [1, 2, 28, -56, 735, 434, 11158, 3012, -1214]
[R Fri Dec 10 18:28:23 2021] [1, 2, -14, 70, -245, 5544, -10472, 6384, -1260]
[R Fri Dec 10 18:33:43 2021] [1, 2, -42, -266, -385, -2296, 7868, -6088, -1144]
[R Fri Dec 10 18:44:04 2021] [1, 2, -14, 112, -910, 2968, -4424, 3248, -1064]
[R Fri Dec 10 18:48:28 2021] [1, 2, 56, 112, 1015, 2002, 4774, 10852, -1046]
[R Fri Dec 10 18:52:05 2021] [1, 2, 0, -196, 595, -546, -602, -4420, -1014]
[R Fri Dec 10 18:53:40 2021] [1, 2, -42, -336, -1330, -2688, -1176, 736, -992]
[R Fri Dec 10 19:03:09 2021] [1, 2, -14, -140, 210, 2296, -6888, 2656, -960]
[R Fri Dec 10 19:07:07 2021] [1, 2, -14, 42, 1015, 196, -3808, 7736, -908]
[R Fri Dec 10 19:20:17 2021] [1, 2, -14, -98, -385, -1232, -2324, -3352, -824]
[R Fri Dec 10 19:21:16 2021] [1, 2, 28, -56, 455, 1834, 518, -1268, -814]
[R Fri Dec 10 19:23:37 2021] [1, 2, -42, 154, -385, 252, -196, -1544, -792]
[R Fri Dec 10 19:27:39 2021] [1, 2, 0, -56, 35, 98, 966, -900, -778]
[R Fri Dec 10 19:28:25 2021] [1, 2, 0, 140, 315, -3038, -1806, -17120, -850]
[R Fri Dec 10 19:30:11 2021] [1, 2, 0, -56, 35, 126, -658, -1440, -766]
[R Fri Dec 10 19:30:21 2021] [1, 2, -14, 112, 350, -56, 1288, 4944, -752]
[R Fri Dec 10 19:42:50 2021] [1, 2, -42, -56, 770, 1512, -2576, -2464, -672]
[R Fri Dec 10 19:44:50 2021] [1, 2, -14, -168, -210, 168, 56, -752, -664]
[R Fri Dec 10 19:49:17 2021] [1, 2, -14, -28, 70, -560, -2240, -2560, -640]
[R Fri Dec 10 19:55:26 2021] [1, 2, -14, -140, 350, 2296, 4592, 5056, -640]
[R Fri Dec 10 19:59:04 2021] [1, 2, -14, -28, 70, -112, -1064, -1552, -584]
[R Fri Dec 10 19:59:04 2021] [1, 2, -14, -28, 70, -1232, -3864, -3792, -584]
[R Fri Dec 10 20:07:54 2021] [1, 2, -14, -70, 35, 336, 252, -664, -600]
[R Fri Dec 10 20:16:12 2021] [1, 2, -14, -238, -105, 3500, 8400, 5000, -500]
[R Fri Dec 10 20:17:53 2021] [1, 2, 0, -140, 35, -1078, 294, -1960, -490]
[R Fri Dec 10 20:22:46 2021] [1, 2, -14, -238, -665, -1456, 1988, -3176, -472]
[R Fri Dec 10 20:32:43 2021] [1, 2, -14, -28, 70, -2128, 6664, -5248, -416]
[R Fri Dec 10 20:32:43 2021] [1, 2, -14, -28, 70, -2128, -5936, -5248, -416]
[R Fri Dec 10 20:32:52 2021] [1, 2, -14, 112, -490, 112, 784, 1472, -416]
[R Fri Dec 10 20:39:37 2021] [1, 2, -14, -70, -665, -2632, -4004, -2152, -440]
[R Fri Dec 10 20:41:26 2021] [1, 2, -14, 0, 70, -952, -3304, -32, -400]
[R Fri Dec 10 20:48:03 2021] [1, 2, -14, -28, 70, 2408, -7784, 6688, -344]
[R Fri Dec 10 20:48:03 2021] [1, 2, -14, -28, 70, 168, 56, -32, -344]
[R Fri Dec 10 20:49:42 2021] [1, 2, -14, 0, 210, 168, -504, -432, -360]
[R Fri Dec 10 20:58:19 2021] [1, 2, -42, -126, -105, 364, 1288, -1328, -304]
[R Fri Dec 10 20:59:38 2021] [1, 2, -14, -28, 70, -2128, -5096, -6448, -296]
[R Fri Dec 10 21:01:15 2021] [1, 2, 56, 0, 735, -210, 3150, 1400, -350]
[R Fri Dec 10 21:03:02 2021] [1, 2, 0, 0, 35, -938, 2534, -1680, -350]
[R Fri Dec 10 21:05:24 2021] [1, 2, -14, -28, -350, -4816, -10472, 2384, -272]
[R Fri Dec 10 21:20:17 2021] [1, 2, -14, -28, 70, 392, 504, 32, -216]
[R Fri Dec 10 21:26:23 2021] [1, 2, 56, 0, 1155, -630, 8050, -1980, -250]
[R Fri Dec 10 21:36:15 2021] [1, 2, -14, 210, 875, -6804, -24248, 3656, -220]
[R Fri Dec 10 21:38:08 2021] [1, 2, -14, -28, -2450, -13216, 28168, -13936, -152]
[R Fri Dec 10 21:39:15 2021] [1, 2, 56, 140, 455, 3766, 6342, 4676, -210]
[R Fri Dec 10 21:42:59 2021] [1, 2, -14, -28, 70, 112, -56, -208, -136]
[R Fri Dec 10 22:07:34 2021] [1, 2, -42, 84, 70, -56, -112, 192, -64]
[R Fri Dec 10 22:24:12 2021] [1, 2, -14, 0, 210, -1176, 2408, -1616, -40]
[R Fri Dec 10 22:39:35 2021] [1, 2, 0, 224, 1155, 2002, 714, 300, -2]
[R Fri Dec 10 22:41:37 2021] [1, 2, -14, 182, 175, -2548, 20944, 632, 4]
[R Fri Dec 10 22:41:49 2021] [1, 2, -14, 322, 315, -28, -56, 72, 4]
[R Fri Dec 10 22:57:44 2021] [1, 2, 28, 364, 1575, 2534, 238, -2588, 46]
[R Fri Dec 10 22:57:54 2021] [1, 2, 28, -56, 455, 154, 518, -348, 46]
[R Fri Dec 10 23:00:14 2021] [1, 2, -14, -28, 70, -112, 56, -112, 56]
[R Fri Dec 10 23:00:14 2021] [1, 2, -14, -28, 70, -1232, 3976, -3472, 56]
[R Fri Dec 10 23:04:03 2021] [1, 2, -14, 252, 1470, -6888, 6384, -1088, 64]
[R Fri Dec 10 23:13:33 2021] [1, 2, -14, 112, 770, 1624, 1288, 464, 88]
[R Fri Dec 10 23:16:36 2021] [1, 2, -42, -56, 1050, 3584, 2968, 272, 96]
[R Fri Dec 10 23:17:30 2021] [1, 2, -14, -28, 70, -112, 336, -512, 96]
[R Fri Dec 10 23:17:30 2021] [1, 2, -14, -28, 70, -112, -504, -512, 96]
[R Fri Dec 10 23:25:34 2021] [1, 2, 56, -280, 35, -98, 854, -448, 70]
[R Fri Dec 10 23:30:38 2021] [1, 2, -14, -280, 350, 4480, 7000, 2720, 120]
[R Fri Dec 10 23:35:34 2021] [1, 2, 0, -196, -245, 378, 266, -1000, 142]
[R Fri Dec 10 23:45:05 2021] [1, 2, -14, -140, 210, -224, 112, -704, 160]
[R Fri Dec 10 23:45:09 2021] [1, 2, 28, 84, 35, 378, 126, -336, 182]
[R Fri Dec 10 23:47:30 2021] [1, 2, -42, 14, -1645, -20776, -49392, -9408, 196]
[R Fri Dec 10 23:53:29 2021] [1, 2, -42, -196, -630, -1456, 2968, -1488, 216]
[R Fri Dec 10 23:56:36 2021] [1, 2, -14, -28, 70, 112, -56, -448, 224]
[R Sat Dec 11 00:04:57 2021] [1, 2, 0, -56, 35, -42, 1526, -2280, 242]
[R Sat Dec 11 00:05:03 2021] [1, 2, -14, -28, 70, -112, -224, 128, 256]
[R Sat Dec 11 00:05:06 2021] [1, 2, -14, 252, 210, 1008, -224, 128, 256]
[R Sat Dec 11 00:05:09 2021] [1, 2, -14, 112, 350, 448, -224, 128, 256]
[R Sat Dec 11 00:05:18 2021] [1, 2, -14, -168, -490, -672, -224, 128, 256]
[R Sat Dec 11 00:06:13 2021] [1, 2, -14, 182, 175, 728, -224, 128, 256]
[R Sat Dec 11 00:06:18 2021] [1, 2, -14, 322, 1295, 1288, -224, 128, 256]
[R Sat Dec 11 00:06:18 2021] [1, 2, -14, 322, -1225, 1288, -224, 128, 256]
[R Sat Dec 11 00:06:32 2021] [1, 2, -14, -98, 35, -392, -224, 128, 256]
[R Sat Dec 11 00:06:45 2021] [1, 2, -14, -378, -105, -1512, -224, 128, 256]
[R Sat Dec 11 00:12:37 2021] [1, 2, -42, 84, -210, 1512, 6384, 5856, 288]
[R Sat Dec 11 00:18:07 2021] [1, 2, -14, -28, 210, 4816, 3192, 1696, 312]
[R Sat Dec 11 00:20:21 2021] [1, 2, -14, -28, 70, -280, 1400, -3200, 320]
[R Sat Dec 11 00:20:21 2021] [1, 2, -14, -28, 70, -560, 1960, -2080, 320]
[R Sat Dec 11 00:23:31 2021] [1, 2, 28, -56, 175, 294, -1022, 1752, 326]
[R Sat Dec 11 00:24:07 2021] [1, 2, 0, 84, 315, 238, -2254, 1540, 322]
[R Sat Dec 11 00:28:43 2021] [1, 2, -14, 182, 315, 1372, -2156, 312, 344]
[R Sat Dec 11 00:29:31 2021] [1, 2, 28, 84, -245, -14, 462, 128, 354]
[R Sat Dec 11 00:33:41 2021] [1, 2, -14, -28, 70, -112, 616, -1072, 376]
[R Sat Dec 11 00:34:50 2021] [1, 2, -14, -140, 1470, -5712, 6216, -2592, 360]
[R Sat Dec 11 00:46:02 2021] [1, 2, -14, 112, -490, 616, -168, 1056, 432]
[R Sat Dec 11 00:46:10 2021] [1, 2, -42, 154, -945, 4228, -3864, 8784, 432]
[R Sat Dec 11 00:56:25 2021] [1, 2, 0, 140, -105, 742, 1414, 660, 410]
[R Sat Dec 11 01:02:27 2021] [1, 2, 0, -56, 35, -826, -462, -1560, 506]
[R Sat Dec 11 01:07:30 2021] [1, 2, -14, 140, -490, -224, 952, 1296, 520]
[R Sat Dec 11 01:07:42 2021] [1, 2, -14, -280, 490, 4088, 3976, 848, 520]
[R Sat Dec 11 01:10:14 2021] [1, 2, 56, -168, 1575, -5362, 4886, -1232, 546]
[R Sat Dec 11 01:34:26 2021] [1, 2, -14, 182, -1085, 4088, -5824, 2368, 676]
[R Sat Dec 11 01:35:42 2021] [1, 2, -14, -28, 70, -112, -504, 208, 696]
[R Sat Dec 11 01:35:46 2021] [1, 2, -14, -168, -630, -1512, -2184, -912, 696]
[R Sat Dec 11 01:42:34 2021] [1, 2, -42, 84, 1470, -9856, 26768, -23488, 736]
[R Sat Dec 11 01:46:38 2021] [1, 2, -14, -28, 70, -560, -840, 240, 760]
[R Sat Dec 11 01:46:38 2021] [1, 2, -14, -28, 70, -6160, -14840, -10960, 760]
[R Sat Dec 11 01:49:28 2021] [1, 2, -14, 70, 455, 1092, 2184, 1872, 720]
[R Sat Dec 11 01:52:07 2021] [1, 2, -14, 42, 1015, 4284, 6608, -11016, 788]
[R Sat Dec 11 01:55:20 2021] [1, 2, -42, -56, 770, 2184, 728, -1328, 816]
[R Sat Dec 11 01:57:09 2021] [1, 2, 0, 0, -525, -3150, 2450, -500, 750]
[R Sat Dec 11 01:57:12 2021] [1, 2, -14, 140, -1190, 5600, 14000, 18880, 800]
[R Sat Dec 11 02:02:58 2021] [1, 2, -42, -266, -525, 7756, 23352, -2592, 864]
[R Sat Dec 11 02:03:30 2021] [1, 2, -14, -168, 1890, 11592, 18704, 7712, 864]
[R Sat Dec 11 02:08:14 2021] [1, 2, -14, -28, 70, -112, 896, -1792, 896]
[R Sat Dec 11 02:14:33 2021] [1, 2, 0, 0, 875, -6230, 30450, 22100, 870]
[R Sat Dec 11 02:21:57 2021] [1, 2, -14, -140, 770, 168, -1064, 928, 960]
[R Sat Dec 11 02:22:44 2021] [1, 2, -42, 84, 1050, 1680, -1400, -1600, 1000]
[R Sat Dec 11 02:30:43 2021] [1, 2, -42, -56, 350, -2856, -17192, -21088, 1056]
[R Sat Dec 11 02:38:17 2021] [1, 2, -14, -28, -2030, -4144, 37352, -12464, 1112]
[R Sat Dec 11 02:39:20 2021] [1, 2, -42, -126, 315, 1344, 1008, 432, 1116]
[R Sat Dec 11 02:43:45 2021] [1, 2, -14, 140, 70, 224, 2128, -3136, 1120]
[R Sat Dec 11 02:53:51 2021] [1, 2, 56, 280, 175, -1050, -1890, -360, 1170]
[R Sat Dec 11 03:01:51 2021] [1, 2, -42, -56, 350, 504, 168, 1152, 1296]
[R Sat Dec 11 03:10:26 2021] [1, 2, -42, -56, -910, 1512, 31864, -22864, 1368]
[R Sat Dec 11 03:11:47 2021] [1, 2, -14, -28, 70, -1232, -1904, 128, 1376]
[R Sat Dec 11 03:11:47 2021] [1, 2, -14, -28, 70, -7952, -18704, -13312, 1376]
[R Sat Dec 11 03:18:24 2021] [1, 2, 0, 0, -1365, -378, 13734, 12960, 1350]
[R Sat Dec 11 03:31:21 2021] [1, 2, -14, -350, -1225, -3584, 25592, -6704, 1460]
[R Sat Dec 11 03:33:38 2021] [1, 2, 56, 140, 175, 3766, 5922, -6364, 1510]
[R Sat Dec 11 03:35:21 2021] [1, 2, -14, 42, 735, 1428, -644, -8872, 1576]
[R Sat Dec 11 03:35:27 2021] [1, 2, -42, 84, 490, 3528, 2296, 2224, 1592]
[R Sat Dec 11 03:40:56 2021] [1, 2, 0, -140, 35, 14, -322, -860, 1570]
[R Sat Dec 11 03:40:59 2021] [1, 2, -14, -140, 70, 504, 2128, 3264, 1600]
[R Sat Dec 11 03:42:50 2021] [1, 2, -14, -28, 70, -112, 1176, -2672, 1656]
[R Sat Dec 11 03:43:54 2021] [1, 2, -14, 252, 2030, 3472, -896, -1408, 1664]
[R Sat Dec 11 03:49:17 2021] [1, 2, -14, 112, -490, -560, 1960, 4640, 1720]
[R Sat Dec 11 04:11:46 2021] [1, 2, -14, -168, 1050, -1344, -1288, -704, 1952]
[R Sat Dec 11 04:11:52 2021] [1, 2, -14, 280, -490, 2296, -1848, 8016, 1920]
[R Sat Dec 11 04:15:58 2021] [1, 2, -14, -98, 35, 476, 5572, -14824, 1992]
[R Sat Dec 11 04:16:57 2021] [1, 2, 56, 112, 875, -8022, -4494, -5052, 2006]
[R Sat Dec 11 04:17:08 2021] [1, 2, -42, -196, 70, 1344, 168, -2688, 2016]
[R Sat Dec 11 04:25:06 2021] [1, 2, -14, -28, 70, -9968, -23016, -15888, 2104]
[R Sat Dec 11 04:25:13 2021] [1, 2, -14, -168, -910, -1568, -56, 912, 2104]
[R Sat Dec 11 04:30:37 2021] [1, 2, 28, -56, -385, -2450, -2590, 1680, 2170]
[R Sat Dec 11 04:39:31 2021] [1, 2, 56, -168, 875, -2646, 6258, -6596, 2278]
[R Sat Dec 11 04:40:13 2021] [1, 2, 28, -56, -105, -2226, 378, 2592, 2286]
[R Sat Dec 11 04:40:35 2021] [1, 2, -14, -28, 70, -112, -1064, -112, 2296]
[R Sat Dec 11 04:43:56 2021] [1, 2, -14, 112, 210, -11032, 30856, -1072, 2336]
[R Sat Dec 11 04:46:07 2021] [1, 2, 0, 224, 2415, 8946, 17122, 16220, 2354]
[R Sat Dec 11 04:47:17 2021] [1, 2, 56, 252, 2975, 5502, 6734, 6332, 2374]
[R Sat Dec 11 04:52:38 2021] [1, 2, -42, -336, -1330, -5656, -16632, -18288, 2456]
[R Sat Dec 11 04:59:24 2021] [1, 2, 56, -168, 875, -12670, 23450, -14300, 2550]
[R Sat Dec 11 05:18:08 2021] [1, 2, -14, 112, -70, -1232, 6496, -16512, 2816]
[R Sat Dec 11 05:19:02 2021] [1, 2, 0, 280, 455, 434, 15218, 4700, 2750]
[R Sat Dec 11 05:24:34 2021] [1, 2, -42, -266, -245, 1204, 1848, -4968, 2916]
[R Sat Dec 11 05:26:41 2021] [1, 2, -14, -28, 70, -3248, -5376, -768, 2944]
[R Sat Dec 11 05:26:54 2021] [1, 2, -14, -168, -350, 112, 1344, -768, 2944]
[R Sat Dec 11 05:28:07 2021] [1, 2, -42, -196, 910, -336, 7168, 3392, 2976]
[R Sat Dec 11 05:43:36 2021] [1, 2, -14, -70, -385, -364, 4032, 7016, 3140]
[R Sat Dec 11 05:44:18 2021] [1, 2, -14, -140, 1330, -3024, -1008, 4736, 3200]
[R Sat Dec 11 05:46:03 2021] [1, 2, -14, 42, -105, 168, 476, -2712, 3256]
[R Sat Dec 11 05:48:59 2021] [1, 2, -14, 182, 875, 2492, 3444, -1848, 3304]
[R Sat Dec 11 05:51:34 2021] [1, 2, -14, 210, -1085, -1848, 6944, 13792, 3280]
[R Sat Dec 11 05:52:16 2021] [1, 2, -42, -266, -805, -1456, -392, 1632, 3376]
[R Sat Dec 11 05:53:12 2021] [1, 2, -14, -168, -70, 616, 5712, 7296, 3392]
[R Sat Dec 11 05:53:34 2021] [1, 2, -14, -98, -105, 112, 644, 1272, 3384]
[R Sat Dec 11 05:55:27 2021] [1, 2, -14, 42, 315, 0, 0, 3600, 3420]
[R Sat Dec 11 05:56:41 2021] [1, 2, -14, -168, 350, 728, -2184, -3312, 3456]
[R Sat Dec 11 05:59:50 2021] [1, 2, -14, 42, -525, -1288, 11424, -11968, 3504]
[R Sat Dec 11 06:01:44 2021] [1, 2, 28, -56, -245, -7546, 13538, -7768, 3546]
[R Sat Dec 11 06:05:21 2021] [1, 2, -14, 112, -910, 1288, 1456, 3488, 3616]
[R Sat Dec 11 06:19:33 2021] [1, 2, -14, -28, 70, -112, 1736, -4912, 3896]
[R Sat Dec 11 06:19:33 2021] [1, 2, -14, -28, 70, -4592, -7784, -1552, 3896]
[R Sat Dec 11 06:22:13 2021] [1, 2, 0, -280, -245, 3150, 10150, 11200, 3850]
[R Sat Dec 11 06:32:39 2021] [1, 2, -14, -210, -525, -504, 7952, -11264, 4100]
[R Sat Dec 11 06:40:23 2021] [1, 2, -14, 42, 455, 420, -280, 10360, 4340]
[R Sat Dec 11 06:42:47 2021] [1, 2, -42, -196, -770, 13944, 35728, 22592, 4416]
[R Sat Dec 11 06:43:22 2021] [1, 2, -42, 84, 1470, 1568, 1176, 7984, 4432]
[R Sat Dec 11 06:44:07 2021] [1, 2, -14, 0, 70, 2800, -10360, 6960, 4400]
[R Sat Dec 11 06:44:12 2021] [1, 2, 0, 140, 175, 1890, 7210, -10600, 4350]
[R Sat Dec 11 06:47:47 2021] [1, 2, -14, 0, 210, 336, 392, 5536, 4520]
[R Sat Dec 11 06:49:38 2021] [1, 2, -42, -126, 1015, -1232, 1736, -6496, 4592]
[R Sat Dec 11 06:50:24 2021] [1, 2, -42, -196, 70, 13944, 16968, 13312, 4616]
[R Sat Dec 11 06:52:30 2021] [1, 2, 0, 224, -245, 2366, 1022, 4840, 4654]
[R Sat Dec 11 06:58:16 2021] [1, 2, -14, 112, 210, -1288, 1624, -3888, 4824]
[R Sat Dec 11 06:59:23 2021] [1, 2, -14, -28, 70, -112, -1624, -1072, 4856]
[R Sat Dec 11 07:02:42 2021] [1, 2, -14, 112, 1750, 3752, -14616, 4992, 4944]
[R Sat Dec 11 07:03:05 2021] [1, 2, -14, -28, 70, -6160, -10640, -2560, 4960]
[R Sat Dec 11 07:03:58 2021] [1, 2, -42, -56, 350, -672, -3584, -6016, 4992]
[R Sat Dec 11 07:06:08 2021] [1, 2, -14, 42, -105, -756, 308, 5464, 5048]
[R Sat Dec 11 07:07:04 2021] [1, 2, -14, -70, -105, 0, -700, -1000, 5000]
[R Sat Dec 11 07:07:45 2021] [1, 2, -14, 112, 350, -4928, 11704, -11728, 5104]
[R Sat Dec 11 07:12:49 2021] [1, 2, 0, -140, 1155, 1582, 1134, -9900, 5190]
[R Sat Dec 11 07:15:56 2021] [1, 2, -14, -28, 70, -112, 2016, -6272, 5376]
[R Sat Dec 11 07:15:56 2021] [1, 2, 0, -140, 35, 1918, -1554, -7820, 5290]
[R Sat Dec 11 07:17:06 2021] [1, 2, 56, 140, 315, 4130, 1750, -20600, 5350]
[R Sat Dec 11 07:17:15 2021] [1, 2, -14, -98, -245, 392, 1624, -3248, 5404]
[R Sat Dec 11 07:20:52 2021] [1, 2, 0, 0, -245, -1050, 70, -2000, 5450]
[R Sat Dec 11 07:27:52 2021] [1, 2, -42, 84, 490, -2576, 4088, -4288, 5816]
[R Sat Dec 11 07:36:07 2021] [1, 2, -14, -28, 70, -7952, -13944, -3792, 6136]
[R Sat Dec 11 07:36:08 2021] [1, 2, -14, 112, -210, -952, 2296, 7408, 6136]
[R Sat Dec 11 07:36:08 2021] [1, 2, -14, 112, -490, 2128, -2744, 3488, 6136]
[R Sat Dec 11 07:39:45 2021] [1, 2, -14, -140, -350, 0, 280, 1440, 6240]
[R Sat Dec 11 07:40:49 2021] [1, 2, 0, -56, -105, -4158, 4914, 4860, 6318]
[R Sat Dec 11 07:42:30 2021] [1, 2, 0, -56, 875, -630, -3570, 21780, 6390]
[R Sat Dec 11 07:43:14 2021] [1, 2, -14, -70, 175, 5012, 10864, 17912, 6340]
[R Sat Dec 11 07:44:21 2021] [1, 2, 0, 140, 175, -210, -2730, 780, 6390]
[R Sat Dec 11 07:44:42 2021] [1, 2, -14, -28, 70, -112, -1904, -1792, 6496]
[R Sat Dec 11 07:44:43 2021] [1, 2, -14, 112, 1190, 448, -9464, 4928, 6496]
[R Sat Dec 11 07:46:23 2021] [1, 2, -42, -56, 1190, -4536, 8008, -10768, 6576]
[R Sat Dec 11 07:49:48 2021] [1, 2, -14, -28, 70, -6160, -9240, 1120, 6720]
[R Sat Dec 11 07:50:59 2021] [1, 2, -14, -168, 910, -1232, 616, -4592, 6776]
[R Sat Dec 11 07:52:59 2021] [1, 2, -14, -140, -490, -728, 504, 4512, 6840]
[R Sat Dec 11 07:57:31 2021] [1, 2, 28, 84, -105, -1106, -882, 9892, 7086]
[R Sat Dec 11 07:58:52 2021] [1, 2, -42, 14, -105, -4256, 7168, -10688, 7156]
[R Sat Dec 11 07:59:10 2021] [1, 2, -14, 70, 35, -1204, 2352, -4184, 7060]
[R Sat Dec 11 08:00:58 2021] [1, 2, 0, 0, -105, -658, -546, 6280, 7170]
[R Sat Dec 11 08:09:04 2021] [1, 2, 0, -196, 175, 4998, 16086, 19140, 7662]
[R Sat Dec 11 08:09:35 2021] [1, 2, -14, -28, 70, 840, 4760, 10720, 7720]
[R Sat Dec 11 08:11:15 2021] [1, 2, -14, -168, -350, -1176, 728, -576, 7808]
[R Sat Dec 11 08:11:22 2021] [1, 2, -14, -28, 70, -112, -1064, 1808, 7816]
[R Sat Dec 11 08:13:42 2021] [1, 2, 0, 140, 595, 1218, 3906, 8640, 7830]
[R Sat Dec 11 08:14:42 2021] [1, 2, 0, -56, -385, 1722, 10234, 16340, 7998]
[R Sat Dec 11 08:16:20 2021] [1, 2, -14, 112, -210, 112, 1624, -4208, 8104]
[R Sat Dec 11 08:16:51 2021] [1, 2, -14, -98, 315, 1344, -2912, -8256, 8128]
[R Sat Dec 11 08:18:13 2021] [1, 2, -14, -168, -210, -4872, -3864, -20112, 8216]
[R Sat Dec 11 08:20:26 2021] [1, 2, 0, -56, 875, 3486, 8862, -24960, 8334]
[R Sat Dec 11 08:20:49 2021] [1, 2, -14, -28, 70, -112, -2184, -2672, 8376]
[R Sat Dec 11 08:21:48 2021] [1, 2, -42, 14, -245, 1344, 1008, 11232, 8436]
[R Sat Dec 11 08:24:03 2021] [1, 2, -14, -28, 910, 728, -8344, 4288, 8576]
[R Sat Dec 11 08:25:04 2021] [1, 2, -14, -168, 630, -2520, 15120, -25920, 8640]
[R Sat Dec 11 08:25:24 2021] [1, 2, -14, -168, -70, 1232, 3864, -14288, 8664]
[R Sat Dec 11 08:28:29 2021] [1, 2, -14, 140, 910, -616, -6552, 2544, 8840]
[R Sat Dec 11 08:30:54 2021] [1, 2, -14, 42, -105, 0, 1120, -4800, 9020]
[R Sat Dec 11 08:31:15 2021] [1, 2, -14, -28, 70, -112, 2576, -9472, 9056]
[R Sat Dec 11 08:33:41 2021] [1, 2, 0, -196, 595, -4942, 6706, -11800, 9202]
[R Sat Dec 11 08:35:31 2021] [1, 2, -14, 182, 175, -2212, -2184, 7128, 9356]
[R Sat Dec 11 08:39:49 2021] [1, 2, -14, -28, 70, -6160, -9240, 4720, 9720]
[R Sat Dec 11 08:41:12 2021] [1, 2, -14, -70, 735, 5236, 16492, 23256, 9720]
[R Sat Dec 11 08:42:26 2021] [1, 2, -14, -28, 1050, 7448, 6776, -21072, 9936]
[R Sat Dec 11 08:43:57 2021] [1, 2, -14, 0, 210, 336, 392, 7456, 10040]
[R Sat Dec 11 08:48:45 2021] [1, 2, -14, -28, 70, -112, -2464, -3712, 10496]
[R Sat Dec 11 08:49:09 2021] [1, 2, 0, -140, -385, 14, 4578, 12180, 10430]
[R Sat Dec 11 08:49:10 2021] [1, 2, -42, -196, 490, 3584, 5208, 8992, 10536]
[R Sat Dec 11 08:50:28 2021] [1, 2, -42, 14, 595, -756, -2632, 6112, 10656]
[R Sat Dec 11 08:50:58 2021] [1, 2, -14, 182, 35, -1568, 5824, 22352, 10684]
[R Sat Dec 11 08:53:31 2021] [1, 2, -14, -168, 1050, -448, 12824, -28128, 10944]
[R Sat Dec 11 08:55:03 2021] [1, 2, 0, -56, 595, 966, -6258, 16040, 11094]
[R Sat Dec 11 08:56:11 2021] [1, 2, -14, 42, 875, 4452, 11984, 17992, 11204]
[R Sat Dec 11 08:56:26 2021] [1, 2, -14, -28, 70, -112, 2856, -11312, 11256]
[R Sat Dec 11 08:57:16 2021] [1, 2, -14, 0, 70, -392, -504, 4848, 11320]
[R Sat Dec 11 08:58:28 2021] [1, 2, 28, 224, -245, 1358, 9646, -21496, 11482]
[R Sat Dec 11 09:02:59 2021] [1, 2, -14, -210, 595, -1260, 14000, -29400, 11900]
[R Sat Dec 11 09:03:30 2021] [1, 2, -14, 70, 35, 1204, 4508, 10264, 11960]
[R Sat Dec 11 09:05:10 2021] [1, 2, -14, -168, -770, -3192, 13496, -22832, 12296]
[R Sat Dec 11 09:06:29 2021] [1, 2, -14, 112, -490, -1904, 4312, 16736, 12472]
[R Sat Dec 11 09:07:49 2021] [1, 2, -14, 112, -490, 2800, -3920, 8000, 12640]
[R Sat Dec 11 09:08:59 2021] [1, 2, -42, 14, 1015, -2408, -3556, 11416, 12808]
[R Sat Dec 11 09:09:20 2021] [1, 2, 0, -140, -945, -4466, -3122, 11300, 12730]
[R Sat Dec 11 09:09:21 2021] [1, 2, -14, -28, 70, -112, -2744, -4912, 12856]
[R Sat Dec 11 09:09:51 2021] [1, 2, -42, 84, 630, -2688, 1904, -2944, 12928]
[R Sat Dec 11 09:10:05 2021] [1, 2, -42, -196, 910, 5040, 2520, 6480, 12960]
[R Sat Dec 11 09:10:28 2021] [1, 2, -14, -168, -630, 1344, 11928, 20784, 13008]
[R Sat Dec 11 09:11:04 2021] [1, 2, -14, -28, 70, 3528, -13384, 6688, 13096]
[R Sat Dec 11 09:11:54 2021] [1, 2, -42, -196, 770, 504, 4648, 6272, 13216]
[R Sat Dec 11 09:13:17 2021] [1, 2, -14, 0, -210, -1344, 2632, 21296, 13360]
[R Sat Dec 11 09:14:01 2021] [1, 2, 0, 84, 315, 1722, 3654, 1320, 13518]
[R Sat Dec 11 09:14:34 2021] [1, 2, 56, 0, 1015, -994, 8722, -22184, 13550]
[R Sat Dec 11 09:15:07 2021] [1, 2, -14, -28, 70, -112, 3136, -13312, 13696]
[R Sat Dec 11 09:15:11 2021] [1, 2, 28, -56, 1155, -5670, -6930, 13260, 13710]
[R Sat Dec 11 09:21:10 2021] [1, 2, -14, -210, 735, 3528, -504, 3888, 14580]
[R Sat Dec 11 09:21:26 2021] [1, 2, 28, 84, 455, 434, -5362, -3288, 14746]
[R Sat Dec 11 09:22:46 2021] [1, 2, -14, -28, 70, 2408, -11144, 7648, 15016]
[R Sat Dec 11 09:23:33 2021] [1, 2, 0, 0, -945, 462, 4354, 15480, 15070]
[R Sat Dec 11 09:24:21 2021] [1, 2, 0, 140, 175, 462, 9534, -26100, 15210]
[R Sat Dec 11 09:24:52 2021] [1, 2, 28, -56, 875, -98, 3234, 18576, 15438]
[R Sat Dec 11 09:24:58 2021] [1, 2, -14, -28, 70, -112, -3024, -6272, 15456]
[R Sat Dec 11 09:27:07 2021] [1, 2, -14, -140, -910, -3584, -5768, 1136, 15880]
[R Sat Dec 11 09:27:12 2021] [1, 2, -14, 112, 910, -3752, 9296, -20032, 15936]
[R Sat Dec 11 09:27:38 2021] [1, 2, -42, -126, 175, 364, 6608, 15032, 16036]
[R Sat Dec 11 09:28:30 2021] [1, 2, -14, -140, -490, -392, 2856, 8688, 16200]
[R Sat Dec 11 09:28:53 2021] [1, 2, -42, 14, 595, 952, 8204, 19896, 16328]
[R Sat Dec 11 09:29:05 2021] [1, 2, -14, -28, 70, -112, 3416, -15472, 16376]
[R Sat Dec 11 09:29:52 2021] [1, 2, -14, 42, 315, -1428, -4536, 10152, 16524]
[R Sat Dec 11 09:30:53 2021] [1, 2, -14, -98, 455, -308, -3976, -7568, 16784]
[R Sat Dec 11 09:31:13 2021] [1, 2, 0, 0, -105, 3542, -2926, 18160, 16790]
[R Sat Dec 11 09:31:48 2021] [1, 2, -14, -28, 210, 2352, 10024, 19712, 17024]
[R Sat Dec 11 09:36:16 2021] [1, 2, -14, 70, 455, 868, 5796, 18888, 18120]
[R Sat Dec 11 09:36:23 2021] [1, 2, -14, -28, 70, -112, -3304, -7792, 18296]
[R Sat Dec 11 09:37:26 2021] [1, 2, 0, 140, -385, 2870, 4830, -21180, 18470]
[R Sat Dec 11 09:39:36 2021] [1, 2, -14, -28, 70, -112, 3696, -17792, 19296]
[R Sat Dec 11 09:39:57 2021] [1, 2, -14, 0, -210, 2240, -4200, -3600, 19400]
[R Sat Dec 11 09:40:42 2021] [1, 2, 28, -56, 35, -1610, 1050, -5160, 19710]
[R Sat Dec 11 09:40:48 2021] [1, 2, 28, 224, 315, 4718, 6706, -23736, 19742]
[R Sat Dec 11 09:41:32 2021] [1, 2, -42, -196, 630, 3136, -4088, -17792, 20024]
[R Sat Dec 11 09:41:36 2021] [1, 2, -14, 0, -210, 1400, -2800, -4000, 20000]
[R Sat Dec 11 09:42:02 2021] [1, 2, -14, -210, -245, -1624, 392, 2816, 20080]
[R Sat Dec 11 09:42:51 2021] [1, 2, -14, -140, 70, -560, 12320, -30080, 20480]
[R Sat Dec 11 09:43:07 2021] [1, 2, -14, 112, -70, -1568, 7224, -26208, 20664]
[R Sat Dec 11 09:43:17 2021] [1, 2, -14, -28, 210, -672, -3024, 10368, 20736]
[R Sat Dec 11 09:44:45 2021] [1, 2, -14, -28, 70, -112, -3584, -9472, 21376]
[R Sat Dec 11 09:45:07 2021] [1, 2, -14, -210, -665, 1008, 11256, 25728, 21440]
[R Sat Dec 11 09:45:27 2021] [1, 2, 0, -56, -385, -42, 2086, 12440, 21702]
[R Sat Dec 11 09:46:36 2021] [1, 2, 0, 140, 175, -1890, -2170, 12300, 22150]
[R Sat Dec 11 09:46:52 2021] [1, 2, -14, -28, 70, -112, 3976, -20272, 22456]
[R Sat Dec 11 09:48:18 2021] [1, 2, -42, 14, 1295, 1288, -9324, -7656, 23272]
[R Sat Dec 11 09:49:28 2021] [1, 2, -14, 140, 490, 1960, 12600, -5520, 23960]
[R Sat Dec 11 09:49:59 2021] [1, 2, -14, -70, 595, 728, -7924, 88, 24200]
[R Sat Dec 11 09:51:56 2021] [1, 2, -42, 14, 595, 644, 2968, -10488, 25756]
[R Sat Dec 11 09:52:04 2021] [1, 2, -14, -28, 70, -112, 4256, -22912, 25856]
[R Sat Dec 11 09:54:21 2021] [1, 2, -14, -210, 315, 3416, -4088, -19904, 27840]
[R Sat Dec 11 09:54:39 2021] [1, 2, -14, -28, 70, -112, -4144, -13312, 28256]
[R Sat Dec 11 09:55:40 2021] [1, 2, 28, -56, 35, -2030, -4410, 12540, 29490]
[R Sat Dec 11 09:55:41 2021] [1, 2, -14, -28, 70, -112, 4536, -25712, 29496]
[R Sat Dec 11 09:57:25 2021] [1, 2, -14, -28, 70, -112, -4424, -15472, 32056]
[R Sat Dec 11 09:57:34 2021] [1, 2, 0, 84, -385, -294, 3682, -22720, 32274]
[R Sat Dec 11 09:58:08 2021] [1, 2, 0, 0, -105, -546, -602, -12760, 33210]
[R Sat Dec 11 09:58:44 2021] [1, 2, 28, -56, -105, -1806, -882, 4692, 34626]
[R Sat Dec 11 09:59:19 2021] [1, 2, -14, -28, 70, -112, -4704, -17792, 36096]
[R Sat Dec 11 09:59:39 2021] [1, 2, -14, -140, -490, 1120, 9800, -3200, 37000]
[R Sat Dec 11 10:00:12 2021] [1, 2, -14, 42, 175, -1316, 168, 29264, 38928]
[R Sat Dec 11 10:01:21 2021] [1, 2, -14, -28, 70, -112, -5264, -22912, 44896]
Total elapsed time: 77305950661us
Server			Amount		Total Time (us)		Fastest Time (us)	Slowest Time (us)	Approx Avg Time (us)
Receive:        116277474       88408168401     0                       49796062                760             
Source:         127             1431377663      10762452                11546550                11270690        
Index:          0               0               N/A                     N/A                     N/A             
Store:          0               0               N/A                     N/A                     N/A             
Workers			Amount		Total Time (us)		Fastest Time (us)	Slowest Time (us)	Approx Avg Time (us)
Workers:        127             9817436193006   0                       833                     77302647189     
Receive:        116277474       88408168401     0                       49796062                760             
Send results:   519             21751           3                       122                     41              
Unit:           484244          9781675256411   126                     2155379915              20199889        
Source:         127             1431377663      10762452                11546550                11270690        
Generate:       1181499319705   8768904638340   0                       8036333                 7               
Filter:         257157551339    6394756215685   2                       14337494                24              
Retrieve:       532             0               0                       0                       0               
Evaluation:     1447862993318   1319050848046   0                       49010                   0               
Init:           38758896        24188564815     1                       14347671                624             
Test			Amount Tested	Total Time (us)	Fastest Time (us)	SlowestTime (us)	Approx Avg Time (us)
Disc:           1181499319705   877054650991    0                       49010                   0               
Saved:          532             789             1                       9                       1               
