pols := [
[1, 3, 11, 0, 0, -21, -63, -231],
[1, 3, 12, -10, 45, 12, 16, 24],
[1, 3, 11, 0, 0, 21, 63, 231],
[1, 2, 6, 35, 85, 75, 115, -220],
[1, 1, 9, 0, 0, -21, -21, -189],
[1, 1, 9, 0, 0, 21, 21, 189],
[1, 1, 6, 29, 62, 78, 300, 261],
[1, 0, 0, 0, 0, 0, 0, -315],
[1, 0, 0, 0, 0, 0, 0, -225],
[1, 0, 0, 0, 0, 0, 0, -135],
[1, 0, 0, 0, 0, -168, -280, -120],
[1, 0, 0, 0, 0, 0, 0, -45],
[1, 0, 0, -42, -63, -126, -63, -27],
[1, 0, 0, 0, 0, 0, 0, 45],
[1, 0, 0, 0, 0, 168, -280, 120],
[1, 0, 0, 0, 0, 0, 0, 135],
[1, 0, 0, 0, 0, 0, 0, 225],
[1, 0, 0, 0, 0, 0, 0, 315]
];
