pols := [
[1, 4, 0, -28, -70, -84, -56, -15, -18],
[1, 4, 0, -28, -70, -84, -56, -25, 12],
[1, 3, 0, 0, 0, 0, 0, -5, -15],
[1, 3, 0, -14, 0, 42, 91, 60, 12],
[1, 3, 0, 0, 0, 0, 0, 5, 15],
[1, 2, 0, 0, 0, 0, 0, -25, -50],
[1, 2, 0, 0, 0, 0, 0, -15, -30],
[1, 2, 0, 0, 0, 0, 0, -5, -10],
[1, 2, 0, -21, -35, -28, -21, 0, -7],
[1, 2, 0, 0, 0, 0, 0, 5, 10],
[1, 2, 0, 0, 0, 0, 0, 15, 30],
[1, 2, 0, 0, 0, 0, 0, 25, 50],
[1, 1, 0, 0, 0, 0, 0, -45, -45],
[1, 1, 0, 0, 0, 0, 0, -40, -40],
[1, 1, 0, 0, 0, 0, 0, -35, -35],
[1, 1, 0, 0, 0, 0, 0, -25, -25],
[1, 1, 0, 0, 0, 0, 0, -15, -15],
[1, 1, 0, 0, 0, 0, 0, -5, -5],
[1, 1, 0, 0, 0, 0, 0, 5, 5],
[1, 1, 7, -7, 35, -7, 63, 51, 9],
[1, 1, 0, 0, 0, 0, 0, 15, 15],
[1, 1, 0, 0, 0, 0, 0, 25, 25],
[1, 1, 0, 0, 0, 0, 0, 35, 35],
[1, 1, 0, 0, 0, 0, 0, 40, 40],
[1, 1, 0, 0, 0, 0, 0, 45, 45]
];
