pols := [
[1, 4, 0, -28, -70, -84, -56, 125, -438],
[1, 4, 0, -28, -70, -84, -56, 115, -408],
[1, 4, 0, -28, -70, 84, 336, -60, -387],
[1, 4, 0, -28, -70, -84, -56, 105, -378],
[1, 4, 0, -28, -70, -84, -56, 100, -363],
[1, 4, 0, -28, -70, -84, -56, 95, -348],
[1, 4, 0, -28, -70, -84, -56, 85, -318],
[1, 4, 0, 7, 35, -140, 35, 40, -295],
[1, 4, 0, -28, -70, -84, -56, 75, -288],
[1, 4, 14, 35, 35, 28, 147, -198, -295],
[1, 4, 0, -28, -35, -42, -273, -600, -279],
[1, 4, 14, 56, 105, 28, -168, -208, -272],
[1, 4, 0, -28, -70, -84, -56, 65, -258],
[1, 4, 0, 0, 0, 0, 0, -65, -260],
[1, 4, 0, -28, -70, -84, -56, 60, -243],
[1, 4, 0, 7, 70, 126, 259, -260, -228],
[1, 4, 0, -28, -70, -84, -56, 55, -228],
[1, 4, 0, 0, 0, 0, 0, -55, -220],
[1, 4, 0, -28, -70, -84, -56, 140, -203],
[1, 4, 0, -28, -70, -84, -56, 45, -198],
[1, 4, 0, 0, 0, -112, 112, 160, -200],
[1, 4, 0, -28, -70, -84, -56, 35, -168],
[1, 4, 0, 0, 0, 0, 0, -45, -180],
[1, 4, 0, 0, 0, -28, -182, -325, -180],
[1, 4, 0, 0, 0, 0, 0, -40, -160],
[1, 4, 0, 0, 0, -56, -224, -320, -160],
[1, 4, 0, -28, -35, -126, -189, -140, -147],
[1, 4, 0, -28, -70, -84, -56, 25, -138],
[1, 4, 0, 0, 0, 0, 0, -35, -140],
[1, 4, 0, -28, -70, -84, -56, 20, -123],
[1, 4, 0, 0, 0, -168, -112, 320, -120],
[1, 4, 0, 0, -35, -210, -315, -170, -120],
[1, 4, 0, -28, -70, -84, -56, 15, -108],
[1, 4, 0, -28, -105, -14, 49, 10, -93],
[1, 4, 0, -28, -70, 0, -210, -285, -90],
[1, 4, 0, 0, 0, 0, 0, -25, -100],
[1, 4, 14, 0, -140, -364, -406, -201, -90],
[1, 4, 0, -28, -70, 168, -658, -455, -84],
[1, 4, 0, -28, -70, -84, -56, 5, -78],
[1, 4, 0, 0, 35, 210, 315, 120, -80],
[1, 4, 0, 0, 35, 182, 203, 120, -80],
[1, 4, 0, -63, -210, -294, -91, 35, -63],
[1, 4, 0, -28, -35, -154, -161, 0, -63],
[1, 4, 14, 56, 0, 0, 0, -15, -60],
[1, 4, 0, 0, 0, 0, 0, -15, -60],
[1, 4, 0, 0, 0, -84, -266, 265, -60],
[1, 4, 0, 0, 0, -84, -406, -295, -60],
[1, 4, 0, -28, -70, -84, -56, -5, -48],
[1, 4, 0, -28, -70, 420, 0, -140, -35],
[1, 4, 7, 7, -105, -266, -784, -232, -32],
[1, 4, 0, -28, -70, 0, -350, 115, -30],
[1, 4, 0, -28, -70, 84, -224, 100, -27],
[1, 4, 0, -28, -70, 84, -504, -180, -27],
[1, 4, 0, -28, -70, -84, -56, -15, -18],
[1, 4, 0, -28, -70, 28, -168, 60, -19],
[1, 4, 14, 21, -105, -210, -525, -65, -15],
[1, 4, 0, 35, 35, 168, -63, 75, -15],
[1, 4, 0, 0, 0, 0, 0, -5, -20],
[1, 4, 0, 0, 0, -252, -1078, -285, -20],
[1, 4, 0, -28, -70, -56, -154, 25, -12],
[1, 4, 0, -28, -70, -28, -112, 20, -11],
[1, 4, 0, -28, -70, -140, 0, -60, 5],
[1, 4, 0, 7, 0, -14, 49, -35, 7],
[1, 4, 14, 35, 0, -56, 21, 11, -5],
[1, 4, 0, -28, -70, -84, -56, -25, 12],
[1, 4, 0, -28, -70, -196, 56, -100, 13],
[1, 4, 14, 21, -35, -182, 287, -128, 13],
[1, 4, 0, 0, 140, -126, 266, 395, 5],
[1, 4, 7, -28, -140, -112, 672, 256, 16],
[1, 4, 0, -28, -70, -252, 392, 140, 21],
[1, 4, 0, -28, -70, -252, 112, -140, 21],
[1, 4, 0, -28, -70, -168, 238, -155, 24],
[1, 4, 0, -28, -70, -588, -112, 100, 29],
[1, 4, 0, 0, 0, 252, 1078, 285, 20],
[1, 4, 0, 0, 0, 0, 0, 5, 20],
[1, 4, 0, 0, 0, -245, -280, -125, 25],
[1, 4, 14, 21, -35, -98, -7, 88, 37],
[1, 4, 7, 42, 175, 0, -175, 290, 40],
[1, 4, 0, -28, -70, -84, -56, -35, 42],
[1, 4, 0, -28, -70, -196, 196, 215, 48],
[1, 4, 14, 56, 0, 0, 0, 15, 60],
[1, 4, 0, -28, -70, 252, -112, -100, 69],
[1, 4, 0, 0, 0, 84, 406, 295, 60],
[1, 4, 0, 0, 0, 84, 266, -265, 60],
[1, 4, 0, 0, 0, 0, 0, 15, 60],
[1, 4, 0, -28, -70, -84, -56, -45, 72],
[1, 4, 0, -28, -70, -336, 546, 415, 78],
[1, 4, 0, -28, -70, -168, 98, 245, 84],
[1, 4, 7, 7, 0, 462, 63, 199, 89],
[1, 4, 0, 0, 35, 98, -133, 160, 80],
[1, 4, 0, 0, 35, 70, -245, 160, 80],
[1, 4, 0, -28, -70, -84, -56, -55, 102],
[1, 4, 0, -35, -105, -140, -35, 120, 95],
[1, 4, 0, 0, 0, 0, 0, 25, 100],
[1, 4, 0, -28, -70, 161, 399, 280, 112],
[1, 4, 0, -28, -70, -84, -56, -60, 117],
[1, 4, 0, 0, 0, 168, 112, -320, 120],
[1, 4, 0, 0, -35, -70, 245, -110, 120],
[1, 4, 0, -28, -70, -84, -56, -65, 132],
[1, 4, 0, 0, 0, 0, 0, 35, 140],
[1, 4, 0, -28, -70, -84, -56, -75, 162],
[1, 4, 0, 0, 0, 56, 224, 320, 160],
[1, 4, 0, 0, 0, 0, 0, 40, 160],
[1, 4, 14, 56, 105, 364, 616, -24, 184],
[1, 4, 0, -28, -70, -84, -56, -85, 192],
[1, 4, 0, 0, 0, 112, 588, 605, 180],
[1, 4, 0, 0, 0, 28, 42, -235, 180],
[1, 4, 0, 0, 0, 0, 0, 45, 180],
[1, 4, 0, -28, -70, -84, -56, -180, 197],
[1, 4, 0, 0, 0, -112, 112, -160, 200],
[1, 4, 0, -28, -70, -84, -56, -95, 222],
[1, 4, 0, 0, 0, 0, 0, 55, 220],
[1, 4, 0, -28, -70, -84, -56, -100, 237],
[1, 4, 0, -28, -70, -84, -56, -105, 252],
[1, 4, 0, 0, 0, 0, 0, 65, 260],
[1, 4, 0, -28, -70, -84, -56, -115, 282],
[1, 4, 0, -28, -70, -84, -56, -125, 312],
[1, 4, 0, -28, -70, -84, -56, -135, 342],
[1, 4, 0, -28, -70, -84, -56, -140, 357],
[1, 4, 0, -28, -70, -84, -56, -145, 372],
[1, 4, 0, -28, -70, -84, -56, -155, 402],
[1, 4, 0, -28, -70, -112, -98, 215, 426],
[1, 4, 0, -28, -70, -84, -56, -165, 432],
[1, 3, 0, 0, 0, 0, 0, -145, -435],
[1, 3, 0, 0, 0, 0, 0, -240, -405],
[1, 3, 0, 0, 0, 0, 0, -135, -405],
[1, 3, 0, 0, 0, 0, 0, -125, -375],
[1, 3, 0, 0, 0, 0, 0, -120, -360],
[1, 3, 0, 0, 0, 0, 0, -115, -345],
[1, 3, 0, 0, 0, 0, 0, -105, -315],
[1, 3, 0, 0, 0, 0, 0, -95, -285],
[1, 3, 0, 0, 0, 0, 0, -85, -255],
[1, 3, 0, 0, 0, 0, 0, -80, -240],
[1, 3, -7, -49, -105, -119, -77, 28, -224],
[1, 3, 0, 0, 0, 0, 0, -75, -225],
[1, 3, 0, 0, 0, 0, 0, -65, -195],
[1, 3, -7, -49, -105, -119, -77, 18, -184],
[1, 3, -7, -49, -105, -119, -77, 13, -164],
[1, 3, 0, 0, 0, 0, 0, -55, -165],
[1, 3, -7, -49, -105, -119, -77, 53, -149],
[1, 3, -7, -49, -105, -119, -77, 8, -144],
[1, 3, 0, -49, -140, -168, -189, 270, -128],
[1, 3, 21, 63, 210, 378, 189, -147, -126],
[1, 3, 0, 0, 0, 0, 0, -80, -135],
[1, 3, 0, 0, 0, 0, 0, -45, -135],
[1, 3, 0, 0, 0, -28, 56, 60, -135],
[1, 3, 0, 0, 0, -28, -154, -255, -135],
[1, 3, 0, 0, 0, -112, -196, 375, -135],
[1, 3, 0, 0, 0, -112, -336, -360, -135],
[1, 3, 0, 0, 0, -252, -56, 340, -135],
[1, 3, 0, 0, 0, -252, -616, -500, -135],
[1, 3, -7, -49, -140, -14, 63, 3, -124],
[1, 3, -7, -49, -105, -35, -315, -390, -120],
[1, 3, 21, 28, 35, -84, 28, -224, -112],
[1, 3, 0, 0, 0, 0, 0, -40, -120],
[1, 3, -7, -49, -105, -119, -77, -2, -104],
[1, 3, 0, 0, 0, 0, 0, -35, -105],
[1, 3, 0, 0, -35, -175, -245, -135, -90],
[1, 3, -7, -49, -70, -224, -217, -7, -84],
[1, 3, 0, 21, 35, -70, 35, -260, -80],
[1, 3, -7, -49, -105, -7, -301, 189, -77],
[1, 3, 0, 0, 0, 0, 0, -25, -75],
[1, 3, -7, -49, -105, 91, 133, -12, -64],
[1, 3, -7, -49, -105, -119, -77, -12, -64],
[1, 3, -7, -49, -105, 301, -217, -267, -59],
[1, 3, 0, 0, 35, 175, 245, 85, -60],
[1, 3, 0, 0, 35, 147, 161, 85, -60],
[1, 3, 0, 0, 0, 0, 0, -15, -45],
[1, 3, 0, 0, 0, -84, -182, 195, -45],
[1, 3, -7, -49, -105, 133, -161, -171, -37],
[1, 3, -7, -49, -105, 49, -693, -243, -36],
[1, 3, -7, -14, 0, -35, 0, 70, -35],
[1, 3, -7, -14, -105, -7, -126, 54, -27],
[1, 3, -7, -49, -105, -119, -77, -22, -24],
[1, 3, -7, -49, -105, -91, -203, 32, -16],
[1, 3, -7, -49, -105, -35, -105, -75, -15],
[1, 3, 21, 70, 140, 133, 49, -2, -20],
[1, 3, 0, 0, 0, 0, 0, -5, -15],
[1, 3, 0, 0, 0, -252, -686, 205, -15],
[1, 3, 0, 0, 0, -252, -826, -215, -15],
[1, 3, -7, -49, -105, -203, -49, 21, 7],
[1, 3, 0, -14, 0, 42, 91, 60, 12],
[1, 3, -7, -49, -105, -119, -77, -32, 16],
[1, 3, 0, 0, 0, 252, 826, 215, 15],
[1, 3, 0, 0, 0, 252, 686, -205, 15],
[1, 3, 0, 0, 0, 0, 0, 5, 15],
[1, 3, -7, -49, -105, -287, 539, 189, 28],
[1, 3, -7, -14, 0, -91, -98, -198, 29],
[1, 3, -7, -49, -105, -371, 7, 117, 29],
[1, 3, 21, 70, 105, -168, -49, 72, 20],
[1, 3, 0, 0, 0, 84, 322, 225, 45],
[1, 3, 0, 0, 0, 0, 0, 15, 45],
[1, 3, -14, -35, 70, 28, -56, -62, 45],
[1, 3, -14, -35, 70, -56, 112, -146, 45],
[1, 3, -7, -49, -105, -539, 63, 213, 51],
[1, 3, -7, -49, -105, -119, -77, -42, 56],
[1, 3, -7, -49, -105, -231, 287, 292, 64],
[1, 3, -7, -49, -105, -231, 147, -243, 69],
[1, 3, 0, -49, -210, -546, -413, -180, 69],
[1, 3, 0, 0, 35, 63, -91, 125, 60],
[1, 3, 0, 0, 35, 35, -175, 125, 60],
[1, 3, 0, 0, 0, 0, 0, 25, 75],
[1, 3, 0, 0, 70, 308, 469, 260, 80],
[1, 3, 0, 0, -35, -35, 175, -75, 90],
[1, 3, -7, -49, -105, -119, -77, -52, 96],
[1, 3, -7, -49, -105, -203, 161, 336, 112],
[1, 3, 0, 0, 0, 0, 0, 35, 105],
[1, 3, 0, 0, 0, 0, 0, 40, 120],
[1, 3, -7, -49, -105, -119, -77, -62, 136],
[1, 3, 0, 0, 0, 252, 616, 500, 135],
[1, 3, 0, 0, 0, 252, 56, -340, 135],
[1, 3, 0, 0, 0, 112, 476, 465, 135],
[1, 3, 0, 0, 0, 112, 336, 360, 135],
[1, 3, 0, 0, 0, 28, 14, -165, 135],
[1, 3, 0, 0, 0, 0, 0, 80, 135],
[1, 3, 0, 0, 0, 0, 0, 45, 135],
[1, 3, -7, -49, -105, -119, -77, -107, 141],
[1, 3, -7, -49, -105, -119, -77, -67, 156],
[1, 3, -7, -14, 0, 35, 350, 390, 155],
[1, 3, 0, 0, 70, 238, 434, 460, 155],
[1, 3, -7, -49, -105, -91, 182, 117, 169],
[1, 3, 0, 0, 0, 0, 0, 55, 165],
[1, 3, -7, -49, -105, -119, -77, -72, 176],
[1, 3, 0, 0, 0, -126, -63, 270, 180],
[1, 3, 0, 0, 0, 0, 0, 65, 195],
[1, 3, -7, -49, -105, -119, -77, -82, 216],
[1, 3, 0, 0, 0, 0, 0, 75, 225],
[1, 3, 0, 0, 0, 0, 0, 80, 240],
[1, 3, 0, 0, 0, 0, 0, 85, 255],
[1, 3, 0, 0, 0, 0, 0, 95, 285],
[1, 3, -7, -14, 70, 217, 266, 246, 297],
[1, 3, 0, 0, 0, 0, 0, 105, 315],
[1, 3, 0, 0, 0, 0, 0, 115, 345],
[1, 3, 0, 0, 0, 0, 0, 120, 360],
[1, 3, 0, 0, 0, 0, 0, 125, 375],
[1, 3, 0, 0, 0, 0, 0, 240, 405],
[1, 3, 0, 0, 0, 0, 0, 135, 405],
[1, 3, 0, 0, 0, 0, 0, 145, 435],
[1, 3, 0, 0, 0, 0, 0, 155, 465],
[1, 3, 0, 0, 0, 0, 0, 160, 480],
[1, 3, 0, 0, 0, 0, 0, 165, 495],
[1, 3, 0, 0, 0, 0, 0, 175, 525],
[1, 2, 0, 0, 0, 0, 0, -245, -490],
[1, 2, 0, 0, 0, 0, 0, -240, -480],
[1, 2, 0, 0, 0, 0, 0, -235, -470],
[1, 2, 0, 0, 0, 0, 0, -225, -450],
[1, 2, 0, 0, 0, 0, 0, -215, -430],
[1, 2, 0, 0, 0, 0, 0, -205, -410],
[1, 2, 0, 0, 0, 0, 0, -200, -400],
[1, 2, 0, 0, 0, 0, 0, -195, -390],
[1, 2, 0, 0, 0, 0, 0, -185, -370],
[1, 2, 0, 0, 0, 0, 0, -320, -360],
[1, 2, 0, 0, 0, 0, 0, -175, -350],
[1, 2, 0, 0, 0, 0, 0, -165, -330],
[1, 2, 0, 0, 0, 0, 0, -160, -320],
[1, 2, 0, 0, 0, 0, 0, -155, -310],
[1, 2, 0, -21, -35, -14, 147, 70, -301],
[1, 2, 0, 0, 0, 0, 0, -145, -290],
[1, 2, 0, 0, 0, 0, 0, -135, -270],
[1, 2, 0, 0, 0, -84, 42, 285, -270],
[1, 2, 0, 0, 0, -84, -378, -555, -270],
[1, 2, 0, -35, -70, -35, 105, 220, -260],
[1, 2, 0, 0, 0, 0, 0, -125, -250],
[1, 2, 0, 14, 70, 42, -266, -535, -237],
[1, 2, 0, 0, 0, 0, 0, -115, -230],
[1, 2, 0, 0, 0, 0, 0, -120, -240],
[1, 2, 0, 0, 0, -168, 224, 160, -240],
[1, 2, 0, 0, 0, -168, -56, 440, -240],
[1, 2, -7, 14, 70, -140, 105, 100, -220],
[1, 2, 0, 0, 0, 0, 0, -105, -210],
[1, 2, 0, 0, 0, 0, 0, -95, -190],
[1, 2, 0, 0, 0, 0, 0, -85, -170],
[1, 2, -7, -21, 0, 21, 147, -42, -161],
[1, 2, 0, 0, 0, 0, 0, -80, -160],
[1, 2, 0, 0, 0, 0, 0, -75, -150],
[1, 2, 0, 35, 35, -238, -511, -335, -145],
[1, 2, 0, 0, 0, 0, 0, -65, -130],
[1, 2, 0, 0, 0, 0, 0, -55, -110],
[1, 2, -14, 0, 105, 56, -133, -114, -95],
[1, 2, -14, -28, 70, 14, -392, -361, -92],
[1, 2, 0, 0, 0, 0, 0, -45, -90],
[1, 2, 0, 0, 0, -28, -126, -185, -90],
[1, 2, 0, 0, 0, -112, -84, 235, -90],
[1, 2, 0, 0, 0, -252, -294, 375, -90],
[1, 2, 0, 0, 0, 0, 0, -40, -80],
[1, 2, 0, 0, 0, -63, -161, -180, -80],
[1, 2, 0, 0, 0, -224, -448, -320, -80],
[1, 2, -7, -21, 70, -217, -329, -6, -68],
[1, 2, 0, 0, 0, 0, 0, -35, -70],
[1, 2, -7, 14, 105, -42, -294, -226, -53],
[1, 2, -7, -21, 70, -91, -147, 62, -44],
[1, 2, 0, 0, 0, 0, 0, -25, -50],
[1, 2, 0, 0, -35, -140, -175, -100, -60],
[1, 2, -7, -21, 70, -28, -56, 96, -32],
[1, 2, -14, -70, -140, -154, -98, -29, -30],
[1, 2, 0, 0, 35, 140, 175, 50, -40],
[1, 2, 0, 0, 35, 112, 119, 50, -40],
[1, 2, 0, 0, 0, -112, -224, -160, -40],
[1, 2, 0, 0, 0, 0, 0, -15, -30],
[1, 2, 0, 0, 0, -84, -98, 125, -30],
[1, 2, 0, 0, 0, -84, -238, -155, -30],
[1, 2, 0, 0, 0, -336, -532, 265, -30],
[1, 2, 0, 0, 0, -336, -812, -295, -30],
[1, 2, -14, -35, -35, -210, 105, -310, -25],
[1, 2, -7, -21, 70, 35, 35, 130, -20],
[1, 2, -14, -70, -140, -126, -252, 39, -20],
[1, 2, -14, -70, -140, -217, -329, -262, -20],
[1, 2, 0, -21, -35, -28, -21, 0, -7],
[1, 2, 0, 0, 0, 0, 0, -5, -10],
[1, 2, 0, 0, 0, -252, -434, 135, -10],
[1, 2, 0, 0, 0, -252, -574, -145, -10],
[1, 2, -14, -28, 70, 98, -14, 53, 1],
[1, 2, -7, -21, 70, 161, 217, 198, 4],
[1, 2, 21, 42, 140, 189, 238, 89, 3],
[1, 2, 21, 70, 140, 7, -126, 57, -5],
[1, 2, 0, 0, 0, 252, 574, 145, 10],
[1, 2, 0, 0, 0, 252, 434, -135, 10],
[1, 2, 0, 0, 0, 0, 0, 5, 10],
[1, 2, -14, -70, -140, -154, -98, -39, 20],
[1, 2, 21, 42, 105, 231, 42, -354, 27],
[1, 2, -7, -21, 70, 287, 399, 266, 28],
[1, 2, 0, 0, 0, 336, 812, 295, 30],
[1, 2, 0, 0, 0, 336, 532, -265, 30],
[1, 2, 0, 0, 0, 84, 238, 155, 30],
[1, 2, 0, 0, 0, 84, 98, -125, 30],
[1, 2, 0, 0, 0, 0, 0, 15, 30],
[1, 2, -14, 0, 105, 14, 28, -176, 40],
[1, 2, 0, -21, 0, 42, 119, -200, 48],
[1, 2, -7, -21, 70, 413, 581, 334, 52],
[1, 2, 0, 0, 35, 28, -49, 90, 40],
[1, 2, 0, 0, 35, 0, -105, 90, 40],
[1, 2, 0, 0, 0, 112, 224, 160, 40],
[1, 2, 0, 0, 0, 0, 0, 25, 50],
[1, 2, 0, 0, 0, 0, 0, 35, 70],
[1, 2, 0, 0, -35, 0, 105, -40, 60],
[1, 2, -14, -28, 70, 350, 560, 355, 80],
[1, 2, 0, 0, 0, 224, 448, 320, 80],
[1, 2, 0, 0, 0, 0, 0, 40, 80],
[1, 2, 0, 0, 0, 252, 294, -375, 90],
[1, 2, 0, 0, 0, 112, 364, 325, 90],
[1, 2, 0, 0, 0, 28, -14, -95, 90],
[1, 2, 0, 0, 0, 0, 0, 45, 90],
[1, 2, 0, 35, 0, -42, -189, 190, 100],
[1, 2, 0, 0, 0, 0, 0, 55, 110],
[1, 2, 0, -21, -35, -28, 119, 200, 113],
[1, 2, 0, 0, 0, -168, -56, 200, 120],
[1, 2, 0, 0, 0, 0, 0, 65, 130],
[1, 2, 0, 0, 0, 0, 0, 75, 150],
[1, 2, 0, 0, 0, 224, -112, 80, 160],
[1, 2, 0, 0, 0, 0, 0, 80, 160],
[1, 2, 0, 0, 0, 0, 0, 85, 170],
[1, 2, 0, 0, 0, 0, 0, 95, 190],
[1, 2, 0, 0, 0, 0, 0, 105, 210],
[1, 2, 0, 0, 0, 0, 0, 115, 230],
[1, 2, 0, -35, -70, 35, 245, 470, 240],
[1, 2, 0, 0, 0, 0, 0, 125, 250],
[1, 2, 0, 0, 0, 168, 56, -440, 240],
[1, 2, 0, 0, 0, 168, -224, -160, 240],
[1, 2, 0, 0, 0, 0, 0, 120, 240],
[1, 2, 0, 14, 70, 252, 154, -235, 258],
[1, 2, 0, 0, 0, 84, 378, 555, 270],
[1, 2, 0, 0, 0, 84, -42, -285, 270],
[1, 2, 0, 0, 0, 0, 0, 135, 270],
[1, 2, 0, 0, 0, 0, 0, 145, 290],
[1, 2, 0, 0, 0, -105, -105, 150, 300],
[1, 2, 0, 0, 0, 0, 0, 155, 310],
[1, 2, 0, 0, 0, 0, 0, 160, 320],
[1, 2, 0, 0, 0, 0, 0, 165, 330],
[1, 2, 0, -21, -35, -84, -63, 5, 339],
[1, 2, 0, 0, 0, 0, 0, 175, 350],
[1, 2, 0, 0, 0, 0, 0, 320, 360],
[1, 2, 0, 0, 0, 0, 0, 185, 370],
[1, 2, 0, -21, -35, -42, 91, 220, 377],
[1, 2, 0, 0, 0, 0, 0, 195, 390],
[1, 2, 0, 0, 0, 0, 0, 200, 400],
[1, 2, 0, 0, 0, 0, 0, 205, 410],
[1, 2, 0, 0, 0, 0, 0, 215, 430],
[1, 2, 0, 0, 0, 0, 0, 225, 450],
[1, 2, 0, 0, 0, 0, 0, 235, 470],
[1, 2, 0, 0, 0, 0, 0, 240, 480],
[1, 2, 0, 0, 0, 0, 0, 245, 490],
[1, 1, 0, 0, 0, 0, 0, -415, -415],
[1, 1, 0, 0, 0, 0, 0, -405, -405],
[1, 1, 0, 0, 0, 0, 0, -400, -400],
[1, 1, 0, 0, 0, 0, 0, -395, -395],
[1, 1, 0, 0, 0, 0, 0, -385, -385],
[1, 1, 0, 0, 0, 0, 0, -375, -375],
[1, 1, 0, 0, 0, 0, 0, -365, -365],
[1, 1, 0, 0, 0, 0, 0, -360, -360],
[1, 1, 0, 0, 0, 0, 0, -355, -355],
[1, 1, 0, 0, 0, 0, 0, -345, -345],
[1, 1, 0, 0, 0, 0, 0, -335, -335],
[1, 1, 0, 0, 0, 0, 0, -325, -325],
[1, 1, 0, 0, 0, -42, 168, -115, -325],
[1, 1, 0, 0, 0, 0, 0, -320, -320],
[1, 1, 0, 0, 0, 0, 0, -315, -315],
[1, 1, 0, 0, 0, 0, 0, -305, -305],
[1, 1, 0, 0, 0, 0, 0, -295, -295],
[1, 1, 0, -7, -70, 84, -56, 160, -288],
[1, 1, 0, 0, 0, 0, 0, -285, -285],
[1, 1, 0, 0, 0, 0, 0, -280, -280],
[1, 1, 0, 0, 0, 0, 0, -275, -275],
[1, 1, 0, 0, 0, 0, 0, -265, -265],
[1, 1, 0, -7, -70, 28, -112, 80, -256],
[1, 1, 0, 0, 0, 0, 0, -255, -255],
[1, 1, 0, 0, 0, 0, 0, -245, -245],
[1, 1, 0, 0, 0, 0, 0, -240, -240],
[1, 1, 0, -7, -70, -28, -168, 0, -224],
[1, 1, 0, -7, 0, 140, -35, -330, -225],
[1, 1, 0, 0, 0, 0, 0, -235, -235],
[1, 1, 0, 0, 0, 0, 0, -400, -225],
[1, 1, 0, 0, 0, 0, 0, -225, -225],
[1, 1, 0, 0, 0, -140, 210, 125, -225],
[1, 1, 0, 0, 0, 0, 0, -215, -215],
[1, 1, 0, 0, 0, 0, 0, -205, -205],
[1, 1, 0, -7, -70, -84, -224, -80, -192],
[1, 1, 0, 0, 0, 0, 0, -200, -200],
[1, 1, 0, 0, 0, 0, 0, -195, -195],
[1, 1, 0, 0, 0, 0, 0, -185, -185],
[1, 1, 0, 0, 0, 0, 0, -175, -175],
[1, 1, 0, -7, -70, -140, -280, -160, -160],
[1, 1, 0, 0, 0, 0, 0, -165, -165],
[1, 1, 0, 0, 0, 0, 0, -160, -160],
[1, 1, 0, 0, 0, -56, 224, -160, -160],
[1, 1, 0, -35, -35, -175, 0, 25, -150],
[1, 1, 0, 0, 0, 0, 0, -155, -155],
[1, 1, 0, 0, 0, 0, 0, -145, -145],
[1, 1, 0, -35, -35, -35, 140, 45, -130],
[1, 1, 0, -7, -70, -196, -336, -240, -128],
[1, 1, 0, 0, 0, 0, 0, -240, -135],
[1, 1, 0, 0, 0, 0, 0, -135, -135],
[1, 1, 0, 0, 0, -84, 126, 75, -135],
[1, 1, 0, 0, 0, -84, -294, -345, -135],
[1, 1, 0, 28, 70, 84, 84, -60, -123],
[1, 1, 0, 0, 0, 0, 0, -125, -125],
[1, 1, 0, 0, 0, -28, -168, -300, -125],
[1, 1, 0, 0, 0, -252, 98, 225, -125],
[1, 1, 0, 35, 35, -35, 140, 55, -120],
[1, 1, 0, 0, 0, 0, 0, -115, -115],
[1, 1, 0, 0, 0, 0, 0, -120, -120],
[1, 1, 0, 0, 0, -168, 112, 160, -120],
[1, 1, 0, 0, 0, -168, -448, -400, -120],
[1, 1, 0, -35, -70, -189, 56, 95, -115],
[1, 1, 0, 0, 0, 0, 0, -105, -105],
[1, 1, 0, -7, -70, -252, -392, -320, -96],
[1, 1, 7, -7, 0, -140, -105, -130, -95],
[1, 1, 0, -35, -35, 175, 350, 75, -100],
[1, 1, 0, 0, 0, 0, 0, -95, -95],
[1, 1, 14, 14, 35, 7, -63, -117, -82],
[1, 1, 0, 0, 0, 0, 0, -85, -85],
[1, 1, 7, 28, 0, 35, -105, 200, -80],
[1, 1, 7, 28, -35, -203, 392, -121, -79],
[1, 1, 0, -7, -70, -42, -147, -20, -76],
[1, 1, 14, 14, 105, -161, -161, -319, -74],
[1, 1, 0, 0, 0, 0, 0, -80, -80],
[1, 1, 0, 0, 0, 0, 0, -75, -75],
[1, 1, 0, 0, 0, -420, 280, 100, -75],
[1, 1, 0, 0, 0, -420, -70, 275, -75],
[1, 1, 7, 28, 175, 154, 189, -82, -68],
[1, 1, 7, -7, -105, 21, -119, 17, -67],
[1, 1, 0, 0, 0, 0, 0, -65, -65],
[1, 1, 7, 28, 0, 133, -42, 196, -56],
[1, 1, 0, -35, -35, -126, -91, -130, -60],
[1, 1, 0, 0, 0, 0, 0, -55, -55],
[1, 1, 0, 0, 0, 42, 7, 10, -60],
[1, 1, 0, 0, 0, 0, -315, -270, -60],
[1, 1, 0, 0, 0, 0, 0, -80, -45],
[1, 1, 0, 0, 0, 0, 0, -45, -45],
[1, 1, 0, 0, 0, -28, -98, -115, -45],
[1, 1, 0, 0, 0, -112, 28, 95, -45],
[1, 1, 0, 0, 0, -252, 168, 60, -45],
[1, 1, 0, 0, 0, -252, -42, 165, -45],
[1, 1, 0, 0, 0, -252, -392, -220, -45],
[1, 1, 0, 0, 0, -252, -462, -255, -45],
[1, 1, 0, 0, 0, 0, 0, -40, -40],
[1, 1, 0, 0, 0, -504, -224, 240, -40],
[1, 1, 0, 0, -35, -105, -105, -65, -30],
[1, 1, 0, 0, 0, 0, 0, -35, -35],
[1, 1, 14, 49, 70, -28, -133, -132, -27],
[1, 1, 14, 49, 105, 259, 784, 11, -24],
[1, 1, 0, 0, 0, 0, 0, -25, -25],
[1, 1, 14, 14, 0, 0, 0, -15, -15],
[1, 1, 0, 0, 35, 105, 105, 15, -20],
[1, 1, 0, 0, 35, 77, 77, 15, -20],
[1, 1, 0, 0, 0, 0, 0, -15, -15],
[1, 1, 0, 0, 0, -84, 56, 20, -15],
[1, 1, 0, 0, 0, -84, -14, 55, -15],
[1, 1, 0, 0, 0, -84, -154, -85, -15],
[1, 1, 0, 0, 0, -336, -196, 125, -15],
[1, 1, 0, 0, 0, -336, -336, -120, -15],
[1, 1, 0, 0, 0, -336, -476, -155, -15],
[1, 1, 0, 0, 0, -756, -546, 195, -15],
[1, 1, 0, 28, 70, 84, 14, -10, -3],
[1, 1, 0, 0, 0, 0, 0, -5, -5],
[1, 1, 0, 0, 0, -112, -112, -40, -5],
[1, 1, 0, 0, 0, -252, -182, 65, -5],
[1, 1, 0, 0, 0, -252, -322, -75, -5],
[1, 1, 7, 28, 0, 161, 126, -48, 8],
[1, 1, 7, -7, 35, -7, 63, 51, 9],
[1, 1, 0, 0, 0, 252, 322, 75, 5],
[1, 1, 0, 0, 0, 252, 182, -65, 5],
[1, 1, 0, 0, 0, 112, 112, 40, 5],
[1, 1, 0, 0, 0, 0, 0, 5, 5],
[1, 1, 7, -42, 140, -448, 112, -96, 16],
[1, 1, 0, 0, 0, 756, 546, -195, 15],
[1, 1, 0, 0, 0, 336, 476, 155, 15],
[1, 1, 0, 0, 0, 336, 336, 120, 15],
[1, 1, 0, 0, 0, 336, 196, -125, 15],
[1, 1, 0, 0, 0, 84, 154, 85, 15],
[1, 1, 0, 0, 0, 84, 14, -55, 15],
[1, 1, 0, 0, 0, 84, -56, -20, 15],
[1, 1, 0, 0, 0, 0, 0, 15, 15],
[1, 1, 14, 49, 70, 350, 455, 200, 25],
[1, 1, 0, 0, 0, 0, 0, 25, 25],
[1, 1, 0, 0, -35, 35, 35, -5, 30],
[1, 1, 0, 0, 35, -7, -7, 55, 20],
[1, 1, 0, 0, 35, -35, -35, 55, 20],
[1, 1, 0, 28, 175, 147, -273, 330, 36],
[1, 1, 0, 0, 0, 0, 0, 35, 35],
[1, 1, 0, 0, 0, 504, 224, -240, 40],
[1, 1, 0, 0, 0, 0, 0, 40, 40],
[1, 1, 14, 0, 70, 56, 56, 129, 45],
[1, 1, 0, 0, 0, 448, 168, -235, 45],
[1, 1, 0, 0, 0, 252, 462, 255, 45],
[1, 1, 0, 0, 0, 252, 392, 220, 45],
[1, 1, 0, 0, 0, 252, 42, -165, 45],
[1, 1, 0, 0, 0, 252, -168, -60, 45],
[1, 1, 0, 0, 0, 126, -294, 150, 45],
[1, 1, 0, 0, 0, 112, 252, 185, 45],
[1, 1, 0, 0, 0, 28, -42, -25, 45],
[1, 1, 0, 0, 0, 0, 0, 80, 45],
[1, 1, 0, 0, 0, 0, 0, 45, 45],
[1, 1, 0, 28, 140, 196, 196, 175, 63],
[1, 1, 0, 0, 0, 0, 0, 55, 55],
[1, 1, 0, 0, 0, 0, 0, 65, 65],
[1, 1, 0, 35, 140, 63, -217, -10, 60],
[1, 1, 0, 35, 35, 126, 91, 130, 60],
[1, 1, 14, 14, 35, 63, -7, 47, 82],
[1, 1, 0, 0, 0, 420, 70, -275, 75],
[1, 1, 0, 0, 0, 420, -280, -100, 75],
[1, 1, 0, 0, 0, 0, 0, 75, 75],
[1, 1, 0, -35, -70, -70, 35, 100, 65],
[1, 1, 0, 0, 0, 0, 0, 80, 80],
[1, 1, 0, 0, 0, 0, 0, 85, 85],
[1, 1, 0, 0, 0, 0, 0, 95, 95],
[1, 1, 0, 35, 35, -175, 0, 275, 100],
[1, 1, 0, 0, 0, 0, 0, 105, 105],
[1, 1, 0, 0, -70, 98, 133, 100, 100],
[1, 1, 0, 0, 0, 0, 0, 115, 115],
[1, 1, 0, 28, -70, 70, 70, -50, 125],
[1, 1, 0, 35, 35, 35, 210, 305, 130],
[1, 1, 0, 0, 0, 252, -98, -225, 125],
[1, 1, 0, 0, 0, 0, 0, 125, 125],
[1, 1, 0, 0, 0, 168, 448, 400, 120],
[1, 1, 0, 0, 0, 168, -112, -160, 120],
[1, 1, 0, 0, 0, 0, 0, 120, 120],
[1, 1, 0, -35, -35, 35, 210, 295, 120],
[1, 1, 0, 35, 0, 119, 364, 325, 115],
[1, 1, 0, 0, 0, 84, 294, 345, 135],
[1, 1, 0, 0, 0, 84, -126, -75, 135],
[1, 1, 0, 0, 0, 0, 0, 240, 135],
[1, 1, 0, 0, 0, 0, 0, 135, 135],
[1, 1, 0, 35, 35, 175, 350, 325, 150],
[1, 1, 0, 0, 0, 0, 0, 145, 145],
[1, 1, 0, 0, 0, 0, 0, 155, 155],
[1, 1, 0, 0, 0, 56, -224, 160, 160],
[1, 1, 0, 0, 0, 0, 0, 160, 160],
[1, 1, 7, -7, -35, -77, 28, 281, 169],
[1, 1, 0, 0, 0, 0, 0, 165, 165],
[1, 1, 0, 0, 0, 0, 0, 175, 175],
[1, 1, 0, 0, 0, 0, 0, 185, 185],
[1, 1, 0, 0, 0, 0, 0, 195, 195],
[1, 1, 0, 0, 0, 0, 0, 200, 200],
[1, 1, 0, 0, 0, 0, 0, 205, 205],
[1, 1, 0, -7, 0, -35, -105, 80, 220],
[1, 1, 0, 0, 0, 0, 0, 215, 215],
[1, 1, 0, 0, 0, 0, 0, 400, 225],
[1, 1, 0, 0, 0, 0, 0, 225, 225],
[1, 1, 0, 0, 0, 0, 0, 235, 235],
[1, 1, 0, 0, 0, 0, 0, 240, 240],
[1, 1, 0, 0, 0, 0, 0, 245, 245],
[1, 1, 0, 0, 0, 0, 0, 255, 255],
[1, 1, 0, 0, 0, 0, 0, 265, 265],
[1, 1, 0, 0, 0, 0, 0, 275, 275],
[1, 1, 0, 0, 0, 0, 0, 280, 280],
[1, 1, 0, 0, 0, 0, 0, 285, 285],
[1, 1, 0, 0, 0, 0, 0, 295, 295],
[1, 1, 0, 0, 0, 0, 0, 305, 305],
[1, 1, 0, 0, 0, 0, 0, 315, 315],
[1, 1, 0, 0, 0, 0, 0, 320, 320],
[1, 1, 0, 0, 0, 42, 252, 535, 325],
[1, 1, 0, 0, 0, 0, 0, 325, 325],
[1, 1, 0, 0, 0, 0, 0, 335, 335],
[1, 1, 0, 0, 0, 0, 0, 345, 345],
[1, 1, 0, 0, 0, 0, 0, 355, 355],
[1, 1, 0, 0, 0, 0, 0, 360, 360],
[1, 1, 0, 0, 0, 0, 0, 365, 365],
[1, 1, 0, 0, 0, 0, 0, 375, 375],
[1, 1, 0, 0, 0, 0, 0, 385, 385],
[1, 1, 0, 0, 0, 0, 0, 395, 395],
[1, 1, 0, 0, 0, 0, 0, 400, 400],
[1, 1, 0, 0, 0, 0, 0, 405, 405],
[1, 1, 0, 0, 0, 0, 0, 415, 415],
[1, 0, -7, -14, -35, 133, 70, 4, -287],
[1, 0, -7, -14, 35, 133, 245, 144, -252],
[1, 0, -7, -14, 0, 21, 0, -27, -189],
[1, 0, -7, -21, 105, 252, 280, 96, -112],
[1, 0, 0, -35, -35, -56, -175, -25, -175],
[1, 0, 7, -42, -105, -252, -455, 6, -56],
[1, 0, -7, -14, 35, 133, 70, -6, -77],
[1, 0, -7, -14, 35, 217, 210, 266, -63],
[1, 0, -7, -14, 35, -91, -105, -58, 84],
[1, 0, -7, -14, -105, -217, -70, -16, -7],
[1, 0, -7, -14, 35, 168, 0, -166, 63],
[1, 0, -7, -14, 70, -91, -210, -273, 119],
[1, 0, -7, -14, 105, 14, -210, -78, 189]
];
