[I Thu Sep  9 22:04:04 2021] Program launch: 512 workers
[A Thu Sep  9 22:04:04 2021] ./bin/enum-debug -coeffs 1 -divisors 2,14,14,140,14,14,2,1 -discriminant -210827008000000 -input data/257/p2e14mod16_2d1_1d8.txt,data/257/p5e6mod25_2d1.txt,data/257/p7e7mod49_2d1.txt,data/257/p3e0mod3_E8.txt -bounds data/257/bounds1467.txt -output data/output/257/1467/output1467_2d1_1d8_E8.txt -tree data/257/treea8.txt -locked 4 -filter 11 
[R Fri Sep 10 00:37:27 2021] [1, 2, -14, -70, -560, -1834, -2618, 22046, -113555]
[R Fri Sep 10 00:38:11 2021] [1, 2, -14, -70, 280, 1526, 2422, 25406, -112715]
[R Fri Sep 10 00:39:31 2021] [1, 2, -14, -70, -140, 182, 7294, 32462, -111455]
[R Fri Sep 10 00:39:35 2021] [1, 2, -14, -70, 700, 3206, 4942, -44914, -111395]
[R Fri Sep 10 00:39:44 2021] [1, 2, -14, -70, -560, -1834, -2618, 21086, -111275]
[R Fri Sep 10 00:40:30 2021] [1, 2, -14, -70, 280, 1526, 2422, 24446, -110435]
[R Fri Sep 10 00:40:42 2021] [1, 2, -14, -70, 700, 3206, 4942, -45394, -110255]
[R Fri Sep 10 00:40:49 2021] [1, 2, -14, -70, -560, -1834, -2618, 20606, -110135]
[R Fri Sep 10 00:41:46 2021] [1, 2, -14, -70, 280, 1526, 2422, 23966, -109295]
[R Fri Sep 10 00:41:53 2021] [1, 2, -14, -70, 700, 3206, 4942, -45874, -109115]
[R Fri Sep 10 00:41:56 2021] [1, 2, -14, -70, -560, -1834, -2618, 20126, -108995]
[R Fri Sep 10 00:42:55 2021] [1, 2, -14, -70, 280, 1526, 2422, 23486, -108155]
[R Fri Sep 10 00:43:06 2021] [1, 2, -14, -70, 700, 3206, 4942, -46354, -107975]
[R Fri Sep 10 00:43:15 2021] [1, 2, -14, -70, -560, -1834, -2618, 19646, -107855]
[R Fri Sep 10 00:43:59 2021] [1, 2, -14, -70, 280, 1526, 2422, 23006, -107015]
[R Fri Sep 10 00:44:12 2021] [1, 2, -14, -70, 700, 3206, 4942, -46834, -106835]
[R Fri Sep 10 00:44:22 2021] [1, 2, -14, -70, -560, -1834, -2618, 19166, -106715]
[R Fri Sep 10 00:45:08 2021] [1, 2, -14, -70, 280, 1526, 2422, 22526, -105875]
[R Fri Sep 10 00:45:22 2021] [1, 2, -14, -70, 700, 3206, 4942, -47314, -105695]
[R Fri Sep 10 00:45:30 2021] [1, 2, -14, -70, -560, -1834, -2618, 18686, -105575]
[R Fri Sep 10 00:46:19 2021] [1, 2, -14, -70, 280, 1526, 2422, 22046, -104735]
[R Fri Sep 10 00:46:40 2021] [1, 2, -14, -70, -560, -1834, -2618, 18206, -104435]
[R Fri Sep 10 00:46:59 2021] [1, 2, -14, -70, -560, -1834, -2618, 17726, -103295]
[R Fri Sep 10 00:47:01 2021] [1, 2, -14, -70, 700, 3206, 4942, -48754, -102275]
[R Fri Sep 10 00:47:02 2021] [1, 2, -14, -70, -560, -1834, -2618, 17246, -102155]
[R Fri Sep 10 00:47:02 2021] [1, 2, -14, -70, 280, 1526, 2422, 21086, -102455]
[R Fri Sep 10 00:47:06 2021] [1, 2, -14, -70, 280, 1526, 2422, 20606, -101315]
[R Fri Sep 10 00:47:07 2021] [1, 2, -14, -70, 700, 3206, 4942, -49234, -101135]
[R Fri Sep 10 00:47:13 2021] [1, 2, -14, -70, -560, -1834, -2618, 16286, -99875]
[R Fri Sep 10 00:47:14 2021] [1, 2, -14, -70, 700, 3206, 4942, -49714, -99995]
[R Fri Sep 10 00:47:19 2021] [1, 2, -14, -70, 700, 3206, 4942, -50194, -98855]
[R Fri Sep 10 00:47:26 2021] [1, 2, -14, -70, 700, 3206, 4942, -50674, -97715]
[R Fri Sep 10 00:47:26 2021] [1, 2, -14, -70, 280, 1526, 2422, 19166, -97895]
[R Fri Sep 10 00:47:27 2021] [1, 2, -14, -70, -560, -1834, -2618, 15326, -97595]
[R Fri Sep 10 00:47:32 2021] [1, 2, -14, -70, 280, 1526, 2422, 18686, -96755]
[R Fri Sep 10 00:47:34 2021] [1, 2, -14, -70, -560, -1834, -2618, 14846, -96455]
[R Fri Sep 10 00:47:34 2021] [1, 2, -14, -70, -140, -154, -98, 40526, -96335]
[R Fri Sep 10 00:47:37 2021] [1, 2, -14, -70, -140, 1190, 12670, 13550, -95855]
[R Fri Sep 10 00:47:40 2021] [1, 2, -14, -70, 700, 3206, 4942, -51634, -95435]
[R Fri Sep 10 00:47:42 2021] [1, 2, -14, -70, -140, -154, -98, 40046, -95195]
[R Fri Sep 10 00:47:45 2021] [1, 2, -14, -70, -560, -1834, -2618, 14366, -95315]
[R Fri Sep 10 00:47:49 2021] [1, 2, -14, -70, -560, -1834, -2618, 13886, -94175]
[R Fri Sep 10 00:47:49 2021] [1, 2, -14, -70, 280, 1526, 2422, 17726, -94475]
[R Fri Sep 10 00:47:53 2021] [1, 2, -14, -70, -140, -154, -98, 39566, -94055]
[R Fri Sep 10 00:47:56 2021] [1, 2, -14, -70, 280, 1526, 2422, 17246, -93335]
[R Fri Sep 10 00:47:57 2021] [1, 2, -14, -70, -560, -1834, -2618, 13406, -93035]
[R Fri Sep 10 00:47:59 2021] [1, 2, -14, -70, -140, -154, -98, 39086, -92915]
[R Fri Sep 10 00:48:04 2021] [1, 2, -14, -70, 280, 1526, 2422, 16766, -92195]
[R Fri Sep 10 00:48:06 2021] [1, 2, -14, -70, -560, -1834, -2618, 12926, -91895]
[R Fri Sep 10 00:48:08 2021] [1, 2, -14, -70, 700, 3206, 4942, -53074, -92015]
[R Fri Sep 10 00:48:13 2021] [1, 2, -14, -70, 280, 1526, 2422, 16286, -91055]
[R Fri Sep 10 00:48:18 2021] [1, 2, -14, -70, -560, -1834, -2618, 12446, -90755]
[R Fri Sep 10 00:48:25 2021] [1, 2, -14, -70, 700, 3206, 4942, -54034, -89735]
[R Fri Sep 10 00:48:30 2021] [1, 2, -14, -70, -140, -70, -3710, 43970, -89195]
[R Fri Sep 10 00:48:34 2021] [1, 2, -14, -70, 280, 1526, 2422, 15326, -88775]
[R Fri Sep 10 00:48:36 2021] [1, 2, -14, -70, -560, -1834, -2618, 11486, -88475]
[R Fri Sep 10 00:48:39 2021] [1, 2, -14, -70, -140, -154, -98, 37166, -88355]
[R Fri Sep 10 00:48:39 2021] [1, 2, -42, -126, 420, 1694, 4718, -838, -86579]
[R Fri Sep 10 00:48:40 2021] [1, 2, -14, -70, 700, 3206, 4942, -54514, -88595]
[R Fri Sep 10 00:48:48 2021] [1, 2, -14, -70, 700, 3206, 4942, -54994, -87455]
[R Fri Sep 10 00:48:50 2021] [1, 2, -14, -70, -140, -154, -98, 36686, -87215]
[R Fri Sep 10 00:48:53 2021] [1, 2, -14, -70, -560, -1834, -2618, 11006, -87335]
[R Fri Sep 10 00:49:00 2021] [1, 2, -14, -70, 700, 3206, 4942, -55474, -86315]
[R Fri Sep 10 00:49:02 2021] [1, 2, -14, -70, 280, 1526, 2422, 14366, -86495]
[R Fri Sep 10 00:49:07 2021] [1, 2, -14, -70, -140, -154, -98, 36206, -86075]
[R Fri Sep 10 00:49:10 2021] [1, 2, -14, -70, 280, 1526, 2422, 13886, -85355]
[R Fri Sep 10 00:49:12 2021] [1, 2, -14, -70, 700, 3206, 4942, -55954, -85175]
[R Fri Sep 10 00:49:14 2021] [1, 2, -14, -70, -560, -1834, -2618, 10046, -85055]
[R Fri Sep 10 00:49:15 2021] [1, 2, -14, -70, -140, -154, -98, 35726, -84935]
[R Fri Sep 10 00:49:24 2021] [1, 2, -14, -70, 280, 1526, 2422, 13406, -84215]
[R Fri Sep 10 00:49:27 2021] [1, 2, -14, -70, -560, -1834, -2618, 9566, -83915]
[R Fri Sep 10 00:49:29 2021] [1, 2, -14, -70, -140, -154, -98, 35246, -83795]
[R Fri Sep 10 00:49:37 2021] [1, 2, -14, -70, 280, 1526, 2422, 12926, -83075]
[R Fri Sep 10 00:49:37 2021] [1, 2, -14, -70, -140, 3878, 18046, -8242, -83075]
[R Fri Sep 10 00:49:44 2021] [1, 2, -14, -70, -140, -154, -98, 34766, -82655]
[R Fri Sep 10 00:49:45 2021] [1, 2, -14, -70, -560, -1834, -2618, 9086, -82775]
[R Fri Sep 10 00:49:57 2021] [1, 2, -14, -70, 280, 1526, 2422, 12446, -81935]
[R Fri Sep 10 00:49:59 2021] [1, 2, -14, -70, -560, -1834, -2618, 8606, -81635]
[R Fri Sep 10 00:50:09 2021] [1, 2, -14, -70, -140, 2870, 16030, -2770, -81455]
[R Fri Sep 10 00:50:16 2021] [1, 2, -14, -70, 280, 1526, 2422, 11966, -80795]
[R Fri Sep 10 00:50:20 2021] [1, 2, -14, -70, -560, -1834, -2618, 8126, -80495]
[R Fri Sep 10 00:50:20 2021] [1, 2, -14, -70, -140, -154, -98, 33806, -80375]
[R Fri Sep 10 00:50:33 2021] [1, 2, -42, -126, 420, 154, -18242, -67798, -78119]
[R Fri Sep 10 00:50:41 2021] [1, 2, -14, -70, -140, -154, -98, 33326, -79235]
[R Fri Sep 10 00:50:45 2021] [1, 2, -14, -70, -560, -1834, -2618, 7646, -79355]
[R Fri Sep 10 00:50:59 2021] [1, 2, -14, -70, -560, -1834, -2618, 7166, -78215]
[R Fri Sep 10 00:51:00 2021] [1, 2, -14, -70, 280, 1526, 2422, 11006, -78515]
[R Fri Sep 10 00:51:08 2021] [1, 2, -14, -70, -140, -154, -98, 32846, -78095]
[R Fri Sep 10 00:51:13 2021] [1, 2, -14, -70, 280, 1526, 2422, 10526, -77375]
[R Fri Sep 10 00:51:19 2021] [1, 2, -14, -70, -560, -1834, -2618, 6686, -77075]
[R Fri Sep 10 00:51:24 2021] [1, 2, -14, -70, -140, -154, -98, 32366, -76955]
[R Fri Sep 10 00:51:32 2021] [1, 2, -14, -70, -980, -3514, -5138, -66994, -76595]
[R Fri Sep 10 00:51:39 2021] [1, 2, -14, -70, 280, 1526, 2422, 10046, -76235]
[R Fri Sep 10 00:51:45 2021] [1, 2, -14, -70, -560, -1834, -2618, 6206, -75935]
[R Fri Sep 10 00:51:49 2021] [1, 2, -14, -70, -140, 602, -10766, 49682, -75755]
[R Fri Sep 10 00:52:03 2021] [1, 2, -14, -70, 280, 1526, 2422, 9566, -75095]
[R Fri Sep 10 00:52:10 2021] [1, 2, -14, -70, -140, -154, -98, 31406, -74675]
[R Fri Sep 10 00:52:13 2021] [1, 2, -14, -70, -560, -1834, -2618, 5726, -74795]
[R Fri Sep 10 00:52:33 2021] [1, 2, -14, -70, 280, 1526, 2422, 9086, -73955]
[R Fri Sep 10 00:52:35 2021] [1, 2, -42, -126, 420, 490, -15890, -61510, -72095]
[R Fri Sep 10 00:52:36 2021] [1, 2, -14, -70, -560, -1834, -2618, 5246, -73655]
[R Fri Sep 10 00:52:55 2021] [1, 2, -14, -70, 280, 1526, 2422, 8606, -72815]
[R Fri Sep 10 00:53:03 2021] [1, 2, -14, -70, -560, -1834, -2618, 4766, -72515]
[R Fri Sep 10 00:53:06 2021] [1, 2, -14, -70, -140, 4634, 17458, -13486, -72395]
[R Fri Sep 10 00:53:06 2021] [1, 2, -14, -70, -140, -154, -98, 30446, -72395]
[R Fri Sep 10 00:53:23 2021] [1, 2, -14, -70, -140, 2114, 13258, 74, -71735]
[R Fri Sep 10 00:53:35 2021] [1, 2, -14, -70, -140, -154, -98, 29966, -71255]
[R Fri Sep 10 00:53:38 2021] [1, 2, -14, -70, -560, -1834, -2618, 4286, -71375]
[R Fri Sep 10 00:54:05 2021] [1, 2, -14, -70, 280, 1526, 2422, 7646, -70535]
[R Fri Sep 10 00:54:05 2021] [1, 2, -14, -70, -560, -1834, -2618, 3806, -70235]
[R Fri Sep 10 00:54:16 2021] [1, 2, -14, -70, -140, -154, -98, 29486, -70115]
[R Fri Sep 10 00:54:34 2021] [1, 2, -14, -70, -560, -70, -350, -44290, -69155]
[R Fri Sep 10 00:54:36 2021] [1, 2, -14, -70, -560, -1834, -2618, 3326, -69095]
[R Fri Sep 10 00:54:37 2021] [1, 2, -14, -70, -140, -154, -98, 29006, -68975]
[R Fri Sep 10 00:55:05 2021] [1, 2, -14, -70, 280, 1526, 2422, 6686, -68255]
[R Fri Sep 10 00:55:25 2021] [1, 2, -42, -126, 420, 826, -13538, -55222, -66071]
[R Fri Sep 10 00:55:38 2021] [1, 2, -14, -70, 280, 1526, 2422, 6206, -67115]
[R Fri Sep 10 00:55:57 2021] [1, 2, -14, -70, -140, -154, -98, 28046, -66695]
[R Fri Sep 10 00:56:00 2021] [1, 2, -14, -70, -560, -1834, -2618, 2366, -66815]
[R Fri Sep 10 00:56:25 2021] [1, 2, -14, -70, 280, 1526, 2422, 5726, -65975]
[R Fri Sep 10 00:56:30 2021] [1, 2, -14, -70, -560, -1834, -2618, 1886, -65675]
[R Fri Sep 10 00:57:15 2021] [1, 2, -14, -70, -560, -1834, -2618, 1406, -64535]
[R Fri Sep 10 00:57:17 2021] [1, 2, -42, -126, 420, 994, -12362, -52078, -63059]
[R Fri Sep 10 00:57:24 2021] [1, 2, -14, 42, 700, 602, -14966, -57358, -63371]
[R Fri Sep 10 00:58:18 2021] [1, 2, -14, -70, -560, -1834, -2618, 926, -63395]
[R Fri Sep 10 00:58:51 2021] [1, 2, -14, -70, -560, -1834, -2618, 446, -62255]
[R Fri Sep 10 00:58:54 2021] [1, 2, -14, -70, 280, 1526, 2422, 4286, -62555]
[R Fri Sep 10 00:59:12 2021] [1, 2, -14, -70, -140, -154, -98, 26126, -62135]
[R Fri Sep 10 00:59:23 2021] [1, 2, -42, -126, 420, 1162, -11186, -48934, -60047]
[R Fri Sep 10 00:59:29 2021] [1, 2, -14, -70, 280, 1526, 2422, 3806, -61415]
[R Fri Sep 10 00:59:43 2021] [1, 2, -14, -70, -560, -1834, -2618, -34, -61115]
[R Fri Sep 10 00:59:52 2021] [1, 2, -14, -70, -140, 1610, 4690, -20410, -61295]
[R Fri Sep 10 00:59:53 2021] [1, 2, -14, -70, -140, -154, -98, 25646, -60995]
[R Fri Sep 10 01:00:19 2021] [1, 2, -14, -70, 280, 1526, 2422, 3326, -60275]
[R Fri Sep 10 01:00:33 2021] [1, 2, -14, -70, -560, -1834, -2618, -514, -59975]
[R Fri Sep 10 01:00:40 2021] [1, 2, -14, 182, 1540, 2534, -9422, -49726, -58607]
[R Fri Sep 10 01:01:19 2021] [1, 2, -14, -70, 280, 1526, 2422, 2846, -59135]
[R Fri Sep 10 01:01:24 2021] [1, 2, -42, 14, 560, -4270, -7770, 33990, -57635]
[R Fri Sep 10 01:01:40 2021] [1, 2, -14, -70, -140, -154, -98, 24686, -58715]
[R Fri Sep 10 01:01:44 2021] [1, 2, -14, -70, -560, -1834, -2618, -994, -58835]
[R Fri Sep 10 01:01:55 2021] [1, 2, -42, -126, 420, 1330, -10010, -45790, -57035]
[R Fri Sep 10 01:02:30 2021] [1, 2, -14, -70, 280, 1526, 2422, 2366, -57995]
[R Fri Sep 10 01:02:41 2021] [1, 2, -14, -70, -140, 2870, -20930, 55310, -57695]
[R Fri Sep 10 01:02:41 2021] [1, 2, -14, -70, -560, -1834, -2618, -1474, -57695]
[R Fri Sep 10 01:03:03 2021] [1, 2, -14, -70, -140, 182, -6146, 34382, -57215]
[R Fri Sep 10 01:03:23 2021] [1, 2, -14, -70, 280, 1526, 2422, 1886, -56855]
[R Fri Sep 10 01:03:49 2021] [1, 2, -14, -70, -140, -154, -98, 23726, -56435]
[R Fri Sep 10 01:05:01 2021] [1, 2, -14, -238, -1120, -3850, -7350, -27550, -53875]
[R Fri Sep 10 01:05:02 2021] [1, 2, -14, -70, -140, -154, -98, 23246, -55295]
[R Fri Sep 10 01:05:14 2021] [1, 2, -14, -70, -560, -1834, -2618, -2434, -55415]
[R Fri Sep 10 01:06:04 2021] [1, 2, -14, -70, -560, -1834, -2618, -2914, -54275]
[R Fri Sep 10 01:06:04 2021] [1, 2, -14, -70, 1120, 3850, -22050, 22150, -54575]
[R Fri Sep 10 01:06:04 2021] [1, 2, -14, -70, 280, 1526, 2422, 926, -54575]
[R Fri Sep 10 01:06:39 2021] [1, 2, -14, -70, -140, -154, -98, 22766, -54155]
[R Fri Sep 10 01:06:46 2021] [1, 2, -14, 210, 420, -3570, 10850, -5430, -53455]
[R Fri Sep 10 01:07:05 2021] [1, 2, -14, -70, 280, 1526, 2422, 446, -53435]
[R Fri Sep 10 01:07:30 2021] [1, 2, -14, -70, -560, -1834, -2618, -3394, -53135]
[R Fri Sep 10 01:07:38 2021] [1, 2, -14, -70, -140, -154, -98, 22286, -53015]
[R Fri Sep 10 01:08:27 2021] [1, 2, -42, -126, 420, 1666, -7658, -39502, -51011]
[R Fri Sep 10 01:08:32 2021] [1, 2, -14, -70, 280, 1526, 2422, -34, -52295]
[R Fri Sep 10 01:08:35 2021] [1, 2, -14, -70, -140, 3962, -24206, 56402, -52235]
[R Fri Sep 10 01:08:54 2021] [1, 2, -14, -70, -560, -1834, -2618, -3874, -51995]
[R Fri Sep 10 01:09:20 2021] [1, 2, -14, -70, -140, 98, 4186, 13178, -51575]
[R Fri Sep 10 01:09:53 2021] [1, 2, -14, -210, 0, 4858, 1526, -21742, -50995]
[R Fri Sep 10 01:10:01 2021] [1, 2, -14, -70, 280, 1526, 2422, -514, -51155]
[R Fri Sep 10 01:10:35 2021] [1, 2, -14, -70, -140, -154, -98, 21326, -50735]
[R Fri Sep 10 01:10:38 2021] [1, 2, -14, -70, -560, -1834, -2618, -4354, -50855]
[R Fri Sep 10 01:10:48 2021] [1, 2, -14, -238, 280, 3962, -7826, -44758, -49511]
[R Fri Sep 10 01:10:53 2021] [1, 2, -14, -70, -140, 6650, 14770, -22510, -50795]
[R Fri Sep 10 01:11:49 2021] [1, 2, -14, -70, 280, 1526, 2422, -994, -50015]
[R Fri Sep 10 01:12:02 2021] [1, 2, -14, -70, -560, -1834, -2618, -4834, -49715]
[R Fri Sep 10 01:12:46 2021] [1, 2, -42, -126, 420, 1834, -6482, -36358, -47999]
[R Fri Sep 10 01:13:11 2021] [1, 2, -14, -70, 280, 1526, 2422, -1474, -48875]
[R Fri Sep 10 01:13:39 2021] [1, 2, -14, -70, -560, -1834, -2618, -5314, -48575]
[R Fri Sep 10 01:14:02 2021] [1, 2, -14, -70, -140, -154, -98, 20366, -48455]
[R Fri Sep 10 01:15:43 2021] [1, 2, -14, -70, -140, -154, -98, 19886, -47315]
[R Fri Sep 10 01:16:02 2021] [1, 2, -14, -70, -560, -1834, -2618, -5794, -47435]
[R Fri Sep 10 01:16:45 2021] [1, 2, -14, -70, 280, 3542, 7294, 4982, -46715]
[R Fri Sep 10 01:17:38 2021] [1, 2, -42, -126, 420, 2002, -5306, -33214, -44987]
[R Fri Sep 10 01:17:38 2021] [1, 2, -14, -70, -560, -1834, -2618, -6274, -46295]
[R Fri Sep 10 01:17:41 2021] [1, 2, -14, -70, 280, 1526, 2422, -2434, -46595]
[R Fri Sep 10 01:18:15 2021] [1, 2, -14, -70, -140, -154, -98, 19406, -46175]
[R Fri Sep 10 01:19:11 2021] [1, 2, -14, -70, 280, 1526, 2422, -2914, -45455]
[R Fri Sep 10 01:19:21 2021] [1, 2, -14, 42, 140, -5922, -27174, -322, -44359]
[R Fri Sep 10 01:22:03 2021] [1, 2, -14, -70, -560, -1834, -2618, -7234, -44015]
[R Fri Sep 10 01:22:03 2021] [1, 2, -14, 70, 560, 7546, 6202, 9066, -44315]
[R Fri Sep 10 01:22:12 2021] [1, 2, -14, -70, 280, 1526, 2422, -6454, -44135]
[R Fri Sep 10 01:24:46 2021] [1, 2, -14, -70, -140, 6230, 12670, -21010, -42755]
[R Fri Sep 10 01:24:46 2021] [1, 2, -14, -70, -140, -154, -98, 17966, -42755]
[R Fri Sep 10 01:25:39 2021] [1, 2, -14, -70, -140, 3878, 11326, -13042, -42275]
[R Fri Sep 10 01:26:37 2021] [1, 2, -14, -70, -140, 2618, 10066, -7822, -41915]
[R Fri Sep 10 01:26:39 2021] [1, 2, -14, -70, 280, 1526, 2422, -4354, -42035]
[R Fri Sep 10 01:26:52 2021] [1, 2, -14, -98, -700, 2702, -24066, 44242, -41051]
[R Fri Sep 10 01:27:00 2021] [1, 2, -14, -70, -140, 1946, -14798, 39506, -41675]
[R Fri Sep 10 01:27:03 2021] [1, 2, -14, -70, -560, -1834, -2618, -8194, -41735]
[R Fri Sep 10 01:27:50 2021] [1, 2, -14, 182, 700, 3402, 5334, -20458, -40391]
[R Fri Sep 10 01:28:22 2021] [1, 2, -14, -238, -1400, 14, -9002, 32654, -40007]
[R Fri Sep 10 01:28:58 2021] [1, 2, -14, -70, 280, 1526, 2422, -4834, -40895]
[R Fri Sep 10 01:29:45 2021] [1, 2, -14, -70, -560, -1834, -2618, -8674, -40595]
[R Fri Sep 10 01:29:50 2021] [1, 2, -14, 210, -560, -6314, 8302, 33966, -40715]
[R Fri Sep 10 01:29:52 2021] [1, 2, -14, -70, -140, -154, -98, 17006, -40475]
[R Fri Sep 10 01:32:57 2021] [1, 2, -14, -70, -140, -154, -98, 16526, -39335]
[R Fri Sep 10 01:33:26 2021] [1, 2, -14, -70, -560, -1834, -2618, -9154, -39455]
[R Fri Sep 10 01:33:57 2021] [1, 2, -42, 14, 700, -2786, 2898, 13022, -37859]
[R Fri Sep 10 01:35:57 2021] [1, 2, -14, -70, -560, -1834, -2618, -9634, -38315]
[R Fri Sep 10 01:35:58 2021] [1, 2, -14, -70, 280, 1526, 2422, -5794, -38615]
[R Fri Sep 10 01:36:34 2021] [1, 2, -14, -70, -140, 5558, 11326, -18802, -38255]
[R Fri Sep 10 01:37:16 2021] [1, 2, -14, -70, -140, -154, -98, 16046, -38195]
[R Fri Sep 10 01:38:16 2021] [1, 2, -14, -70, -140, 8246, -33698, 57326, -37535]
[R Fri Sep 10 01:38:25 2021] [1, 2, -14, -70, 280, 1526, 2422, -6274, -37475]
[R Fri Sep 10 01:39:16 2021] [1, 2, -14, -70, -560, -1834, -2618, -10114, -37175]
[R Fri Sep 10 01:39:51 2021] [1, 2, -14, -70, -140, -154, -98, 15566, -37055]
[R Fri Sep 10 01:40:41 2021] [1, 2, -14, -98, 0, 1302, -2366, 6942, -35851]
[R Fri Sep 10 01:42:06 2021] [1, 2, -14, -70, 280, 1526, 2422, -6754, -36335]
[R Fri Sep 10 01:43:04 2021] [1, 2, -14, -70, -560, -1834, -2618, -10594, -36035]
[R Fri Sep 10 01:43:52 2021] [1, 2, -14, -70, -140, 2870, 9310, -9490, -36095]
[R Fri Sep 10 01:45:47 2021] [1, 2, -14, 70, 560, -574, -9758, -29434, -35495]
[R Fri Sep 10 01:45:59 2021] [1, 2, -14, -70, 280, 1526, 2422, -7234, -35195]
[R Fri Sep 10 01:46:59 2021] [1, 2, -14, 182, -140, -406, -28322, -47626, -33827]
[R Fri Sep 10 01:47:17 2021] [1, 2, -14, -70, -140, 98, -4214, 21578, -34775]
[R Fri Sep 10 01:47:37 2021] [1, 2, -14, -70, -560, -1834, -2618, -11074, -34895]
[R Fri Sep 10 01:48:53 2021] [1, 2, -70, -70, 1260, -2842, -11074, 41230, -33635]
[R Fri Sep 10 01:48:59 2021] [1, 2, -14, -70, -140, 10346, 10402, -30334, -34355]
[R Fri Sep 10 01:49:15 2021] [1, 2, -14, -70, -140, 2114, 8218, -6406, -34295]
[R Fri Sep 10 01:49:56 2021] [1, 2, -42, -126, 420, 2674, -602, -20638, -32939]
[R Fri Sep 10 01:54:42 2021] [1, 2, -14, -70, 280, 1526, 2422, -8194, -32915]
[R Fri Sep 10 01:56:12 2021] [1, 2, -14, -70, -560, -1834, -2618, -12034, -32615]
[R Fri Sep 10 01:56:25 2021] [1, 2, -14, -70, -140, -154, -98, 13646, -32495]
[R Fri Sep 10 01:57:57 2021] [1, 2, -14, -70, -140, -3430, -17570, -37930, -32075]
[R Fri Sep 10 01:58:16 2021] [1, 2, -14, -70, -140, 602, -7406, 25202, -32315]
[R Fri Sep 10 02:00:15 2021] [1, 2, -14, -70, -140, 6650, 9730, -21310, -31595]
[R Fri Sep 10 02:00:15 2021] [1, 2, -14, -70, -140, 3122, 6454, 24302, -31595]
[R Fri Sep 10 02:01:24 2021] [1, 2, -14, -70, -140, -154, -98, 13166, -31355]
[R Fri Sep 10 02:01:40 2021] [1, 2, -14, -70, -560, -1834, -2618, -12514, -31475]
[R Fri Sep 10 02:02:25 2021] [1, 2, -42, -126, 420, 2842, 574, -17494, -29927]
[R Fri Sep 10 02:06:20 2021] [1, 2, -14, -70, 280, 1526, 2422, -9154, -30635]
[R Fri Sep 10 02:08:01 2021] [1, 2, -14, -70, -140, -154, -98, 12686, -30215]
[R Fri Sep 10 02:10:15 2021] [1, 2, -14, -70, 280, 1526, 2422, -9634, -29495]
[R Fri Sep 10 02:11:26 2021] [1, 2, -14, -70, -140, 4214, 8638, -14386, -29255]
[R Fri Sep 10 02:11:31 2021] [1, 2, -14, -238, -980, -3850, -12110, -9550, -28235]
[R Fri Sep 10 02:11:48 2021] [1, 2, -14, -70, -560, -1834, -2618, -13474, -29195]
[R Fri Sep 10 02:12:05 2021] [1, 2, -14, -70, -140, 11942, -39746, 55982, -29135]
[R Fri Sep 10 02:12:07 2021] [1, 2, -14, -70, -140, -154, -98, 12206, -29075]
[R Fri Sep 10 02:13:01 2021] [1, 2, -14, 42, -700, -1358, -5866, -17238, -28211]
[R Fri Sep 10 02:15:30 2021] [1, 2, -14, 182, 1120, 4382, 4354, 602, -27671]
[R Fri Sep 10 02:16:13 2021] [1, 2, -14, -70, 280, 1526, 2422, -10114, -28355]
[R Fri Sep 10 02:16:22 2021] [1, 2, -42, -266, 1400, 2702, -2786, -31174, -27187]
[R Fri Sep 10 02:17:55 2021] [1, 2, -14, -70, -560, -1834, -2618, -13954, -28055]
[R Fri Sep 10 02:18:00 2021] [1, 2, -42, -126, 420, 3010, 1750, -14350, -26915]
[R Fri Sep 10 02:18:33 2021] [1, 2, -14, -70, -140, -154, -98, 11726, -27935]
[R Fri Sep 10 02:21:39 2021] [1, 2, -14, -70, -140, 11942, 7294, -31378, -27455]
[R Fri Sep 10 02:23:06 2021] [1, 2, -14, -70, 280, 1526, 2422, -10594, -27215]
[R Fri Sep 10 02:23:28 2021] [1, 2, -14, -70, -140, 854, 5278, -946, -27155]
[R Fri Sep 10 02:25:39 2021] [1, 2, -14, -70, -140, -154, -98, 11246, -26795]
[R Fri Sep 10 02:25:45 2021] [1, 2, -14, -70, -140, 8918, 7966, -25522, -26915]
[R Fri Sep 10 02:25:45 2021] [1, 2, -14, -70, -560, -1834, -2618, -14434, -26915]
[R Fri Sep 10 02:30:52 2021] [1, 2, -14, -70, 280, 1526, 2422, -11074, -26075]
[R Fri Sep 10 02:31:52 2021] [1, 2, -14, -70, -560, -1834, -2618, -14914, -25775]
[R Fri Sep 10 02:36:28 2021] [1, 2, -14, -238, 420, 3766, -12278, 25426, -24223]
[R Fri Sep 10 02:36:48 2021] [1, 2, -42, 154, -280, -9814, -17738, 50498, -24031]
[R Fri Sep 10 02:38:13 2021] [1, 2, -14, -70, -140, 6650, -25550, 40850, -24875]
[R Fri Sep 10 02:38:15 2021] [1, 2, -14, -70, 280, 1526, 2422, -11554, -24935]
[R Fri Sep 10 02:40:26 2021] [1, 2, -14, -70, -560, -1834, -2618, -15394, -24635]
[R Fri Sep 10 02:41:27 2021] [1, 2, -14, -70, -140, -154, -98, 10286, -24515]
[R Fri Sep 10 02:41:32 2021] [1, 2, -14, -70, -140, 3542, 7294, -12178, -24755]
[R Fri Sep 10 02:46:05 2021] [1, 2, -14, 210, 420, -2982, -714, -17582, -24055]
[R Fri Sep 10 02:46:29 2021] [1, 2, -14, -70, -140, 13202, -40166, 51482, -23855]
[R Fri Sep 10 02:47:52 2021] [1, 2, -42, 154, -280, -13930, -28630, 58990, -22615]
[R Fri Sep 10 02:50:00 2021] [1, 2, -14, -70, -140, 13034, -39662, 50834, -23555]
[R Fri Sep 10 02:50:35 2021] [1, 2, -14, -70, -140, -154, -98, 9806, -23375]
[R Fri Sep 10 02:51:31 2021] [1, 2, -14, -70, -560, -1834, -2618, -15874, -23495]
[R Fri Sep 10 02:53:08 2021] [1, 2, -42, -126, 1260, 9394, 21658, 7922, -22019]
[R Fri Sep 10 02:53:21 2021] [1, 2, -14, 182, -140, 98, -35714, -48082, -22139]
[R Fri Sep 10 02:54:24 2021] [1, 2, -14, -70, -140, 12698, -38654, 49538, -22955]
[R Fri Sep 10 02:55:23 2021] [1, 2, -70, -70, 1540, -1050, -11550, 28450, -22375]
[R Fri Sep 10 02:57:59 2021] [1, 2, -14, -238, 280, -658, -27566, 29822, -21731]
[R Fri Sep 10 02:59:03 2021] [1, 2, -14, -70, 280, 1526, 2422, -12514, -22655]
[R Fri Sep 10 02:59:03 2021] [1, 2, -14, -70, -140, 12530, -38150, 48890, -22655]
[R Fri Sep 10 02:59:45 2021] [1, 2, -14, -70, -560, -1834, -2618, -16354, -22355]
[R Fri Sep 10 03:00:26 2021] [1, 2, -42, 14, 420, -4606, -10682, 16562, -21119]
[R Fri Sep 10 03:01:55 2021] [1, 2, -14, -350, 0, -1274, 12362, -20094, -21715]
[R Fri Sep 10 03:02:03 2021] [1, 2, -14, -70, -140, 3122, -11606, 3842, -22115]
[R Fri Sep 10 03:02:47 2021] [1, 2, -14, -70, -140, -154, -98, 9326, -22235]
[R Fri Sep 10 03:03:01 2021] [1, 2, -42, -126, 420, 3346, 4102, -8062, -20891]
[R Fri Sep 10 03:03:14 2021] [1, 2, -14, -70, -140, 12194, -37142, 47594, -22055]
[R Fri Sep 10 03:03:33 2021] [1, 2, -70, 14, 1120, -7574, -10738, 730, -20891]
[R Fri Sep 10 03:05:55 2021] [1, 2, -42, 154, -280, -854, -8218, -21422, -20591]
[R Fri Sep 10 03:06:06 2021] [1, 2, -14, 182, 1120, 1862, 11074, 28322, -20531]
[R Fri Sep 10 03:07:33 2021] [1, 2, -14, -70, 280, 1526, 2422, -12994, -21515]
[R Fri Sep 10 03:09:19 2021] [1, 2, -14, -70, -140, 2114, -11942, 25274, -21335]
[R Fri Sep 10 03:10:28 2021] [1, 2, -14, -70, -560, -1834, -2618, -16834, -21215]
[R Fri Sep 10 03:11:02 2021] [1, 2, -14, -70, -140, 11690, -35630, 45650, -21155]
[R Fri Sep 10 03:11:30 2021] [1, 2, -14, -70, -140, -154, -98, 8846, -21095]
[R Fri Sep 10 03:13:33 2021] [1, 2, -42, 154, -280, -8218, -38486, -48274, -19807]
[R Fri Sep 10 03:14:00 2021] [1, 2, -14, -70, -140, 11522, -35126, 45002, -20855]
[R Fri Sep 10 03:14:00 2021] [1, 2, -14, -70, -140, 98, 2506, 3338, -20855]
[R Fri Sep 10 03:16:31 2021] [1, 2, -14, -238, -560, 5390, 16870, 9410, -19715]
[R Fri Sep 10 03:17:17 2021] [1, 2, -14, -210, -560, -5922, -18494, 41058, -20455]
[R Fri Sep 10 03:17:48 2021] [1, 2, -14, -70, -140, 6146, 6202, -18214, -20615]
[R Fri Sep 10 03:18:28 2021] [1, 2, -14, -70, 280, 1526, 2422, -13474, -20375]
[R Fri Sep 10 03:19:37 2021] [1, 2, -14, -70, -140, 11354, -34622, 44354, -20555]
[R Fri Sep 10 03:20:16 2021] [1, 2, -14, -70, -140, 2870, 5950, -9970, -20255]
[R Fri Sep 10 03:22:09 2021] [1, 2, -14, -70, -560, -1834, -2618, -17314, -20075]
[R Fri Sep 10 03:22:13 2021] [1, 2, -42, 154, -280, 266, -938, -6622, -18991]
[R Fri Sep 10 03:24:35 2021] [1, 2, -14, 70, 420, -2226, 2058, 28994, -20195]
[R Fri Sep 10 03:26:35 2021] [1, 2, -14, -70, -140, 10850, -33110, 42410, -19655]
[R Fri Sep 10 03:29:30 2021] [1, 2, -42, 154, -280, -11242, -23254, 47854, -18343]
[R Fri Sep 10 03:31:29 2021] [1, 2, -14, -70, 280, 1526, 2422, -13954, -19235]
[R Fri Sep 10 03:35:09 2021] [1, 2, -70, -70, 1680, -938, -17066, 21950, -18295]
[R Fri Sep 10 03:35:24 2021] [1, 2, -42, -126, 420, 3514, 5278, -4918, -17879]
[R Fri Sep 10 03:36:20 2021] [1, 2, -14, -70, -560, -1834, -2618, -17794, -18935]
[R Fri Sep 10 03:36:23 2021] [1, 2, -14, -70, -140, -154, -98, 7886, -18815]
[R Fri Sep 10 03:37:45 2021] [1, 2, -14, -70, -140, 10346, -31598, 40466, -18755]
[R Fri Sep 10 03:39:16 2021] [1, 2, -14, 70, 0, 126, 882, 1106, -18935]
[R Fri Sep 10 03:43:37 2021] [1, 2, -14, -70, -1400, -4522, -5894, 26798, -18455]
[R Fri Sep 10 03:47:40 2021] [1, 2, -14, -70, 280, 1526, 2422, -14434, -18095]
[R Fri Sep 10 03:48:07 2021] [1, 2, -14, -70, -140, 2702, -8666, 2822, -17855]
[R Fri Sep 10 03:48:58 2021] [1, 2, -14, -70, -560, -1834, -2618, -18274, -17795]
[R Fri Sep 10 03:53:54 2021] [1, 2, -14, -70, 700, -14, 10682, -6374, -17515]
[R Fri Sep 10 03:55:02 2021] [1, 2, -70, 14, 2520, 1862, -15806, -31350, -16367]
[R Fri Sep 10 03:57:39 2021] [1, 2, -14, -70, -140, 1806, -3738, 9926, -17255]
[R Fri Sep 10 04:00:07 2021] [1, 2, -14, -70, -140, -70, 1330, 4370, -17195]
[R Fri Sep 10 04:00:09 2021] [1, 2, -14, -70, 280, 1526, 2422, -14914, -16955]
[R Fri Sep 10 04:00:09 2021] [1, 2, -14, -70, -140, 14042, 994, -29278, -16955]
[R Fri Sep 10 04:00:09 2021] [1, 2, -14, -70, -140, 6650, 4690, -18190, -16955]
[R Fri Sep 10 04:04:30 2021] [1, 2, -14, -70, -140, 9170, -28070, 35930, -16655]
[R Fri Sep 10 04:04:30 2021] [1, 2, -14, -70, -560, -1834, -2618, -18754, -16655]
[R Fri Sep 10 04:06:13 2021] [1, 2, -14, -70, -140, -154, -98, 6926, -16535]
[R Fri Sep 10 04:06:22 2021] [1, 2, -14, -98, -560, 882, -18746, 30442, -15871]
[R Fri Sep 10 04:12:26 2021] [1, 2, -14, -70, -140, 9002, -27566, 35282, -16355]
[R Fri Sep 10 04:12:43 2021] [1, 2, -70, -70, 2240, -5194, 1442, 9370, -15595]
[R Fri Sep 10 04:16:29 2021] [1, 2, -14, -70, -140, 3878, -15554, 25358, -15875]
[R Fri Sep 10 04:19:17 2021] [1, 2, -14, -70, -140, 1106, 3682, -7594, -15755]
[R Fri Sep 10 04:24:21 2021] [1, 2, -42, 154, -280, -518, -5866, -15134, -14567]
[R Fri Sep 10 04:25:34 2021] [1, 2, -14, -70, -140, -154, -98, 6446, -15395]
[R Fri Sep 10 04:25:39 2021] [1, 2, -14, -70, -140, 8498, -26054, 33338, -15455]
[R Fri Sep 10 04:26:40 2021] [1, 2, -14, -70, -560, -1834, -2618, -19234, -15515]
[R Fri Sep 10 04:28:45 2021] [1, 2, -14, -70, -140, 11942, -33026, 37742, -15215]
[R Fri Sep 10 04:28:45 2021] [1, 2, -14, -70, -560, -3094, -9758, -16354, -15215]
[R Fri Sep 10 04:30:59 2021] [1, 2, -42, 154, -280, -406, 518, 8242, -14239]
[R Fri Sep 10 04:31:44 2021] [1, 2, -14, -70, -140, 15974, -1442, -30226, -15155]
[R Fri Sep 10 04:31:44 2021] [1, 2, -14, -70, -140, 8330, -25550, 32690, -15155]
[R Fri Sep 10 04:36:02 2021] [1, 2, -14, -70, -140, 8162, -25046, 32042, -14855]
[R Fri Sep 10 04:38:40 2021] [1, 2, -42, 154, -280, -13706, -56182, -48338, -13859]
[R Fri Sep 10 04:39:14 2021] [1, 2, -42, -266, 980, -1330, -3850, 9850, -13795]
[R Fri Sep 10 04:41:43 2021] [1, 2, -14, -70, -140, 7994, -24542, 31394, -14555]
[R Fri Sep 10 04:42:21 2021] [1, 2, -14, -70, 280, 1526, 2422, -15874, -14675]
[R Fri Sep 10 04:44:13 2021] [1, 2, -14, -70, 280, -4774, 8722, -26254, -14435]
[R Fri Sep 10 04:44:30 2021] [1, 2, -14, -70, -560, -1834, -2618, -19714, -14375]
[R Fri Sep 10 04:45:33 2021] [1, 2, -70, -350, 700, 6174, -12642, 4410, -13475]
[R Fri Sep 10 04:49:40 2021] [1, 2, -14, 322, 280, -658, 3654, -98, -13531]
[R Fri Sep 10 04:51:44 2021] [1, 2, -14, -70, -140, -154, -98, 5966, -14255]
[R Fri Sep 10 04:52:43 2021] [1, 2, -14, -70, -140, 11942, 574, -24658, -14015]
[R Fri Sep 10 04:52:43 2021] [1, 2, -14, -70, -140, 5222, 3934, -14578, -14015]
[R Fri Sep 10 04:55:13 2021] [1, 2, -42, -266, 980, 2702, -1946, -14854, -13027]
[R Fri Sep 10 05:00:14 2021] [1, 2, -14, -238, -1400, -14350, -49070, -55870, -12935]
[R Fri Sep 10 05:07:39 2021] [1, 2, -14, -70, 280, 518, -3374, -16642, -13355]
[R Fri Sep 10 05:07:39 2021] [1, 2, -14, -70, -140, 7322, -22526, 28802, -13355]
[R Fri Sep 10 05:07:39 2021] [1, 2, -14, -70, -140, 602, -10766, 20822, -13355]
[R Fri Sep 10 05:09:20 2021] [1, 2, -14, 182, 2380, 8666, 9562, -6094, -12503]
[R Fri Sep 10 05:10:22 2021] [1, 2, -14, -70, -560, -1834, -2618, -20194, -13235]
[R Fri Sep 10 05:13:22 2021] [1, 2, -14, -70, -140, -154, -98, 5486, -13115]
[R Fri Sep 10 05:14:26 2021] [1, 2, -42, 154, -280, -1498, -1526, 14126, -12187]
[R Fri Sep 10 05:15:44 2021] [1, 2, -14, 70, -840, -3850, 10150, -37910, -13415]
[R Fri Sep 10 05:17:02 2021] [1, 2, -14, -70, -140, 7154, -22022, 28154, -13055]
[R Fri Sep 10 05:22:39 2021] [1, 2, -42, -126, 420, 3850, 7630, 1370, -11855]
[R Fri Sep 10 05:30:13 2021] [1, 2, -42, 154, -280, -350, -4690, -11990, -11555]
[R Fri Sep 10 05:30:56 2021] [1, 2, -14, -70, 280, 1526, 2422, -16834, -12395]
[R Fri Sep 10 05:43:32 2021] [1, 2, -14, -70, -140, 6650, -20510, 26210, -12155]
[R Fri Sep 10 05:47:04 2021] [1, 2, -70, -70, 420, -1274, -9058, -16210, -11315]
[R Fri Sep 10 05:49:02 2021] [1, 2, -42, 154, -280, -17206, -66682, -45518, -10879]
[R Fri Sep 10 05:52:56 2021] [1, 2, -14, -98, -560, 5474, 3458, -11146, -10847]
[R Fri Sep 10 05:55:53 2021] [1, 2, -14, -70, -140, 18746, -6398, -29374, -11435]
[R Fri Sep 10 05:55:53 2021] [1, 2, -14, -70, -140, 602, 2674, -2158, -11435]
[R Fri Sep 10 06:00:52 2021] [1, 2, -14, -70, 280, 1526, 2422, -17314, -11255]
[R Fri Sep 10 06:00:52 2021] [1, 2, -14, -70, -140, 6146, -18998, 24266, -11255]
[R Fri Sep 10 06:11:53 2021] [1, 2, 70, -70, 1120, -2506, 4438, -20050, -10595]
[R Fri Sep 10 06:12:51 2021] [1, 2, -14, -70, -560, -1834, -2618, -21154, -10955]
[R Fri Sep 10 06:14:24 2021] [1, 2, -14, -70, -140, 98, -2534, 8378, -10775]
[R Fri Sep 10 06:15:13 2021] [1, 2, -14, -70, 1120, -3822, 19026, -10762, -10835]
[R Fri Sep 10 06:15:13 2021] [1, 2, -14, -70, -140, -154, -98, 4526, -10835]
[R Fri Sep 10 06:19:33 2021] [1, 2, -14, -70, -140, 5810, -17990, 22970, -10655]
[R Fri Sep 10 06:23:25 2021] [1, 2, -70, -70, 1120, -1190, -20230, 20230, -10115]
[R Fri Sep 10 06:30:23 2021] [1, 2, -14, -350, -1680, -4690, -4550, 5350, -10475]
[R Fri Sep 10 06:41:19 2021] [1, 2, -14, -70, 280, 1526, 2422, -17794, -10115]
[R Fri Sep 10 06:45:06 2021] [1, 2, -70, -70, 2520, 5166, -13398, -23530, -9575]
[R Fri Sep 10 06:46:18 2021] [1, 2, -14, -70, -140, 5474, -16982, 21674, -10055]
[R Fri Sep 10 06:50:13 2021] [1, 2, -14, -70, -560, -1834, -2618, -21634, -9815]
[R Fri Sep 10 06:55:43 2021] [1, 2, -42, -266, -280, 1526, 3542, -1502, -9031]
[R Fri Sep 10 07:05:17 2021] [1, 2, -42, 154, -280, -13258, -51926, -36274, -8827]
[R Fri Sep 10 07:08:51 2021] [1, 2, -14, -210, -1960, -3514, -17738, 23746, -9635]
[R Fri Sep 10 07:13:09 2021] [1, 2, -42, 154, -280, 266, 182, -62, -8671]
[R Fri Sep 10 07:19:31 2021] [1, 2, -14, -70, -140, 4970, -15470, 19730, -9155]
[R Fri Sep 10 07:21:53 2021] [1, 2, -14, -70, -140, 182, -2786, 7982, -9215]
[R Fri Sep 10 07:32:13 2021] [1, 2, 70, 210, 1540, 4018, -714, -8610, -8855]
[R Fri Sep 10 07:39:27 2021] [1, 2, -14, -70, -140, 4802, -14966, 19082, -8855]
[R Fri Sep 10 07:43:06 2021] [1, 2, -14, -70, -560, -1834, -2618, -22114, -8675]
[R Fri Sep 10 07:50:19 2021] [1, 2, -14, -70, -140, 4634, -14462, 18434, -8555]
[R Fri Sep 10 07:55:31 2021] [1, 2, 70, -70, 1540, -3178, 6874, -20770, -8255]
[R Fri Sep 10 07:59:04 2021] [1, 2, -14, 42, -140, -518, 1274, 4062, -8011]
[R Fri Sep 10 08:07:43 2021] [1, 2, -42, 154, -280, -4522, -9814, 20014, -7663]
[R Fri Sep 10 08:12:41 2021] [1, 2, -14, -70, -140, 602, 2674, -538, -8195]
[R Fri Sep 10 08:14:22 2021] [1, 2, -70, 14, 1120, -4886, -3682, 16090, -7559]
[R Fri Sep 10 08:21:16 2021] [1, 2, -14, -210, -2380, -8078, -5026, 11142, -8075]
[R Fri Sep 10 08:27:19 2021] [1, 2, -14, -70, -140, -826, -3122, -6226, -7895]
[R Fri Sep 10 08:27:26 2021] [1, 2, -42, 154, -280, -7798, -18746, 25586, -7327]
[R Fri Sep 10 08:31:41 2021] [1, 2, -14, -70, -140, 4298, -13454, 17138, -7955]
[R Fri Sep 10 08:36:07 2021] [1, 2, -14, -238, 700, 602, 1834, -8758, -7331]
[R Fri Sep 10 08:49:24 2021] [1, 2, -42, 154, -280, -23254, -83818, -37022, -6991]
[R Fri Sep 10 08:53:53 2021] [1, 2, -14, -70, -140, 8918, -22274, 21998, -7475]
[R Fri Sep 10 08:54:01 2021] [1, 2, -70, 14, 1120, 3262, -5026, 11650, -6947]
[R Fri Sep 10 08:59:23 2021] [1, 2, -14, -70, -140, 17318, -8834, -23122, -7415]
[R Fri Sep 10 08:59:23 2021] [1, 2, -14, -70, -140, -154, 5362, 8546, -7415]
[R Fri Sep 10 09:01:10 2021] [1, 2, -14, -70, -560, -1834, -2618, -22594, -7535]
[R Fri Sep 10 09:02:43 2021] [1, 2, -14, -70, -140, 3962, -12446, 15842, -7355]
[R Fri Sep 10 09:17:37 2021] [1, 2, -42, 154, -280, -3850, -8470, 17230, -6595]
[R Fri Sep 10 09:24:49 2021] [1, 2, -14, -70, -140, 3794, -11942, 15194, -7055]
[R Fri Sep 10 09:38:19 2021] [1, 2, -14, -70, -140, 6650, -350, -13150, -6875]
[R Fri Sep 10 09:38:19 2021] [1, 2, -14, -70, -140, 1946, 2002, -6094, -6875]
[R Fri Sep 10 09:59:22 2021] [1, 2, -14, -70, 280, 1526, 2422, -19234, -6695]
[R Fri Sep 10 10:10:11 2021] [1, 2, -70, 14, 1680, -3514, -2758, 10090, -5951]
[R Fri Sep 10 10:12:00 2021] [1, 2, -42, -266, 1400, 3178, -8694, -19426, -5903]
[R Fri Sep 10 10:14:05 2021] [1, 2, -14, -70, -560, -1834, -2618, -23074, -6395]
[R Fri Sep 10 10:23:21 2021] [1, 2, -14, -70, -1120, -5530, -8330, -7110, -6415]
[R Fri Sep 10 10:30:15 2021] [1, 2, -14, -70, -140, -154, -98, 2606, -6275]
[R Fri Sep 10 10:32:58 2021] [1, 2, -14, -70, -140, 3290, -10430, 13250, -6155]
[R Fri Sep 10 10:34:33 2021] [1, 2, 70, 210, 980, 3682, -17626, 18090, -6275]
[R Fri Sep 10 10:42:52 2021] [1, 2, -42, 154, -280, -14, -2338, -5702, -5531]
[R Fri Sep 10 10:50:35 2021] [1, 2, 70, 14, 1540, -2422, 7546, -1270, -5543]
[R Fri Sep 10 10:56:27 2021] [1, 2, -14, 350, 1960, 4046, 2002, -3934, -5915]
[R Fri Sep 10 10:57:29 2021] [1, 2, -14, 182, -2380, 4998, -434, -1662, -5459]
[R Fri Sep 10 11:10:00 2021] [1, 2, -14, -70, 140, 630, -630, -4030, -5855]
[R Fri Sep 10 11:10:00 2021] [1, 2, -14, -70, -140, 11942, -26306, 21422, -5855]
[R Fri Sep 10 11:10:00 2021] [1, 2, -14, -70, -140, 3122, -9926, 12602, -5855]
[R Fri Sep 10 11:14:16 2021] [1, 2, -14, 182, 1120, 2618, 1666, -1222, -5279]
[R Fri Sep 10 11:16:07 2021] [1, 2, -42, 154, -280, -14518, -39466, 28066, -5167]
[R Fri Sep 10 11:16:12 2021] [1, 2, -14, 42, -280, 938, -14, -2762, -5279]
[R Fri Sep 10 11:29:46 2021] [1, 2, -14, -70, 280, 1526, 2422, -19714, -5555]
[R Fri Sep 10 11:55:26 2021] [1, 2, -14, -70, -560, -1834, -2618, -23554, -5255]
[R Fri Sep 10 12:07:36 2021] [1, 2, -14, -70, -140, 11942, -6146, -16018, -5135]
[R Fri Sep 10 12:07:36 2021] [1, 2, -14, -70, -140, -154, -98, 2126, -5135]
[R Fri Sep 10 12:25:50 2021] [1, 2, -14, -70, -140, 24794, -19502, -22606, -4955]
[R Fri Sep 10 12:32:42 2021] [1, 2, -42, 154, -280, -18634, -52598, 27758, -4411]
[R Fri Sep 10 12:53:35 2021] [1, 2, -14, -70, -140, 24122, -44366, 24722, -4715]
[R Fri Sep 10 13:11:08 2021] [1, 2, -14, -238, 140, 6538, 12726, 10118, -4159]
[R Fri Sep 10 13:14:34 2021] [1, 2, -14, -70, -140, 12194, -25382, 18554, -4535]
[R Fri Sep 10 13:18:39 2021] [1, 2, -14, -70, 3080, -10290, -20790, -19930, -4475]
[R Fri Sep 10 13:22:57 2021] [1, 2, -42, 154, -280, -14518, -52346, -21454, -3967]
[R Fri Sep 10 13:26:05 2021] [1, 2, -14, 210, -560, 2086, -15778, 4086, -4435]
[R Fri Sep 10 13:26:22 2021] [1, 2, -14, -70, 280, 1526, 2422, -20194, -4415]
[R Fri Sep 10 13:33:14 2021] [1, 2, -14, -70, -140, 2282, -7406, 9362, -4355]
[R Fri Sep 10 13:34:54 2021] [1, 2, -14, 182, 1400, 10402, 30534, 25742, -3991]
[R Fri Sep 10 13:51:14 2021] [1, 2, -42, -126, 0, 2646, 6622, 10878, -3731]
[R Fri Sep 10 13:54:39 2021] [1, 2, -14, 182, -1400, 2114, 3178, -1726, -3767]
[R Fri Sep 10 13:56:17 2021] [1, 2, -70, 210, 700, -1890, -3150, -210, -3955]
[R Fri Sep 10 13:59:50 2021] [1, 2, -14, -378, 1260, -378, 3794, -10638, -3811]
[R Fri Sep 10 14:02:00 2021] [1, 2, -14, -70, -560, -1834, -2618, -24034, -4115]
[R Fri Sep 10 14:14:43 2021] [1, 2, -42, 154, -280, -28378, -84406, 24046, -3547]
[R Fri Sep 10 14:29:52 2021] [1, 2, -42, 154, -280, -34006, -103082, 20642, -3439]
[R Fri Sep 10 14:31:37 2021] [1, 2, -14, -70, -140, -13510, -12950, -3670, -3875]
[R Fri Sep 10 14:35:01 2021] [1, 2, -42, 154, -280, -1834, -4438, 8878, -3391]
[R Fri Sep 10 14:45:11 2021] [1, 2, -14, -70, 140, 1582, 3794, 1822, -3895]
[R Fri Sep 10 14:46:33 2021] [1, 2, -14, -70, -140, 6146, -2198, -9814, -3815]
[R Fri Sep 10 14:59:52 2021] [1, 2, -14, -70, -140, 18746, -14798, -17134, -3755]
[R Fri Sep 10 14:59:52 2021] [1, 2, -14, -70, -140, 1946, -6398, 8066, -3755]
[R Fri Sep 10 15:24:34 2021] [1, 2, -42, 154, -280, -30170, -99190, -11090, -3035]
[R Fri Sep 10 15:28:36 2021] [1, 2, -14, -70, -140, 17234, -13622, -15766, -3455]
[R Fri Sep 10 15:35:35 2021] [1, 2, -14, 42, 280, -2534, 2562, 8166, -3023]
[R Fri Sep 10 15:37:09 2021] [1, 2, 70, 154, 280, -462, -2954, -5850, -3083]
[R Fri Sep 10 15:39:54 2021] [1, 2, 70, 70, 1400, -5138, 6594, -3470, -3475]
[R Fri Sep 10 15:48:18 2021] [1, 2, -70, 210, 280, 1274, -1722, -5670, -3115]
[R Fri Sep 10 15:48:34 2021] [1, 2, 70, -70, 1120, -4690, 12110, -14750, -3215]
[R Fri Sep 10 15:50:41 2021] [1, 2, -14, -70, 280, 1526, 2422, -20674, -3275]
[R Fri Sep 10 15:55:06 2021] [1, 2, -70, -266, 140, -1330, -9870, -4630, -2855]
[R Fri Sep 10 15:57:36 2021] [1, 2, -42, -126, 420, 4354, 11158, 10802, -2819]
[R Fri Sep 10 16:04:38 2021] [1, 2, -42, 154, -280, -10906, -39382, -15218, -2779]
[R Fri Sep 10 16:22:06 2021] [1, 2, -14, -98, 420, 3626, 6202, 406, -2723]
[R Fri Sep 10 16:33:21 2021] [1, 2, -14, 182, 700, -1694, -3038, 7946, -2623]
[R Fri Sep 10 16:39:49 2021] [1, 2, -42, -266, -700, 14, 1918, 1562, -2539]
[R Fri Sep 10 16:42:07 2021] [1, 2, -14, 210, 0, -294, 3822, 6326, -3035]
[R Fri Sep 10 16:43:38 2021] [1, 2, -14, -70, -560, -1834, -2618, -24514, -2975]
[R Fri Sep 10 16:49:50 2021] [1, 2, -14, -98, 560, -322, -1974, 2998, -2579]
[R Fri Sep 10 16:58:13 2021] [1, 2, -14, -70, -140, 14210, -11270, -13030, -2855]
[R Fri Sep 10 16:58:13 2021] [1, 2, -14, -70, -140, -154, -98, 1166, -2855]
[R Fri Sep 10 17:13:40 2021] [1, 2, -42, 154, -280, -1162, -3094, 6094, -2323]
[R Fri Sep 10 17:14:43 2021] [1, 2, -14, 182, -140, 1106, -1358, 2126, -2363]
[R Fri Sep 10 17:23:51 2021] [1, 2, -14, -70, -140, -2450, -13650, -26030, -2675]
[R Fri Sep 10 17:23:56 2021] [1, 2, -14, 350, 1540, 9506, 78442, 10286, -2675]
[R Fri Sep 10 17:35:32 2021] [1, 2, -42, 154, -280, -9814, -28378, 14098, -2191]
[R Fri Sep 10 17:41:09 2021] [1, 2, 70, 434, -140, -2002, 406, 3530, -2243]
[R Fri Sep 10 17:51:22 2021] [1, 2, -14, 70, 560, -1554, -4298, 14866, -2615]
[R Fri Sep 10 17:53:29 2021] [1, 2, -14, -70, -140, 12698, -10094, -11662, -2555]
[R Fri Sep 10 17:53:29 2021] [1, 2, -14, -70, -140, 1274, -4382, 5474, -2555]
[R Fri Sep 10 18:06:06 2021] [1, 2, -14, -70, -140, 15974, -28322, 13934, -2435]
[R Fri Sep 10 18:09:39 2021] [1, 2, -14, -70, -140, 16310, -14210, -12850, -2495]
[R Fri Sep 10 18:09:39 2021] [1, 2, -14, -70, -140, 2870, -7490, 7310, -2495]
[R Fri Sep 10 18:14:56 2021] [1, 2, -42, 154, -280, -19418, -64246, -7154, -1967]
[R Fri Sep 10 18:14:57 2021] [1, 2, -14, 350, 3220, 4550, -8750, 9050, -2375]
[R Fri Sep 10 18:16:57 2021] [1, 2, 70, -70, -1400, -2002, -8414, 9290, -2315]
[R Fri Sep 10 18:33:26 2021] [1, 2, -70, -490, 700, 37114, -106162, -30770, -2075]
[R Fri Sep 10 18:45:02 2021] [1, 2, -14, -70, -140, 2870, -770, -5170, -2255]
[R Fri Sep 10 18:45:02 2021] [1, 2, -14, -70, -140, 182, 574, -1138, -2255]
[R Fri Sep 10 19:03:18 2021] [1, 2, -70, -70, 1260, -602, -4354, -8770, -1895]
[R Fri Sep 10 19:10:22 2021] [1, 2, -14, 350, 700, -490, 490, 1610, -2135]
[R Fri Sep 10 19:10:55 2021] [1, 2, -14, -70, 280, 1526, 2422, -21154, -2135]
[R Fri Sep 10 19:17:33 2021] [1, 2, -14, 42, 840, 2758, 2646, -1762, -1739]
[R Fri Sep 10 19:23:53 2021] [1, 2, -14, -70, -140, 18746, -31598, 13106, -2075]
[R Fri Sep 10 19:35:52 2021] [1, 2, -14, -70, -140, 15974, -14882, -11026, -1955]
[R Fri Sep 10 19:35:52 2021] [1, 2, -14, -70, -140, 3878, -8834, 7118, -1955]
[R Fri Sep 10 19:44:12 2021] [1, 2, -70, -546, -1820, -3346, -3822, -3070, -1499]
[R Fri Sep 10 19:53:22 2021] [1, 2, -14, 182, -560, 1862, -2786, 4202, -1571]
[R Fri Sep 10 20:01:11 2021] [1, 2, -14, -70, -560, -1834, -2618, -24994, -1835]
[R Fri Sep 10 20:54:06 2021] [1, 2, -14, -70, -140, 8162, -6566, -7558, -1655]
[R Fri Sep 10 20:54:06 2021] [1, 2, -14, -70, -140, 770, -2870, 3530, -1655]
[R Fri Sep 10 21:09:04 2021] [1, 2, -14, -238, -980, -2758, -3206, -1498, -1211]
[R Fri Sep 10 21:17:17 2021] [1, 2, 70, -126, 0, -3150, -3850, -6750, -1075]
[R Fri Sep 10 21:19:35 2021] [1, 2, -42, 294, 2100, -19726, 21938, -9538, -1079]
[R Fri Sep 10 21:23:20 2021] [1, 2, -42, 154, -280, -154, -2198, -2482, -1051]
[R Fri Sep 10 21:42:51 2021] [1, 2, -14, 350, 980, 882, -12306, 15482, -1355]
[R Fri Sep 10 21:42:59 2021] [1, 2, -14, -70, -140, 6650, -5390, -6190, -1355]
[R Fri Sep 10 22:05:53 2021] [1, 2, -14, 350, 3220, 6566, -2198, -4774, -1295]
[R Fri Sep 10 22:05:53 2021] [1, 2, -14, 350, 700, 1526, 322, 266, -1295]
[R Fri Sep 10 22:25:05 2021] [1, 2, -14, -70, -140, 30338, -36134, -6982, -1175]
[R Fri Sep 10 22:28:18 2021] [1, 2, -70, -70, -840, 3990, -4410, -4690, -1015]
[R Fri Sep 10 22:35:46 2021] [1, 2, -70, 70, 140, 322, -1526, 1850, -955]
[R Fri Sep 10 23:07:04 2021] [1, 2, -42, 14, 980, -406, 7378, 2002, -679]
[R Fri Sep 10 23:07:42 2021] [1, 2, -70, 154, -140, 182, -1666, 2050, -667]
[R Fri Sep 10 23:13:32 2021] [1, 2, -14, -70, 280, 1526, 2422, -21634, -995]
[R Fri Sep 10 23:13:32 2021] [1, 2, -14, -70, -140, 33110, -44450, 1550, -995]
[R Fri Sep 10 23:20:55 2021] [1, 2, -14, -378, -1400, -1442, -2534, 1918, -679]
[R Fri Sep 10 23:29:17 2021] [1, 2, -42, -266, -3220, -9730, -16450, 3850, -595]
[R Fri Sep 10 23:36:03 2021] [1, 2, -14, -70, -140, 31094, -41762, 1454, -935]
[R Fri Sep 10 23:39:58 2021] [1, 2, -70, 70, 1820, -3150, -1470, 6430, -755]
[R Fri Sep 10 23:52:22 2021] [1, 2, -14, -70, -140, 29078, -39074, 1358, -875]
[R Fri Sep 10 23:53:52 2021] [1, 2, -42, 154, -280, -3094, -11578, -2702, -511]
[R Sat Sep 11 00:01:51 2021] [1, 2, -42, 154, -280, -4606, -14882, 3002, -499]
[R Sat Sep 11 00:21:01 2021] [1, 2, -14, -70, -140, 25046, -33698, 1166, -755]
[R Sat Sep 11 00:43:38 2021] [1, 2, -14, -70, -140, 23030, -31010, 1070, -695]
[R Sat Sep 11 00:43:38 2021] [1, 2, -14, -70, -140, 12194, -13622, -4726, -695]
[R Sat Sep 11 00:43:38 2021] [1, 2, -14, -70, -140, 6146, -10598, 4346, -695]
[R Sat Sep 11 00:44:41 2021] [1, 2, 70, 434, 1120, 2282, 3934, 2810, -407]
[R Sat Sep 11 00:55:18 2021] [1, 2, 70, 14, 280, -910, 490, -1090, -395]
[R Sat Sep 11 01:11:51 2021] [1, 2, 70, -126, -1120, 3878, -4494, 2150, -383]
[R Sat Sep 11 01:22:23 2021] [1, 2, -14, -70, -140, -154, -98, 206, -575]
[R Sat Sep 11 01:29:23 2021] [1, 2, -42, 434, -140, 1134, -602, -1078, -259]
[R Sat Sep 11 01:36:32 2021] [1, 2, -70, 350, 840, -2002, -6034, 1850, -395]
[R Sat Sep 11 01:45:08 2021] [1, 2, -14, -70, -140, 16982, -22946, 782, -515]
[R Sat Sep 11 01:46:45 2021] [1, 2, -14, 42, -840, 2282, -3766, -1098, -271]
[R Sat Sep 11 01:51:38 2021] [1, 2, -42, 154, -280, 182, -406, 526, -187]
[R Sat Sep 11 02:18:55 2021] [1, 2, -14, -70, -140, 2114, -1862, -2086, -455]
[R Sat Sep 11 02:18:55 2021] [1, 2, -14, -70, -140, 98, -854, 938, -455]
[R Sat Sep 11 02:19:28 2021] [1, 2, 70, 574, 1540, 1918, 966, -70, -203]
[R Sat Sep 11 02:21:05 2021] [1, 2, -70, -70, 700, 910, 490, 10, -295]
[R Sat Sep 11 02:52:14 2021] [1, 2, -14, -70, -140, 10010, -12110, -2350, -395]
[R Sat Sep 11 02:52:14 2021] [1, 2, -14, -70, -140, 6650, -10430, 2690, -395]
[R Sat Sep 11 02:59:17 2021] [1, 2, -14, -70, -140, 10934, -14882, 494, -335]
[R Sat Sep 11 03:13:41 2021] [1, 2, -70, -406, -560, 31150, -32830, -35210, -35]
[R Sat Sep 11 04:25:00 2021] [1, 2, -14, -70, -140, -70, -350, 290, -155]
[R Sat Sep 11 04:57:32 2021] [1, 2, -14, -70, -140, 2870, -4130, 110, -95]
[R Sat Sep 11 05:39:40 2021] [1, 2, 70, 210, 1540, 1918, -3374, 1650, -95]
[R Sat Sep 11 06:01:38 2021] [1, 2, -14, -70, -140, 854, -1442, 14, -35]
[R Sat Sep 11 06:01:45 2021] [1, 2, -14, 350, 1960, 2030, -1190, 770, -35]
Total elapsed time: 118355337993us
Server			Amount		Total Time (us)		Fastest Time (us)	Slowest Time (us)	Approx Avg Time (us)
Receive:        402652953       5063874147194   0                       615168359               12576           
Source:         511             5796141318      10854388                11832993                11342742        
Index:          0               0               N/A                     N/A                     N/A             
Store:          0               0               N/A                     N/A                     N/A             
Workers			Amount		Total Time (us)		Fastest Time (us)	Slowest Time (us)	Approx Avg Time (us)
Workers:        511             54911587312853  0                       550                     107459074976    
Receive:        402652953       5063874147194   0                       615168359               12576           
Send results:   524             31426           5                       148                     59              
Unit:           290438          49927118201642  511                     14787702047             171902843       
Source:         511             5796141318      10854388                11832993                11342742        
Generate:       24574220566341  28195518315156  0                       37536355                1               
Filter:         1103610559274   18128972498223  2                       41431751                16              
Retrieve:       562             0               0                       0                       0               
Evaluation:     25689133346158  16551468317102  0                       51011                   0               
Init:           134217123       25299695932     1                       41443911                188             
Test			Amount Tested	Total Time (us)	Fastest Time (us)	SlowestTime (us)	Approx Avg Time (us)
Disc:           24574220566341  18874703742318  0                       51012                   0               
Saved:          562             950             1                       39                      1               
