[I Mon Sep  6 22:27:28 2021] Program launch: 512 workers
[A Mon Sep  6 22:27:28 2021] ./bin/enum-debug -coeffs 1 -divisors 2,28,28,140,28,28,4,2 -discriminant -210827008000000 -input data/257/p2e14mod16_2d1_2d8.txt,data/257/p5e6mod25_2d1.txt,data/257/p7e7mod49_2d1.txt,data/257/p3e0mod3_E8.txt -bounds data/257/bounds1467.txt -output data/output/257/1467/output1467_2d1_2d8_E8.txt -tree data/257/treea8.txt -locked 4 
[I Mon Sep  6 22:56:08 2021] Program launch: 512 workers
[A Mon Sep  6 22:56:08 2021] ./bin/enum-debug -coeffs 1 -divisors 2,28,28,140,28,28,4,2 -discriminant -210827008000000 -input data/257/p2e14mod16_2d1_2d8.txt,data/257/p5e6mod25_2d1.txt,data/257/p7e7mod49_2d1.txt,data/257/p3e0mod3_E8.txt -bounds data/257/bounds1467.txt -output data/output/257/1467/output1467_2d1_2d8_E8.txt -tree data/257/treea8.txt -locked 4 
[R Mon Sep  6 23:24:11 2021] [1, 2, 28, 224, -980, -1456, 9268, -208, 46]
[R Tue Sep  7 00:24:49 2021] [1, 2, 56, 112, -2520, -12124, -16828, -11524, 262]
[R Tue Sep  7 01:35:43 2021] [1, 2, 0, 84, 0, 308, 476, -1060, 442]
[R Tue Sep  7 01:37:30 2021] [1, 2, 0, 0, 0, 308, 616, 440, 110]
[R Tue Sep  7 01:57:08 2021] [1, 2, 0, 280, 140, 18116, 20552, 6280, 170]
[R Tue Sep  7 02:08:08 2021] [1, 2, 0, 0, 0, 644, 1288, 920, 230]
[R Tue Sep  7 02:20:22 2021] [1, 2, 0, 0, 0, 812, 1624, 1160, 290]
[R Tue Sep  7 02:20:51 2021] [1, 2, 0, 280, 140, 17780, 19880, 5800, 50]
[R Tue Sep  7 02:24:49 2021] [1, 2, 28, 504, -560, -3192, 1596, 15124, 722]
[R Tue Sep  7 02:27:10 2021] [1, 2, 0, 0, 0, 34048, 25536, -4560, 190]
[R Tue Sep  7 02:48:51 2021] [1, 2, 0, -280, -140, 18116, 20552, 6280, 170]
[R Tue Sep  7 02:52:25 2021] [1, 2, 0, 0, 0, 38332, 35224, 1160, 10]
[R Tue Sep  7 02:52:25 2021] [1, 2, 0, 0, 0, 10108, 9576, 600, 10]
[R Tue Sep  7 02:52:25 2021] [1, 2, 0, 0, 0, 8092, 6664, -520, 10]
[R Tue Sep  7 02:52:25 2021] [1, 2, 0, 0, 0, 2800, 2800, 320, 10]
[R Tue Sep  7 02:52:25 2021] [1, 2, 0, 0, 0, 1792, 1344, -240, 10]
[R Tue Sep  7 02:52:46 2021] [1, 2, 0, 420, 4200, 12880, 9660, 600, 10]
[R Tue Sep  7 02:52:46 2021] [1, 2, 0, 420, -3780, 7336, 9492, 600, 10]
[R Tue Sep  7 02:55:36 2021] [1, 2, 0, 0, 0, 36400, 36400, 4160, 130]
[R Tue Sep  7 02:55:36 2021] [1, 2, 0, 0, 0, -28, -196, 380, 130]
[R Tue Sep  7 02:56:17 2021] [1, 2, 0, 280, 980, 1372, 1064, 520, 130]
[R Tue Sep  7 03:02:03 2021] [1, 2, 28, -56, -1400, -6132, -644, -3716, 842]
[R Tue Sep  7 03:03:03 2021] [1, 2, 0, 0, 0, 14812, 16744, 3800, 250]
[R Tue Sep  7 03:03:03 2021] [1, 2, 0, 0, 0, 4732, 2184, -1800, 250]
[R Tue Sep  7 03:03:03 2021] [1, 2, 0, 0, 0, 448, -224, -400, 250]
[R Tue Sep  7 03:03:14 2021] [1, 2, 0, 420, 5040, 18592, 17164, 3800, 250]
[R Tue Sep  7 03:03:14 2021] [1, 2, 0, 420, -2520, 3472, 2604, -1800, 250]
[R Tue Sep  7 03:07:15 2021] [1, 2, 0, -280, -140, 18452, 21224, 6760, 290]
[R Tue Sep  7 03:14:26 2021] [1, 2, 0, 0, 0, 1148, 2296, 1640, 410]
[R Tue Sep  7 03:15:35 2021] [1, 2, 0, 280, 140, 18620, 21560, 7000, 350]
[R Tue Sep  7 03:15:51 2021] [1, 2, 0, 280, 140, 18788, 21896, 7240, 410]
[R Tue Sep  7 03:16:07 2021] [1, 2, 0, -280, -140, 18508, 21336, 6840, 310]
[R Tue Sep  7 03:20:05 2021] [1, 2, 0, -280, -140, 17836, 19992, 5880, 70]
[R Tue Sep  7 03:30:10 2021] [1, 2, 0, -280, -140, 17780, 19880, 5800, 50]
[R Tue Sep  7 03:33:37 2021] [1, 2, 0, 280, 140, 19292, 22904, 7960, 590]
[R Tue Sep  7 03:34:55 2021] [1, 2, 0, -280, -140, 17668, 19656, 5640, 10]
[R Tue Sep  7 03:40:43 2021] [1, 2, 0, -280, -140, 18844, 22008, 7320, 430]
[R Tue Sep  7 03:47:52 2021] [1, 2, 0, -280, -140, 18956, 22232, 7480, 470]
[R Tue Sep  7 03:52:35 2021] [1, 2, 0, -196, -700, 56, 532, -2140, 914]
[R Tue Sep  7 04:04:46 2021] [1, 2, 0, 280, 140, 19628, 23576, 8440, 710]
[R Tue Sep  7 04:10:39 2021] [1, 2, 0, 280, 140, 19460, 23240, 8200, 650]
[R Tue Sep  7 04:14:45 2021] [1, 2, 0, -280, -140, 19292, 22904, 7960, 590]
[R Tue Sep  7 04:15:38 2021] [1, 2, 56, 0, -1540, -4984, 1512, -544, 410]
[R Tue Sep  7 04:20:09 2021] [1, 2, 0, -280, -140, 18620, 21560, 7000, 350]
[R Tue Sep  7 04:32:57 2021] [1, 2, 0, 280, 140, 19796, 23912, 8680, 770]
[R Tue Sep  7 04:42:43 2021] [1, 2, 56, 140, 700, 2716, 4592, 3736, 850]
[R Tue Sep  7 04:50:05 2021] [1, 2, 0, 0, 0, 2492, 4984, 3560, 890]
[R Tue Sep  7 04:50:44 2021] [1, 2, 0, 280, 140, 20132, 24584, 9160, 890]
[R Tue Sep  7 04:54:02 2021] [1, 2, 0, -280, -140, 19684, 23688, 8520, 730]
[R Tue Sep  7 05:00:10 2021] [1, 2, 0, -280, -140, 19460, 23240, 8200, 650]
[R Tue Sep  7 05:08:22 2021] [1, 2, 0, -280, -140, 19852, 24024, 8760, 790]
[R Tue Sep  7 05:10:41 2021] [1, 2, 56, 280, -1960, -9380, 13720, -11920, 1010]
[R Tue Sep  7 05:17:04 2021] [1, 2, 0, -280, -140, 19796, 23912, 8680, 770]
[R Tue Sep  7 05:17:48 2021] [1, 2, 0, 280, 140, 20468, 25256, 9640, 1010]
[R Tue Sep  7 05:20:55 2021] [1, 2, 0, 280, 140, 20300, 24920, 9400, 950]
[R Tue Sep  7 05:27:36 2021] [1, 2, 0, -280, -140, 20132, 24584, 9160, 890]
[R Tue Sep  7 05:30:12 2021] [1, 2, 0, 280, 140, 20636, 25592, 9880, 1070]
[R Tue Sep  7 05:40:55 2021] [1, 2, 0, 0, 0, 3164, 6328, 4520, 1130]
[R Tue Sep  7 05:50:02 2021] [1, 2, 0, -280, -140, 20020, 24360, 9000, 850]
[R Tue Sep  7 05:53:17 2021] [1, 2, 0, 84, -420, 2884, -2492, 5120, 1546]
[R Tue Sep  7 05:53:46 2021] [1, 2, 0, -280, -140, 20468, 25256, 9640, 1010]
[R Tue Sep  7 05:56:03 2021] [1, 2, 0, -280, -140, 20188, 24696, 9240, 910]
[R Tue Sep  7 06:04:29 2021] [1, 2, 0, -280, -140, 20636, 25592, 9880, 1070]
[R Tue Sep  7 06:06:38 2021] [1, 2, 0, 280, 140, 20972, 26264, 10360, 1190]
[R Tue Sep  7 06:07:12 2021] [1, 2, 0, -280, -140, 20300, 24920, 9400, 950]
[R Tue Sep  7 06:10:58 2021] [1, 2, 0, -280, -140, 20692, 25704, 9960, 1090]
[R Tue Sep  7 06:15:09 2021] [1, 2, 0, -56, 140, -1400, -6720, -25540, 1630]
[R Tue Sep  7 06:15:58 2021] [1, 2, 0, -280, -140, 20804, 25928, 10120, 1130]
[R Tue Sep  7 06:16:26 2021] [1, 2, 0, 420, 1680, 1120, -2100, -1320, 1210]
[R Tue Sep  7 06:16:45 2021] [1, 2, 0, 0, 0, 32368, 17136, -10560, 1210]
[R Tue Sep  7 06:16:45 2021] [1, 2, 0, 0, 0, 23548, 30856, 11000, 1210]
[R Tue Sep  7 06:16:45 2021] [1, 2, 0, 0, 0, 17500, 7000, -7480, 1210]
[R Tue Sep  7 06:16:45 2021] [1, 2, 0, 0, 0, 11200, 16800, 7920, 1210]
[R Tue Sep  7 06:16:45 2021] [1, 2, 0, 0, 0, 1372, -1176, -1320, 1210]
[R Tue Sep  7 06:16:45 2021] [1, 2, 0, 0, 0, 112, 784, 1760, 1210]
[R Tue Sep  7 06:19:46 2021] [1, 2, 0, 0, 0, 3668, 7336, 5240, 1310]
[R Tue Sep  7 06:20:08 2021] [1, 2, 0, 280, 140, 21308, 26936, 10840, 1310]
[R Tue Sep  7 06:23:02 2021] [1, 2, 0, 0, 0, -5152, 2576, -1840, 1150]
[R Tue Sep  7 06:29:07 2021] [1, 2, 0, 0, 0, 3836, 7672, 5480, 1370]
[R Tue Sep  7 06:30:07 2021] [1, 2, 0, 280, 140, 21476, 27272, 11080, 1370]
[R Tue Sep  7 06:45:25 2021] [1, 2, 0, -280, -140, 20972, 26264, 10360, 1190]
[R Tue Sep  7 06:48:22 2021] [1, 2, 0, -280, -140, 20860, 26040, 10200, 1150]
[R Tue Sep  7 06:49:33 2021] [1, 2, 0, -280, -140, 21196, 26712, 10680, 1270]
[R Tue Sep  7 06:51:18 2021] [1, 2, 0, 0, 0, 3500, 7000, 5000, 1250]
[R Tue Sep  7 06:51:18 2021] [1, 2, 0, 0, -280, -1400, -1400, 800, 1250]
[R Tue Sep  7 06:52:39 2021] [1, 2, 0, 0, 0, 4172, 8344, 5960, 1490]
[R Tue Sep  7 06:53:10 2021] [1, 2, 0, 280, 140, 21812, 27944, 11560, 1490]
[R Tue Sep  7 06:53:39 2021] [1, 2, 0, -280, -140, 21308, 26936, 10840, 1310]
[R Tue Sep  7 07:14:22 2021] [1, 2, 0, -280, -140, 21644, 27608, 11320, 1430]
[R Tue Sep  7 07:17:09 2021] [1, 2, 0, -280, -140, 21364, 27048, 10920, 1330]
[R Tue Sep  7 07:18:19 2021] [1, 2, 0, -196, -1960, 8008, 20636, -760, 1882]
[R Tue Sep  7 07:19:20 2021] [1, 2, 0, 280, 140, 21980, 28280, 11800, 1550]
[R Tue Sep  7 07:19:37 2021] [1, 2, 56, -308, -560, 2044, 2128, -10736, 1978]
[R Tue Sep  7 07:20:35 2021] [1, 2, 0, 0, 0, -6496, 3248, -2320, 1450]
[R Tue Sep  7 07:25:55 2021] [1, 2, 0, -280, -140, 21812, 27944, 11560, 1490]
[R Tue Sep  7 07:31:51 2021] [1, 2, 0, -280, -140, 21868, 28056, 11640, 1510]
[R Tue Sep  7 07:39:27 2021] [1, 2, 0, 0, 0, 4844, 9688, 6920, 1730]
[R Tue Sep  7 07:43:24 2021] [1, 2, 0, -280, -140, 22036, 28392, 11880, 1570]
[R Tue Sep  7 07:44:23 2021] [1, 2, 0, -280, -140, 21700, 27720, 11400, 1450]
[R Tue Sep  7 07:46:42 2021] [1, 2, 0, 420, 1260, -56, -2492, -520, 1690]
[R Tue Sep  7 07:46:42 2021] [1, 2, 0, 420, -840, 1456, -308, -520, 1690]
[R Tue Sep  7 07:47:05 2021] [1, 2, 0, 0, 0, 28672, 12544, -11440, 1690]
[R Tue Sep  7 07:47:05 2021] [1, 2, 0, 0, 0, 26908, 36456, 14040, 1690]
[R Tue Sep  7 07:47:05 2021] [1, 2, 0, 0, 0, 700, -1400, -520, 1690]
[R Tue Sep  7 07:47:09 2021] [1, 2, 0, 280, 140, 22316, 28952, 12280, 1670]
[R Tue Sep  7 07:50:03 2021] [1, 2, 0, 0, 0, 5012, 10024, 7160, 1790]
[R Tue Sep  7 07:50:29 2021] [1, 2, 0, 280, 140, 22652, 29624, 12760, 1790]
[R Tue Sep  7 07:56:30 2021] [1, 2, 0, -280, -140, 22204, 28728, 12120, 1630]
[R Tue Sep  7 07:58:53 2021] [1, 2, 0, -280, -140, 21980, 28280, 11800, 1550]
[R Tue Sep  7 08:08:38 2021] [1, 2, 0, 0, 0, 5348, 10696, 7640, 1910]
[R Tue Sep  7 08:08:49 2021] [1, 2, 0, 280, 140, 22988, 30296, 13240, 1910]
[R Tue Sep  7 08:11:33 2021] [1, 2, 0, -280, -140, 22484, 29288, 12520, 1730]
[R Tue Sep  7 08:13:47 2021] [1, 2, 0, 280, 140, 22820, 29960, 13000, 1850]
[R Tue Sep  7 08:22:02 2021] [1, 2, 0, -280, -140, 22652, 29624, 12760, 1790]
[R Tue Sep  7 08:27:52 2021] [1, 2, 0, -280, -140, 22316, 28952, 12280, 1670]
[R Tue Sep  7 08:38:25 2021] [1, 2, 0, -280, -140, 22988, 30296, 13240, 1910]
[R Tue Sep  7 08:45:03 2021] [1, 2, 0, -280, -140, 23044, 30408, 13320, 1930]
[R Tue Sep  7 08:49:05 2021] [1, 2, 0, -280, -140, 23156, 30632, 13480, 1970]
[R Tue Sep  7 08:56:12 2021] [1, 2, 0, -280, -140, 23212, 30744, 13560, 1990]
[R Tue Sep  7 08:59:29 2021] [1, 2, 0, 0, 0, 5852, 11704, 8360, 2090]
[R Tue Sep  7 09:00:03 2021] [1, 2, 0, 280, 140, 23492, 31304, 13960, 2090]
[R Tue Sep  7 09:02:37 2021] [1, 2, 0, 0, 0, 6188, 12376, 8840, 2210]
[R Tue Sep  7 09:02:56 2021] [1, 2, 0, 280, 140, 23828, 31976, 14440, 2210]
[R Tue Sep  7 09:06:38 2021] [1, 2, 0, 0, 0, -9184, 4592, -3280, 2050]
[R Tue Sep  7 09:06:45 2021] [1, 2, 0, -140, -280, 1036, 3752, 4420, 2050]
[R Tue Sep  7 09:12:33 2021] [1, 2, 0, 280, 140, 23996, 32312, 14680, 2270]
[R Tue Sep  7 09:27:38 2021] [1, 2, 0, -280, -140, 23380, 31080, 13800, 2050]
[R Tue Sep  7 09:27:56 2021] [1, 2, 0, 0, 0, 6692, 13384, 9560, 2390]
[R Tue Sep  7 09:28:36 2021] [1, 2, 0, 280, 140, 24332, 32984, 15160, 2390]
[R Tue Sep  7 09:31:49 2021] [1, 2, 0, -280, -140, 23828, 31976, 14440, 2210]
[R Tue Sep  7 09:40:41 2021] [1, 2, 0, -280, -140, 23996, 32312, 14680, 2270]
[R Tue Sep  7 09:40:42 2021] [1, 2, 0, -280, -140, 23716, 31752, 14280, 2170]
[R Tue Sep  7 09:47:13 2021] [1, 2, 0, -280, -140, 24052, 32424, 14760, 2290]
[R Tue Sep  7 09:50:26 2021] [1, 2, 0, -280, -140, 24164, 32648, 14920, 2330]
[R Tue Sep  7 09:55:08 2021] [1, 2, 0, -280, -140, 24332, 32984, 15160, 2390]
[R Tue Sep  7 09:56:25 2021] [1, 2, 0, 280, 140, 24836, 33992, 15880, 2570]
[R Tue Sep  7 10:01:12 2021] [1, 2, 0, -280, -140, 24388, 33096, 15240, 2410]
[R Tue Sep  7 10:03:57 2021] [1, 2, 0, 280, 140, 24668, 33656, 15640, 2510]
[R Tue Sep  7 10:05:41 2021] [1, 2, 0, 0, 0, 7364, 14728, 10520, 2630]
[R Tue Sep  7 10:09:57 2021] [1, 2, 0, 224, -1400, -13832, -26824, -9960, 2942]
[R Tue Sep  7 10:10:19 2021] [1, 2, 0, -280, -140, 24556, 33432, 15480, 2470]
[R Tue Sep  7 10:13:44 2021] [1, 2, 0, -280, -140, 24220, 32760, 15000, 2350]
[R Tue Sep  7 10:14:16 2021] [1, 2, 0, 0, 0, 7532, 15064, 10760, 2690]
[R Tue Sep  7 10:14:34 2021] [1, 2, 56, 112, 3920, 18312, 26964, 14772, 3014]
[R Tue Sep  7 10:14:37 2021] [1, 2, 0, 280, 140, 25172, 34664, 16360, 2690]
[R Tue Sep  7 10:23:03 2021] [1, 2, 0, -280, -140, 24836, 33992, 15880, 2570]
[R Tue Sep  7 10:31:07 2021] [1, 2, 0, 0, 0, 7868, 15736, 11240, 2810]
[R Tue Sep  7 10:31:45 2021] [1, 2, 0, 280, 140, 25508, 35336, 16840, 2810]
[R Tue Sep  7 10:40:29 2021] [1, 2, 0, -280, -140, 25172, 34664, 16360, 2690]
[R Tue Sep  7 10:41:53 2021] [1, 2, 0, -280, -140, 24892, 34104, 15960, 2590]
[R Tue Sep  7 10:46:01 2021] [1, 2, 0, -280, -140, 25228, 34776, 16440, 2710]
[R Tue Sep  7 10:46:07 2021] [1, 2, 56, -140, -2100, 700, 13160, 26140, 2650]
[R Tue Sep  7 10:48:48 2021] [1, 2, 0, 280, 140, 25676, 35672, 17080, 2870]
[R Tue Sep  7 10:53:32 2021] [1, 2, 0, 0, 0, 23716, 4312, -13720, 3430]
[R Tue Sep  7 10:53:32 2021] [1, 2, 0, 0, 0, 784, -2352, 0, 3430]
[R Tue Sep  7 10:53:59 2021] [1, 2, 0, -280, -140, 25396, 35112, 16680, 2770]
[R Tue Sep  7 10:54:41 2021] [1, 2, 0, 420, 4200, 10864, -2492, -7480, 2890]
[R Tue Sep  7 10:54:41 2021] [1, 2, 0, 420, 0, 1792, 924, 2040, 2890]
[R Tue Sep  7 10:55:46 2021] [1, 2, 0, 0, 0, 18928, 30576, 16320, 2890]
[R Tue Sep  7 10:55:46 2021] [1, 2, 0, 0, 0, 28, -504, 2040, 2890]
[R Tue Sep  7 10:57:03 2021] [1, 2, 0, -280, -140, 25508, 35336, 16840, 2810]
[R Tue Sep  7 10:57:12 2021] [1, 2, 0, 280, 140, 26012, 36344, 17560, 2990]
[R Tue Sep  7 10:58:17 2021] [1, 2, 28, -56, 0, 336, -2408, 2868, 3454]
[R Tue Sep  7 11:05:33 2021] [1, 2, 0, 0, 0, 8204, 16408, 11720, 2930]
[R Tue Sep  7 11:05:45 2021] [1, 2, 0, 280, 140, 25844, 36008, 17320, 2930]
[R Tue Sep  7 11:09:57 2021] [1, 2, 0, -56, -560, 4060, 16800, -17300, 3550]
[R Tue Sep  7 11:11:56 2021] [1, 2, 0, -280, -140, 25732, 35784, 17160, 2890]
[R Tue Sep  7 11:18:36 2021] [1, 2, 0, 280, 140, 26516, 37352, 18280, 3170]
[R Tue Sep  7 11:19:25 2021] [1, 2, 0, -140, 0, -4900, 1400, -28100, 2950]
[R Tue Sep  7 11:21:43 2021] [1, 2, 0, 84, 1120, 7392, 7784, 37160, 3578]
[R Tue Sep  7 11:22:24 2021] [1, 2, 0, -280, -140, 26012, 36344, 17560, 2990]
[R Tue Sep  7 11:26:19 2021] [1, 2, 0, -280, -140, 25060, 34440, 16200, 2650]
[R Tue Sep  7 11:27:19 2021] [1, 2, 0, 0, 0, 9044, 18088, 12920, 3230]
[R Tue Sep  7 11:37:55 2021] [1, 2, 0, -280, -140, 25900, 36120, 17400, 2950]
[R Tue Sep  7 11:38:31 2021] [1, 2, 0, -280, -140, 26068, 36456, 17640, 3010]
[R Tue Sep  7 11:43:47 2021] [1, 2, 0, 280, 140, 26852, 38024, 18760, 3290]
[R Tue Sep  7 11:44:04 2021] [1, 2, 0, -280, -140, 26180, 36680, 17800, 3050]
[R Tue Sep  7 11:49:19 2021] [1, 2, 0, -280, -140, 26572, 37464, 18360, 3190]
[R Tue Sep  7 11:51:53 2021] [1, 2, 0, 0, 0, 9548, 19096, 13640, 3410]
[R Tue Sep  7 11:52:29 2021] [1, 2, 0, -280, -140, 26684, 37688, 18520, 3230]
[R Tue Sep  7 11:57:16 2021] [1, 2, 0, 0, 0, 5824, -2912, -5200, 3250]
[R Tue Sep  7 12:05:15 2021] [1, 2, 0, -280, -140, 26908, 38136, 18840, 3310]
[R Tue Sep  7 12:12:11 2021] [1, 2, 0, -280, -140, 26852, 38024, 18760, 3290]
[R Tue Sep  7 12:14:07 2021] [1, 2, 0, 280, 140, 27020, 38360, 19000, 3350]
[R Tue Sep  7 12:14:32 2021] [1, 2, 0, 0, 0, 10052, 20104, 14360, 3590]
[R Tue Sep  7 12:16:44 2021] [1, 2, 0, -280, -140, 27188, 38696, 19240, 3410]
[R Tue Sep  7 12:19:43 2021] [1, 2, 28, 224, 700, 1484, 2968, -11848, 4066]
[R Tue Sep  7 12:23:30 2021] [1, 2, 0, -280, -140, 27356, 39032, 19480, 3470]
[R Tue Sep  7 12:30:09 2021] [1, 2, 0, 0, 0, 2800, 8400, 9120, 3610]
[R Tue Sep  7 12:30:09 2021] [1, 2, 0, 0, 0, 28, 616, 3800, 3610]
[R Tue Sep  7 12:38:39 2021] [1, 2, 0, -280, -140, 27692, 39704, 19960, 3590]
[R Tue Sep  7 12:49:31 2021] [1, 2, 0, -280, -140, 27916, 40152, 20280, 3670]
[R Tue Sep  7 12:49:44 2021] [1, 2, 0, 0, 0, 10892, 21784, 15560, 3890]
[R Tue Sep  7 12:52:26 2021] [1, 2, 56, -308, 1120, -1932, -644, -1132, 4246]
[R Tue Sep  7 12:52:30 2021] [1, 2, 0, 140, -1400, 3388, -4564, 5380, 3550]
[R Tue Sep  7 12:52:58 2021] [1, 2, 0, -280, -140, 27580, 39480, 19800, 3550]
[R Tue Sep  7 13:04:47 2021] [1, 2, 0, -280, -140, 28028, 40376, 20440, 3710]
[R Tue Sep  7 13:14:08 2021] [1, 2, 0, -196, 420, -1148, 1204, 11340, 4438]
[R Tue Sep  7 13:22:01 2021] [1, 2, 0, -196, -140, 812, 4704, 1360, 4498]
[R Tue Sep  7 13:38:23 2021] [1, 2, 28, 84, 1680, 10388, 22736, 19404, 4802]
[R Tue Sep  7 13:39:55 2021] [1, 2, 0, 0, 0, 12068, 24136, 17240, 4310]
[R Tue Sep  7 13:40:29 2021] [1, 2, 0, 0, 0, 11732, 23464, 16760, 4190]
[R Tue Sep  7 13:43:03 2021] [1, 2, 0, 0, 0, 11900, 23800, 17000, 4250]
[R Tue Sep  7 13:45:52 2021] [1, 2, 0, 0, 0, -18592, 9296, -6640, 4150]
[R Tue Sep  7 13:53:35 2021] [1, 2, 0, 0, 0, 12404, 24808, 17720, 4430]
[R Tue Sep  7 13:59:38 2021] [1, 2, 0, 280, 2240, 8008, 17556, 20780, 4390]
[R Tue Sep  7 13:59:49 2021] [1, 2, 0, 0, 0, 12572, 25144, 17960, 4490]
[R Tue Sep  7 14:03:30 2021] [1, 2, 0, 364, 840, -6692, 9156, -6620, 4862]
[R Tue Sep  7 14:14:20 2021] [1, 2, 28, -336, 700, -5208, -9856, 1456, 5138]
[R Tue Sep  7 14:19:03 2021] [1, 2, 0, 0, 0, -19936, 9968, -7120, 4450]
[R Tue Sep  7 14:20:46 2021] [1, 2, 0, -196, 1120, 12376, 29512, 22900, 5074]
[R Tue Sep  7 14:25:04 2021] [1, 2, 0, 0, 0, 13244, 26488, 18920, 4730]
[R Tue Sep  7 14:25:18 2021] [1, 2, 0, 0, 0, 12908, 25816, 18440, 4610]
[R Tue Sep  7 14:26:45 2021] [1, 2, 56, 0, 980, -6272, -1064, 6468, 4550]
[R Tue Sep  7 14:35:33 2021] [1, 2, 0, 0, 0, 15092, 30184, 21560, 5390]
[R Tue Sep  7 14:39:23 2021] [1, 2, 0, 0, 0, 13748, 27496, 19640, 4910]
[R Tue Sep  7 14:45:26 2021] [1, 2, 56, 392, 700, 5432, 5544, 15872, 5354]
[R Tue Sep  7 14:46:27 2021] [1, 2, 0, -196, 840, -2016, 4648, -8860, 5366]
[R Tue Sep  7 14:56:45 2021] [1, 2, 0, 0, 0, 14252, 28504, 20360, 5090]
[R Tue Sep  7 15:03:19 2021] [1, 2, 0, 0, 0, 14084, 28168, 20120, 5030]
[R Tue Sep  7 15:14:11 2021] [1, 2, 0, 0, 0, -22624, 11312, -8080, 5050]
[R Tue Sep  7 15:24:43 2021] [1, 2, 0, 0, 0, 13552, -3696, -11040, 5290]
[R Tue Sep  7 15:24:43 2021] [1, 2, 0, 0, 0, 5488, 14896, 14720, 5290]
[R Tue Sep  7 15:43:12 2021] [1, 2, 0, -280, 1260, -14728, 53564, 34680, 5170]
[R Tue Sep  7 15:44:43 2021] [1, 2, 0, 0, 0, 15764, 31528, 22520, 5630]
[R Tue Sep  7 15:49:14 2021] [1, 2, 28, 224, 280, 140, 13300, 21500, 6250]
[R Tue Sep  7 15:50:19 2021] [1, 2, 28, 224, 280, -1708, -5096, -1144, 6238]
[R Tue Sep  7 16:03:23 2021] [1, 2, 0, 0, 0, 16100, 32200, 23000, 5750]
[R Tue Sep  7 16:04:03 2021] [1, 2, 0, 0, 0, 2072, 9884, 13400, 5590]
[R Tue Sep  7 16:10:45 2021] [1, 2, 0, 0, 0, 16772, 33544, 23960, 5990]
[R Tue Sep  7 16:15:19 2021] [1, 2, 0, 0, 0, 16436, 32872, 23480, 5870]
[R Tue Sep  7 16:20:34 2021] [1, 2, 0, 0, 0, 17108, 34216, 24440, 6110]
[R Tue Sep  7 16:46:03 2021] [1, 2, 0, 0, 0, 17612, 35224, 25160, 6290]
[R Tue Sep  7 16:47:08 2021] [1, 2, 28, 364, -1400, 1148, 21196, 19224, 6962]
[R Tue Sep  7 16:51:19 2021] [1, 2, 0, 0, 0, 11200, -5600, -10000, 6250]
[R Tue Sep  7 16:51:19 2021] [1, 2, 0, 0, 0, 1372, 6664, 11000, 6250]
[R Tue Sep  7 16:53:49 2021] [1, 2, 0, 0, 0, 18284, 36568, 26120, 6530]
[R Tue Sep  7 17:16:40 2021] [1, 2, 0, 0, 0, 18788, 37576, 26840, 6710]
[R Tue Sep  7 17:26:33 2021] [1, 2, 56, 0, 1120, -700, 1540, -9220, 6830]
[R Tue Sep  7 17:36:46 2021] [1, 2, 28, 84, 0, -2856, -112, 7072, 7606]
[R Tue Sep  7 17:40:46 2021] [1, 2, 0, 0, 0, 20132, 40264, 28760, 7190]
[R Tue Sep  7 17:47:23 2021] [1, 2, 0, 0, 0, 19964, 39928, 28520, 7130]
[R Tue Sep  7 17:52:47 2021] [1, 2, 0, 0, 0, 20300, 40600, 29000, 7250]
[R Tue Sep  7 17:53:12 2021] [1, 2, 0, 0, 0, 20636, 41272, 29480, 7370]
[R Tue Sep  7 17:56:27 2021] [1, 2, 0, 0, 0, 20804, 41608, 29720, 7430]
[R Tue Sep  7 18:08:14 2021] [1, 2, 0, 0, 0, 21308, 42616, 30440, 7610]
[R Tue Sep  7 18:20:14 2021] [1, 2, 0, 0, 0, 21812, 43624, 31160, 7790]
[R Tue Sep  7 18:54:32 2021] [1, 2, 0, 0, 420, 2240, -7280, -960, 8230]
[R Tue Sep  7 19:04:29 2021] [1, 2, 0, 0, 0, 3388, 12936, 17400, 8410]
[R Tue Sep  7 19:55:33 2021] [1, 2, 0, 0, 0, 16576, -8288, -14800, 9250]
[R Tue Sep  7 20:05:48 2021] [1, 2, 0, 0, 0, 5488, -8624, -4960, 9610]
[R Tue Sep  7 20:05:48 2021] [1, 2, 0, 0, 0, 4732, 16744, 21080, 9610]
[R Tue Sep  7 20:23:37 2021] [1, 2, 0, 0, 0, 672, 2884, 7100, 9790]
[R Tue Sep  7 20:32:38 2021] [1, 2, 0, -280, -1400, -2968, -756, -1580, 9790]
[R Tue Sep  7 21:03:15 2021] [1, 2, 0, 84, 980, -4816, -1792, -4280, 11446]
[R Tue Sep  7 21:04:21 2021] [1, 2, 0, -196, -560, 1484, 4648, 5100, 11446]
[R Tue Sep  7 21:16:23 2021] [1, 2, 28, 224, 700, 224, -5852, -14908, 11806]
[R Tue Sep  7 22:36:33 2021] [1, 2, 28, 224, 700, 2744, 10948, 20852, 14026]
[R Tue Sep  7 22:47:20 2021] [1, 2, 0, 0, 0, 10108, 30856, 34040, 13690]
[R Tue Sep  7 22:47:20 2021] [1, 2, 0, 0, 0, 28, 1176, 13320, 13690]
[R Tue Sep  7 22:59:14 2021] [1, 2, 56, 252, 1260, 4116, 14812, 47496, 14702]
[R Tue Sep  7 23:13:37 2021] [1, 2, 0, -196, -2240, 6888, 31556, 39960, 15002]
[R Tue Sep  7 23:26:11 2021] [1, 2, 0, 224, 280, -1288, 2604, -9480, 15578]
[R Tue Sep  7 23:47:40 2021] [1, 2, 0, 0, 0, 1456, 10192, 22880, 15730]
[R Tue Sep  7 23:50:56 2021] [1, 2, 0, 140, 0, 2352, 4564, 15800, 15710]
[R Tue Sep  7 23:57:55 2021] [1, 2, 0, 280, -840, -2100, 18620, -16380, 16030]
[R Wed Sep  8 00:07:32 2021] [1, 2, 28, 84, -560, 420, -2660, 7800, 17210]
[R Wed Sep  8 00:08:13 2021] [1, 2, 0, -196, 1540, -224, -8148, -17400, 17014]
[R Wed Sep  8 00:15:09 2021] [1, 2, 0, 0, 0, 14812, 42504, 44280, 16810]
[R Wed Sep  8 00:15:09 2021] [1, 2, 0, 0, 0, 13552, -16016, -13120, 16810]
[R Wed Sep  8 00:15:09 2021] [1, 2, 0, 0, 0, 700, 7000, 21320, 16810]
[R Wed Sep  8 00:15:09 2021] [1, 2, 0, 0, 0, 448, -4704, 9840, 16810]
[R Wed Sep  8 00:54:57 2021] [1, 2, 0, 0, 0, 11200, -16800, -10320, 18490]
[R Wed Sep  8 00:54:57 2021] [1, 2, 0, 0, 0, 112, -2576, 13760, 18490]
[R Wed Sep  8 01:01:50 2021] [1, 2, 28, -196, -1260, 4676, 4872, -17932, 19534]
[R Wed Sep  8 01:50:54 2021] [1, 2, 0, -196, -1120, 1736, 19992, 37980, 21934]
[R Wed Sep  8 01:56:51 2021] [1, 2, 0, -280, -2240, -4228, 7644, 27460, 21250]
[R Wed Sep  8 02:03:19 2021] [1, 2, 0, 0, 0, 3388, 19096, 35720, 22090]
[R Wed Sep  8 02:03:19 2021] [1, 2, 0, 0, 0, 112, 3024, 22560, 22090]
[R Wed Sep  8 02:04:51 2021] [1, 2, 0, 0, 0, 9100, -18200, -6760, 21970]
[R Wed Sep  8 02:04:51 2021] [1, 2, 0, 0, 0, 5824, 26208, 40560, 21970]
[R Wed Sep  8 02:17:00 2021] [1, 2, 0, 0, 0, 2128, 14896, 33440, 22990]
[R Wed Sep  8 02:21:06 2021] [1, 2, 0, 0, 0, 5488, -16464, 0, 24010]
[R Wed Sep  8 02:21:30 2021] [1, 2, 0, -280, -140, 0, 18200, -31800, 22850]
[R Wed Sep  8 02:49:06 2021] [1, 2, 0, -280, 1260, 728, -3304, -28500, 24970]
[R Wed Sep  8 02:54:39 2021] [1, 2, 0, 224, -280, -7812, -14924, -20140, 26122]
[R Wed Sep  8 03:09:17 2021] [1, 2, 0, -196, 280, -4312, -2464, 24620, 27302]
[R Wed Sep  8 03:13:29 2021] [1, 2, 56, -28, 280, -3836, -8512, -19616, 27898]
[R Wed Sep  8 03:14:25 2021] [1, 2, 56, 252, 280, 4760, 280, -24480, 27970]
[R Wed Sep  8 03:23:41 2021] [1, 2, 0, 0, 0, 10108, -22344, -6360, 28090]
[R Wed Sep  8 03:23:41 2021] [1, 2, 0, 0, 0, 2800, -14000, 8480, 28090]
[R Wed Sep  8 03:23:41 2021] [1, 2, 0, 0, 0, 1792, 14784, 38160, 28090]
[R Wed Sep  8 03:47:22 2021] [1, 2, 0, 0, 0, 8092, -21896, -2200, 30250]
[R Wed Sep  8 03:47:22 2021] [1, 2, 0, 0, 0, 2800, 19600, 44000, 30250]
[R Wed Sep  8 03:47:22 2021] [1, 2, 0, 0, 0, 1792, -12096, 13200, 30250]
[R Wed Sep  8 04:00:36 2021] [1, 2, 0, -196, 1120, 532, 84, 28700, 32578]
[R Wed Sep  8 04:22:19 2021] [1, 2, 0, 0, 0, 5488, 30576, 56640, 34810]
[R Wed Sep  8 04:22:19 2021] [1, 2, 0, 0, 0, 4732, -19656, 7080, 34810]
[R Wed Sep  8 04:22:19 2021] [1, 2, 0, 0, 0, 448, -6944, 23600, 34810]
[R Wed Sep  8 04:30:01 2021] [1, 2, 28, 84, 0, 1904, -3612, 24912, 36706]
[R Wed Sep  8 04:36:15 2021] [1, 2, 56, 392, 1680, 10192, 36204, 58192, 37634]
[R Wed Sep  8 04:38:11 2021] [1, 2, 0, 0, 0, 7168, 36736, 63440, 37210]
[R Wed Sep  8 04:38:11 2021] [1, 2, 0, 0, 0, 112, -3696, 29280, 37210]
[R Wed Sep  8 04:40:23 2021] [1, 2, 0, 0, 0, 364, -6552, 26520, 37570]
[R Wed Sep  8 04:41:27 2021] [1, 2, 0, 0, 0, 3472, 24304, 54560, 37510]
[R Wed Sep  8 04:49:40 2021] [1, 2, 0, 0, 0, -1540, -5740, 6440, 39130]
[R Wed Sep  8 04:51:44 2021] [1, 2, 56, 280, 1400, 4788, 9996, 34168, 39790]
[R Wed Sep  8 04:52:59 2021] [1, 2, 56, -140, 280, -6720, 0, -22540, 40250]
[R Wed Sep  8 05:05:33 2021] [1, 2, 0, 0, 0, 1372, -12936, 23400, 42250]
[R Wed Sep  8 05:05:33 2021] [1, 2, 0, 0, 0, 112, 4144, 41600, 42250]
[R Wed Sep  8 05:15:26 2021] [1, 2, 0, 0, 0, 4144, 29008, 65120, 44770]
[R Wed Sep  8 05:15:54 2021] [1, 2, 0, 0, 0, 700, -9800, 29480, 44890]
[R Wed Sep  8 05:22:36 2021] [1, 2, 0, 0, 0, 364, 8008, 49400, 46930]
[R Wed Sep  8 05:23:43 2021] [1, 2, 28, 224, -140, 1904, 6748, -6808, 48166]
[R Wed Sep  8 05:32:02 2021] [1, 2, 0, 0, 0, 1792, 19264, 62480, 50410]
[R Wed Sep  8 05:32:02 2021] [1, 2, 0, 0, 0, 28, -2184, 42600, 50410]
[R Wed Sep  8 05:35:38 2021] [1, 2, 0, 0, 0, 4816, 33712, 75680, 52030]
[R Wed Sep  8 05:35:53 2021] [1, 2, 0, -56, 840, 5964, -11452, -12480, 53146]
[R Wed Sep  8 05:38:13 2021] [1, 2, 0, 0, 0, 2800, 25200, 70080, 53290]
[R Wed Sep  8 05:38:13 2021] [1, 2, 0, 0, 0, 28, 2296, 49640, 53290]
[R Wed Sep  8 05:41:02 2021] [1, 2, 0, 0, 0, 532, -9576, 38760, 54910]
[R Wed Sep  8 05:44:15 2021] [1, 2, 28, 224, 700, 1904, 15428, 68512, 57826]
[R Wed Sep  8 05:55:54 2021] [1, 2, 0, 224, -280, -112, 12656, -38960, 66742]
[R Wed Sep  8 05:58:34 2021] [1, 2, 0, -140, -140, 2828, 1456, 43780, 68590]
[R Wed Sep  8 06:00:43 2021] [1, 2, 0, -196, -140, -3388, 13104, -4400, 73198]
Total elapsed time: 112452475017us
Server			Amount		Total Time (us)		Fastest Time (us)	Slowest Time (us)	Approx Avg Time (us)
Receive:        47754222        157534837797    0                       298583086               3298            
Source:         511             5766900639      10608422                11730435                11285519        
Index:          0               0               N/A                     N/A                     N/A             
Store:          0               0               N/A                     N/A                     N/A             
Workers			Amount		Total Time (us)		Fastest Time (us)	Slowest Time (us)	Approx Avg Time (us)
Workers:        511             57462318966200  0                       132534                  112450722047    
Receive:        47754222        157534837797    0                       298583086               3298            
Send results:   283             19313           8                       151                     68              
Unit:           277342          57397648557572  235                     16862680587             206956207       
Source:         511             5766900639      10608422                11730435                11285519        
Generate:       47594348184857  17323271441307  0                       9620945                 0               
Filter:         1177966298175   9658998045360   1                       9620942                 8               
Retrieve:       325             0               0                       0                       0               
Evaluation:     48778669123012  29229221713467  0                       49018                   0               
Init:           15917625        17027807102     1                       9195207                 1069            
Test			Amount Tested	Total Time (us)	Fastest Time (us)	SlowestTime (us)	Approx Avg Time (us)
Disc:           47594348184857  34598509370175  0                       49018                   0               
Saved:          325             1139            1                       12                      3               
