[I Sat Sep 30 23:49:00 2023] Program launch: 512 workers
[A Sat Sep 30 23:49:00 2023] ./bin/enum-stats -coeffs -2 -divisors 2,14,14,140,14,14,2,1 -discriminant -210827008000000 -input data/257/p2e14mod4_2ds1.txt,data/257/p5e6mod25_s1eq2.txt,data/257/p7e7mod49_s1eq2.txt,data/257/p3e0mod9_s1eq2_a8eq1.txt -output data/output/257/output1467_s1eq2_a8eq1m9.txt -tree data/257/treea8.txt -locked 3 -filter 11 
[R Sat Sep 30 23:51:15 2023] [1, 2, -14, -70, 420, 2086, 3262, 11246, -121715]
[R Sat Sep 30 23:51:27 2023] [1, 2, -14, -70, 420, 2086, 3262, 8366, -114875]
[R Sat Sep 30 23:51:34 2023] [1, 2, -14, -70, 420, 2086, 3262, 6926, -111455]
[R Sat Sep 30 23:51:40 2023] [1, 2, -14, -70, 420, 2086, 3262, 5486, -108035]
[R Sat Sep 30 23:51:40 2023] [1, 2, -14, -70, -700, -2394, -3458, 686, -108395]
[R Sat Sep 30 23:51:45 2023] [1, 2, -14, -70, 560, 2646, 4102, -18754, -105695]
[R Sat Sep 30 23:51:48 2023] [1, 2, -14, -70, -700, -2394, -3458, -754, -104975]
[R Sat Sep 30 23:51:51 2023] [1, 2, -14, -70, -420, -1274, -1778, 31406, -102815]
[R Sat Sep 30 23:51:52 2023] [1, 2, -14, -70, 560, 2646, 4102, -20194, -102275]
[R Sat Sep 30 23:51:54 2023] [1, 2, -14, -70, -700, -2394, -3458, -2194, -101555]
[R Sat Sep 30 23:51:58 2023] [1, 2, -14, -70, 420, 2086, 3262, 2606, -101195]
[R Sat Sep 30 23:52:01 2023] [1, 2, -14, -70, -420, -1274, -1778, 29966, -99395]
[R Sat Sep 30 23:52:01 2023] [1, 2, -14, -70, 140, 966, 1582, 32366, -99215]
[R Sat Sep 30 23:52:03 2023] [1, 2, -14, -70, 560, 2646, 4102, -21634, -98855]
[R Sat Sep 30 23:52:05 2023] [1, 2, -14, -70, 420, 2086, 3262, 1166, -97775]
[R Sat Sep 30 23:52:06 2023] [1, 2, -14, -70, 0, 406, 742, 39326, -98315]
[R Sat Sep 30 23:52:10 2023] [1, 2, -14, -70, -280, -714, -938, 37406, -96695]
[R Sat Sep 30 23:52:12 2023] [1, 2, -14, -70, -420, -1274, -1778, 28526, -95975]
[R Sat Sep 30 23:52:14 2023] [1, 2, -14, -70, 560, 2646, 4102, -23074, -95435]
[R Sat Sep 30 23:52:17 2023] [1, 2, -14, -70, -700, -2394, -3458, -5074, -94715]
[R Sat Sep 30 23:52:18 2023] [1, 2, -14, -70, 420, 2086, 3262, -274, -94355]
[R Sat Sep 30 23:52:21 2023] [1, 2, -14, -70, 0, 406, 742, 37886, -94895]
[R Sat Sep 30 23:52:25 2023] [1, 2, -14, -70, -280, -714, -938, 35966, -93275]
[R Sat Sep 30 23:52:26 2023] [1, 2, -14, -70, -420, -1274, -1778, 27086, -92555]
[R Sat Sep 30 23:52:30 2023] [1, 2, -14, -70, 0, 406, 742, 36446, -91475]
[R Sat Sep 30 23:52:31 2023] [1, 2, -14, -70, 140, 966, 1582, 29486, -92375]
[R Sat Sep 30 23:52:33 2023] [1, 2, -14, -70, 560, 2646, 4102, -24514, -92015]
[R Sat Sep 30 23:52:34 2023] [1, 2, -14, -70, 420, 2086, 3262, -1714, -90935]
[R Sat Sep 30 23:52:38 2023] [1, 2, -14, -70, -840, -2954, -4298, -31234, -90755]
[R Sat Sep 30 23:52:43 2023] [1, 2, -14, -70, -420, -1274, -1778, 25646, -89135]
[R Sat Sep 30 23:52:48 2023] [1, 2, -14, -70, -700, -2394, -3458, -7954, -87875]
[R Sat Sep 30 23:52:50 2023] [1, 2, -14, -70, 0, 406, 742, 35006, -88055]
[R Sat Sep 30 23:52:51 2023] [1, 2, -14, -70, 420, 2086, 3262, -3154, -87515]
[R Sat Sep 30 23:52:52 2023] [1, 2, -14, -70, 560, 2646, 4102, -25954, -88595]
[R Sat Sep 30 23:52:58 2023] [1, 2, -14, -70, -280, -714, -938, 33086, -86435]
[R Sat Sep 30 23:53:00 2023] [1, 2, -14, -70, -840, -2954, -4298, -32674, -87335]
[R Sat Sep 30 23:53:03 2023] [1, 2, -14, -70, 140, 966, 1582, 26606, -85535]
[R Sat Sep 30 23:53:04 2023] [1, 2, -14, -70, 560, 2646, 4102, -27394, -85175]
[R Sat Sep 30 23:53:06 2023] [1, 2, 0, 0, 420, -2268, -476, -11500, -86210]
[R Sat Sep 30 23:53:07 2023] [1, 2, -14, -70, -420, -1274, -1778, 24206, -85715]
[R Sat Sep 30 23:53:09 2023] [1, 2, -14, -70, 0, 406, 742, 33566, -84635]
[R Sat Sep 30 23:53:15 2023] [1, 2, -14, -70, -700, -2394, -3458, -9394, -84455]
[R Sat Sep 30 23:53:15 2023] [1, 2, -14, -70, 420, 2086, 3262, -4594, -84095]
[R Sat Sep 30 23:53:21 2023] [1, 2, -14, -70, -280, -714, -938, 31646, -83015]
[R Sat Sep 30 23:53:24 2023] [1, 2, -42, -126, 420, 154, -18242, -67798, -78119]
[R Sat Sep 30 23:53:30 2023] [1, 2, -14, -70, 140, 966, 1582, 25166, -82115]
[R Sat Sep 30 23:53:31 2023] [1, 2, -14, -70, 560, 2646, 4102, -28834, -81755]
[R Sat Sep 30 23:53:35 2023] [1, 2, -14, -70, -420, -1274, -1778, 22766, -82295]
[R Sat Sep 30 23:53:35 2023] [1, 2, -14, -70, 0, 406, 742, 32126, -81215]
[R Sat Sep 30 23:53:44 2023] [1, 2, -14, -70, -840, -2954, -4298, -35554, -80495]
[R Sat Sep 30 23:53:45 2023] [1, 2, -14, -70, 420, 2086, 3262, -6034, -80675]
[R Sat Sep 30 23:53:46 2023] [1, 2, -14, -70, -700, -2394, -3458, -10834, -81035]
[R Sat Sep 30 23:53:56 2023] [1, 2, -14, 42, 560, -3178, 1134, 9022, -76211]
[R Sat Sep 30 23:53:57 2023] [1, 2, -14, -70, -420, -1274, -1778, 21326, -78875]
[R Sat Sep 30 23:54:04 2023] [1, 2, -14, -70, 560, 2646, 4102, -30274, -78335]
[R Sat Sep 30 23:54:11 2023] [1, 2, -14, -70, -700, -2394, -3458, -12274, -77615]
[R Sat Sep 30 23:54:14 2023] [1, 2, -14, -70, -840, -2954, -4298, -36994, -77075]
[R Sat Sep 30 23:54:27 2023] [1, 2, -14, -70, 420, 2086, 3262, -7474, -77255]
[R Sat Sep 30 23:54:35 2023] [1, 2, -14, -70, 140, 966, 1582, 22286, -75275]
[R Sat Sep 30 23:54:36 2023] [1, 2, -14, -70, -420, -1274, -1778, 19886, -75455]
[R Sat Sep 30 23:54:41 2023] [1, 2, -14, -70, -140, 854, 9758, 11214, -75635]
[R Sat Sep 30 23:54:42 2023] [1, 2, -14, -70, 560, 2646, 4102, -31714, -74915]
[R Sat Sep 30 23:54:53 2023] [1, 2, -14, -70, 0, 406, 742, 29246, -74375]
[R Sat Sep 30 23:55:09 2023] [1, 2, -14, -70, -280, -714, -938, 27326, -72755]
[R Sat Sep 30 23:55:19 2023] [1, 2, -14, -70, -420, -1274, -1778, 18446, -72035]
[R Sat Sep 30 23:55:27 2023] [1, 2, -14, -70, 560, 2646, 4102, -33154, -71495]
[R Sat Sep 30 23:55:31 2023] [1, 2, -14, -70, 140, 966, 1582, 20846, -71855]
[R Sat Sep 30 23:55:42 2023] [1, 2, -14, -70, 420, 2086, 3262, -10354, -70415]
[R Sat Sep 30 23:55:50 2023] [1, 2, -14, -70, -840, -2954, -4298, -39874, -70235]
[R Sat Sep 30 23:55:52 2023] [1, 2, -14, -70, 0, 406, 742, 27806, -70955]
[R Sat Sep 30 23:56:10 2023] [1, 2, -14, -70, -420, -1274, -1778, 17006, -68615]
[R Sat Sep 30 23:56:13 2023] [1, 2, -14, -98, 700, 5838, 12586, -13822, -65339]
[R Sat Sep 30 23:56:21 2023] [1, 2, -42, 154, 700, -3626, 5698, 48862, -63899]
[R Sat Sep 30 23:56:26 2023] [1, 2, -14, -70, 560, 2646, 4102, -34594, -68075]
[R Sat Sep 30 23:56:30 2023] [1, 2, -14, -70, 0, 406, 742, 26366, -67535]
[R Sat Sep 30 23:56:33 2023] [1, 2, -14, -70, 140, 966, 1582, 19406, -68435]
[R Sat Sep 30 23:56:34 2023] [1, 2, -14, -70, -700, -2394, -3458, -16594, -67355]
[R Sat Sep 30 23:56:40 2023] [1, 2, -14, -70, 420, 2086, 3262, -11794, -66995]
[R Sat Sep 30 23:57:00 2023] [1, 2, -14, -70, -840, -2954, -4298, -41314, -66815]
[R Sat Sep 30 23:57:42 2023] [1, 2, -42, -126, 420, 1162, -11186, -48934, -60047]
[R Sat Sep 30 23:57:48 2023] [1, 2, -14, -70, -700, -2394, -3458, -18034, -63935]
[R Sat Sep 30 23:57:54 2023] [1, 2, -14, -70, 420, 2086, 3262, -13234, -63575]
[R Sat Sep 30 23:57:54 2023] [1, 2, -14, -70, 560, 2646, 4102, -36034, -64655]
[R Sat Sep 30 23:58:00 2023] [1, 2, -14, -70, -140, 6146, 17402, -20454, -64295]
[R Sat Sep 30 23:58:24 2023] [1, 2, -14, -70, -280, -714, -938, 23006, -62495]
[R Sat Sep 30 23:58:30 2023] [1, 2, -14, -70, -840, -2954, -4298, -42754, -63395]
[R Sat Sep 30 23:58:43 2023] [1, 2, -42, 14, 560, -4270, -7770, 33990, -57635]
[R Sat Sep 30 23:58:46 2023] [1, 2, -14, -70, 140, 966, 1582, 16526, -61595]
[R Sat Sep 30 23:58:50 2023] [1, 2, -14, -70, -420, -1274, -1778, 14126, -61775]
[R Sat Sep 30 23:58:56 2023] [1, 2, -14, -70, 560, 2646, 4102, -37474, -61235]
[R Sat Sep 30 23:59:25 2023] [1, 2, -14, -70, 420, 2086, 3262, -14674, -60155]
[R Sat Sep 30 23:59:49 2023] [1, 2, -14, -70, -280, -714, -938, 21566, -59075]
[R Sun Oct  1 00:00:14 2023] [1, 2, -14, -70, 140, 966, 1582, 15086, -58175]
[R Sun Oct  1 00:00:32 2023] [1, 2, -14, -70, 560, 2646, 4102, -38914, -57815]
[R Sun Oct  1 00:00:42 2023] [1, 2, -14, -70, 0, 406, 742, 22046, -57275]
[R Sun Oct  1 00:00:58 2023] [1, 2, -14, -70, -420, -1274, -1778, 12686, -58355]
[R Sun Oct  1 00:01:12 2023] [1, 2, -14, -70, -840, -2954, -4298, -45634, -56555]
[R Sun Oct  1 00:01:22 2023] [1, 2, -14, -70, 420, 2086, 3262, -16114, -56735]
[R Sun Oct  1 00:01:28 2023] [1, 2, -14, -70, -700, -2394, -3458, -20914, -57095]
[R Sun Oct  1 00:01:49 2023] [1, 2, -14, -70, -280, -714, -938, 20126, -55655]
[R Sun Oct  1 00:02:16 2023] [1, 2, -14, -70, -420, -1274, -1778, 11246, -54935]
[R Sun Oct  1 00:02:18 2023] [1, 2, -42, -126, 420, 1666, -7658, -39502, -51011]
[R Sun Oct  1 00:02:45 2023] [1, 2, -14, -70, 560, 2646, 4102, -40354, -54395]
[R Sun Oct  1 00:02:54 2023] [1, 2, -14, -70, -700, -2394, -3458, -22354, -53675]
[R Sun Oct  1 00:02:55 2023] [1, 2, -14, -70, 1120, 3850, -22050, 22150, -54575]
[R Sun Oct  1 00:03:29 2023] [1, 2, -14, -70, -840, -2954, -4298, -47074, -53135]
[R Sun Oct  1 00:03:57 2023] [1, 2, -14, -70, 420, 2086, 3262, -17554, -53315]
[R Sun Oct  1 00:04:06 2023] [1, 2, -14, -70, -280, -714, -938, 18686, -52235]
[R Sun Oct  1 00:04:36 2023] [1, 2, -14, -70, -420, -1274, -1778, 9806, -51515]
[R Sun Oct  1 00:04:45 2023] [1, 2, -14, -70, 140, 966, 1582, 12206, -51335]
[R Sun Oct  1 00:04:51 2023] [1, 2, -14, -70, 560, 2646, 4102, -41794, -50975]
[R Sun Oct  1 00:05:19 2023] [1, 2, 0, 0, -840, 3052, -8596, -22640, -51650]
[R Sun Oct  1 00:05:36 2023] [1, 2, -14, -70, -140, 7350, 14910, -24690, -50255]
[R Sun Oct  1 00:05:53 2023] [1, 2, -14, -70, 420, 2086, 3262, -18994, -49895]
[R Sun Oct  1 00:05:53 2023] [1, 2, -14, 210, 1400, 4970, -9590, -54550, -49355]
[R Sun Oct  1 00:06:06 2023] [1, 2, -14, -70, 0, 406, 742, 19166, -50435]
[R Sun Oct  1 00:06:28 2023] [1, 2, -14, 210, 560, -2926, -2702, 34274, -49535]
[R Sun Oct  1 00:06:37 2023] [1, 2, -14, -70, -140, 854, -10402, 37134, -48995]
[R Sun Oct  1 00:06:44 2023] [1, 2, -14, -70, -280, -714, -938, 17246, -48815]
[R Sun Oct  1 00:06:47 2023] [1, 2, 0, 84, 140, 3248, 4536, 26060, -46538]
[R Sun Oct  1 00:08:01 2023] [1, 2, -14, -70, 140, 966, 1582, 10766, -47915]
[R Sun Oct  1 00:08:38 2023] [1, 2, -14, -70, -700, -2394, -3458, -25234, -46835]
[R Sun Oct  1 00:08:41 2023] [1, 2, -42, 154, 560, -3066, 4858, 36142, -43559]
[R Sun Oct  1 00:08:47 2023] [1, 2, 0, 84, -560, -2800, -23100, -28380, -44090]
[R Sun Oct  1 00:09:20 2023] [1, 2, -14, -70, 0, 406, 742, 17726, -47015]
[R Sun Oct  1 00:09:21 2023] [1, 2, -14, -70, 420, 2086, 3262, -20434, -46475]
[R Sun Oct  1 00:09:28 2023] [1, 2, -14, -70, -840, -2954, -4298, -49954, -46295]
[R Sun Oct  1 00:10:46 2023] [1, 2, 28, 84, 280, 6580, 280, -39900, -41930]
[R Sun Oct  1 00:10:53 2023] [1, 2, -14, -70, -140, 4634, -25102, 53394, -45035]
[R Sun Oct  1 00:11:04 2023] [1, 2, -14, -70, -280, -714, -938, 15806, -45395]
[R Sun Oct  1 00:11:04 2023] [1, 2, -14, -70, -420, -1274, -1778, 6926, -44675]
[R Sun Oct  1 00:11:04 2023] [1, 2, -14, -70, -140, 6678, 13566, -22482, -45755]
[R Sun Oct  1 00:12:13 2023] [1, 2, -42, 154, 280, -1946, 3178, 10702, -40679]
[R Sun Oct  1 00:12:26 2023] [1, 2, -14, 70, 560, 7546, 6202, 9066, -44315]
[R Sun Oct  1 00:12:42 2023] [1, 2, -14, -70, 0, 406, 742, 16286, -43595]
[R Sun Oct  1 00:12:44 2023] [1, 2, -14, -70, 560, 2646, 4102, -44674, -44135]
[R Sun Oct  1 00:13:00 2023] [1, 2, -14, -70, -700, -2394, -3458, -26674, -43415]
[R Sun Oct  1 00:13:09 2023] [1, 2, -14, -70, 140, 966, 1582, 9326, -44495]
[R Sun Oct  1 00:13:29 2023] [1, 2, -14, -70, 420, 2086, 3262, -21874, -43055]
[R Sun Oct  1 00:13:42 2023] [1, 2, -14, 182, 700, 3402, 5334, -20458, -40391]
[R Sun Oct  1 00:15:53 2023] [1, 2, -42, 154, 140, -1386, 2338, 2302, -38159]
[R Sun Oct  1 00:15:59 2023] [1, 2, -14, -70, -420, -1274, -1778, 5486, -41255]
[R Sun Oct  1 00:17:18 2023] [1, 2, -14, -70, 0, 406, 742, 14846, -40175]
[R Sun Oct  1 00:17:45 2023] [1, 2, -14, 210, -560, -6314, 8302, 33966, -40715]
[R Sun Oct  1 00:17:55 2023] [1, 2, -42, 154, 560, -3066, 4858, 37582, -36899]
[R Sun Oct  1 00:18:01 2023] [1, 2, -14, -70, 560, 2646, 4102, -46114, -40715]
[R Sun Oct  1 00:20:07 2023] [1, 2, -14, -70, -840, -2954, -4298, -52834, -39455]
[R Sun Oct  1 00:20:59 2023] [1, 2, -14, -70, -280, -714, -938, 12926, -38555]
[R Sun Oct  1 00:22:11 2023] [1, 2, -14, 210, 1400, 2450, -13230, -46670, -37655]
[R Sun Oct  1 00:22:12 2023] [1, 2, -14, -70, 140, 966, 1582, 6446, -37655]
[R Sun Oct  1 00:22:40 2023] [1, 2, -14, -70, -420, -1274, -1778, 4046, -37835]
[R Sun Oct  1 00:24:10 2023] [1, 2, -14, -70, 0, 406, 742, 13406, -36755]
[R Sun Oct  1 00:24:10 2023] [1, 2, -14, -70, -140, 5334, 10878, -18066, -36755]
[R Sun Oct  1 00:24:55 2023] [1, 2, 0, 0, 0, -3332, -11424, 38080, -36890]
[R Sun Oct  1 00:25:30 2023] [1, 2, -14, -70, -700, -2394, -3458, -29554, -36575]
[R Sun Oct  1 00:26:02 2023] [1, 2, -42, -126, 420, 2674, -602, -20638, -32939]
[R Sun Oct  1 00:27:38 2023] [1, 2, -14, -70, -280, -714, -938, 11486, -35135]
[R Sun Oct  1 00:27:39 2023] [1, 2, -14, 70, 560, -574, -9758, -29434, -35495]
[R Sun Oct  1 00:28:08 2023] [1, 2, -14, 210, 1400, 1946, -13958, -45094, -35315]
[R Sun Oct  1 00:28:12 2023] [1, 2, 0, 0, 0, -3248, -22736, -51040, -35090]
[R Sun Oct  1 00:29:06 2023] [1, 2, -42, 154, 140, -1386, 2338, 3742, -31499]
[R Sun Oct  1 00:29:32 2023] [1, 2, 70, 70, 1680, -490, 11830, -16750, -32975]
[R Sun Oct  1 00:29:48 2023] [1, 2, -14, -70, 140, 966, 1582, 5006, -34235]
[R Sun Oct  1 00:30:39 2023] [1, 2, 70, 210, 1680, 5054, -3122, -15830, -32255]
[R Sun Oct  1 00:31:04 2023] [1, 2, -14, -70, -420, -1274, -1778, 2606, -34415]
[R Sun Oct  1 00:31:50 2023] [1, 2, -14, -70, 0, 406, 742, 11966, -33335]
[R Sun Oct  1 00:32:18 2023] [1, 2, -42, 154, 560, -3066, 4858, 39022, -30239]
[R Sun Oct  1 00:34:19 2023] [1, 2, -14, -70, -700, -2394, -3458, -30994, -33155]
[R Sun Oct  1 00:34:33 2023] [1, 2, -14, -70, 420, 2086, 3262, -26194, -32795]
[R Sun Oct  1 00:34:56 2023] [1, 2, -14, -70, -140, 4662, 9534, -15858, -32255]
[R Sun Oct  1 00:36:17 2023] [1, 2, -14, -70, -280, -714, -938, 10046, -31715]
[R Sun Oct  1 00:38:09 2023] [1, 2, -42, 154, 0, -826, 1498, -1778, -28259]
[R Sun Oct  1 00:38:27 2023] [1, 2, -14, -70, -420, -1274, -1778, 1166, -30995]
[R Sun Oct  1 00:38:55 2023] [1, 2, 0, 84, 420, -2912, 5376, -4040, -28898]
[R Sun Oct  1 00:41:14 2023] [1, 2, -42, 154, 280, -1946, 3178, 13582, -27359]
[R Sun Oct  1 00:42:14 2023] [1, 2, -14, -70, -700, -2394, -3458, -32434, -29735]
[R Sun Oct  1 00:45:22 2023] [1, 2, -14, -70, 420, 2086, 3262, -27634, -29375]
[R Sun Oct  1 00:47:16 2023] [1, 2, -14, -70, -280, -714, -938, 8606, -28295]
[R Sun Oct  1 00:48:09 2023] [1, 2, -14, 210, 1400, 434, -16142, -40366, -28295]
[R Sun Oct  1 00:49:56 2023] [1, 2, -14, -70, -420, -1274, -1778, -274, -27575]
[R Sun Oct  1 00:50:04 2023] [1, 2, 0, 84, -1120, -12012, -38304, -51440, -25838]
[R Sun Oct  1 00:50:38 2023] [1, 2, -14, -70, -140, 3990, 8190, -13650, -27755]
[R Sun Oct  1 00:51:16 2023] [1, 2, -14, -70, 140, 966, 1582, 2126, -27395]
[R Sun Oct  1 00:52:36 2023] [1, 2, -42, 154, -140, -266, 658, -4418, -24299]
[R Sun Oct  1 00:55:54 2023] [1, 2, -42, 154, 560, -3066, 4858, 40462, -23579]
[R Sun Oct  1 00:55:57 2023] [1, 2, 0, 0, -840, -9800, -34300, -48020, -26810]
[R Sun Oct  1 00:56:21 2023] [1, 2, -14, -70, 0, 406, 742, 9086, -26495]
[R Sun Oct  1 00:56:23 2023] [1, 2, -70, -126, 700, 2058, 24206, -21070, -23723]
[R Sun Oct  1 00:57:24 2023] [1, 2, -14, -70, 420, 2086, 3262, -29074, -25955]
[R Sun Oct  1 00:58:04 2023] [1, 2, 0, 0, 0, -3500, -21000, -41400, -26450]
[R Sun Oct  1 00:58:05 2023] [1, 2, 0, -56, 0, 812, 2744, 240, -23642]
[R Sun Oct  1 00:58:25 2023] [1, 2, -14, 210, 1400, -70, -16870, -38790, -25955]
[R Sun Oct  1 01:01:27 2023] [1, 2, -14, -70, -280, -714, -938, 7166, -24875]
[R Sun Oct  1 01:03:46 2023] [1, 2, -14, -70, -140, 12194, 5978, -30726, -24695]
[R Sun Oct  1 01:05:31 2023] [1, 2, -14, -70, -420, -1274, -1778, -1714, -24155]
[R Sun Oct  1 01:06:22 2023] [1, 2, -42, 154, -560, 1414, -1862, 2062, -21419]
[R Sun Oct  1 01:06:52 2023] [1, 2, -14, -210, 700, 7966, 29722, 23906, -24155]
[R Sun Oct  1 01:06:57 2023] [1, 2, 0, 0, 1120, -6160, 17640, -27820, -23930]
[R Sun Oct  1 01:07:13 2023] [1, 2, -14, -70, -140, 7014, -26082, 40494, -23795]
[R Sun Oct  1 01:07:20 2023] [1, 2, -14, -70, 140, 966, 1582, 686, -23975]
[R Sun Oct  1 01:10:37 2023] [1, 2, -42, 154, -280, -854, -8218, -21422, -20591]
[R Sun Oct  1 01:12:04 2023] [1, 2, 0, -280, 980, 2856, 5992, -36640, -22670]
[R Sun Oct  1 01:12:25 2023] [1, 2, -14, -70, -700, -2394, -3458, -35314, -22895]
[R Sun Oct  1 01:14:22 2023] [1, 2, -14, -70, 0, 406, 742, 7646, -23075]
[R Sun Oct  1 01:14:27 2023] [1, 2, -14, -70, 420, 2086, 3262, -30514, -22535]
[R Sun Oct  1 01:16:36 2023] [1, 2, -14, 210, 420, 3290, 3010, 18090, -23075]
[R Sun Oct  1 01:17:04 2023] [1, 2, -42, 154, -280, 294, -182, -4178, -19619]
[R Sun Oct  1 01:23:39 2023] [1, 2, -14, -70, -280, -714, -938, 5726, -21455]
[R Sun Oct  1 01:23:42 2023] [1, 2, -14, 210, 1400, -1078, -18326, -35638, -21275]
[R Sun Oct  1 01:25:44 2023] [1, 2, -14, 210, 560, -5950, 13090, 530, -21095]
[R Sun Oct  1 01:27:02 2023] [1, 2, -14, -70, -420, -1274, -1778, -3154, -20735]
[R Sun Oct  1 01:30:43 2023] [1, 2, -42, 154, -140, -266, 658, -2978, -17639]
[R Sun Oct  1 01:31:28 2023] [1, 2, -14, -70, 140, 966, 1582, -754, -20555]
[R Sun Oct  1 01:33:28 2023] [1, 2, -14, -70, 0, 406, 742, 6206, -19655]
[R Sun Oct  1 01:33:50 2023] [1, 2, -14, -70, -700, -2394, -3458, -36754, -19475]
[R Sun Oct  1 01:34:33 2023] [1, 2, -14, 70, 420, -2226, 2058, 28994, -20195]
[R Sun Oct  1 01:37:39 2023] [1, 2, -14, -70, 420, 2086, 3262, -31954, -19115]
[R Sun Oct  1 01:39:11 2023] [1, 2, 56, -28, 700, -2744, 812, -17624, -16838]
[R Sun Oct  1 01:41:58 2023] [1, 2, -14, -70, -140, 2646, 5502, -9234, -18755]
[R Sun Oct  1 01:42:24 2023] [1, 2, 56, 140, 1260, -3052, -11284, 36868, -17810]
[R Sun Oct  1 01:44:08 2023] [1, 2, 56, -28, 700, -3248, 16184, 2032, -16586]
[R Sun Oct  1 01:44:37 2023] [1, 2, -14, 210, -840, 2618, -10934, 24618, -18755]
[R Sun Oct  1 01:44:44 2023] [1, 2, -14, 70, 0, 126, 882, 1106, -18935]
[R Sun Oct  1 01:47:57 2023] [1, 2, 28, 224, 1680, 4928, 8876, 1864, -15578]
[R Sun Oct  1 01:51:57 2023] [1, 2, -14, -70, -280, -714, -938, 4286, -18035]
[R Sun Oct  1 01:53:02 2023] [1, 2, -14, -70, -420, -1274, -1778, -4594, -17315]
[R Sun Oct  1 01:56:05 2023] [1, 2, -42, 154, -560, 1414, -1862, 3502, -14759]
[R Sun Oct  1 02:02:53 2023] [1, 2, -14, -70, 0, 406, 742, 4766, -16235]
[R Sun Oct  1 02:02:58 2023] [1, 2, -42, 154, 280, -1946, 3178, 16462, -14039]
[R Sun Oct  1 02:04:54 2023] [1, 2, -42, 154, -280, -13706, -56182, -48338, -13859]
[R Sun Oct  1 02:05:43 2023] [1, 2, -14, -70, -700, -2394, -3458, -38194, -16055]
[R Sun Oct  1 02:09:06 2023] [1, 2, -14, -70, 420, 2086, 3262, -33394, -15695]
[R Sun Oct  1 02:16:34 2023] [1, 2, 0, 0, -280, -924, -4368, -7280, -15470]
[R Sun Oct  1 02:18:33 2023] [1, 2, -42, 154, -280, -26670, -69090, 60410, -12635]
[R Sun Oct  1 02:21:37 2023] [1, 2, -14, -70, -280, -714, -938, 2846, -14615]
[R Sun Oct  1 02:32:34 2023] [1, 2, -14, -70, 140, 966, 1582, -3634, -13715]
[R Sun Oct  1 02:32:50 2023] [1, 2, -42, 154, -280, -350, -4690, -11990, -11555]
[R Sun Oct  1 02:33:07 2023] [1, 2, -14, -70, -140, 1974, 4158, -7026, -14255]
[R Sun Oct  1 02:33:57 2023] [1, 2, -14, -70, -140, 546, -4998, 13146, -13895]
[R Sun Oct  1 02:33:57 2023] [1, 2, -14, -70, -420, -1274, -1778, -6034, -13895]
[R Sun Oct  1 02:34:05 2023] [1, 2, -42, 154, 140, -1386, 2338, 8062, -11519]
[R Sun Oct  1 02:37:24 2023] [1, 2, -14, 210, 1400, -2590, -20510, -30910, -14255]
[R Sun Oct  1 02:41:59 2023] [1, 2, -42, 154, -140, -266, 658, -1538, -10979]
[R Sun Oct  1 02:48:15 2023] [1, 2, -14, -70, 0, 406, 742, 3326, -12815]
[R Sun Oct  1 02:48:23 2023] [1, 2, 0, 0, 0, -1232, -8624, -19360, -13310]
[R Sun Oct  1 02:48:26 2023] [1, 2, -42, 154, -280, -22134, -57498, 50258, -10511]
[R Sun Oct  1 02:52:15 2023] [1, 2, -14, -70, 420, 2086, 3262, -34834, -12275]
[R Sun Oct  1 02:53:08 2023] [1, 2, -14, -70, -700, -2394, -3458, -39634, -12635]
[R Sun Oct  1 02:53:19 2023] [1, 2, -42, 154, 560, -3066, 4858, 43342, -10259]
[R Sun Oct  1 02:53:50 2023] [1, 2, 0, -280, -140, -17108, -49896, -44040, -12410]
[R Sun Oct  1 02:56:42 2023] [1, 2, 0, -280, -140, -16604, -48888, -43320, -12230]
[R Sun Oct  1 03:08:30 2023] [1, 2, 0, -280, -140, -14588, -44856, -40440, -11510]
[R Sun Oct  1 03:10:11 2023] [1, 2, 0, -280, -140, -15092, -45864, -41160, -11690]
[R Sun Oct  1 03:11:13 2023] [1, 2, -14, -70, -280, -714, -938, 1406, -11195]
[R Sun Oct  1 03:13:54 2023] [1, 2, 0, -280, -140, -14084, -43848, -39720, -11330]
[R Sun Oct  1 03:17:20 2023] [1, 2, 0, -280, -140, -16100, -47880, -42600, -12050]
[R Sun Oct  1 03:20:37 2023] [1, 2, -14, -70, 1120, -3822, 19026, -10762, -10835]
[R Sun Oct  1 03:22:18 2023] [1, 2, 0, -280, -140, -13580, -42840, -39000, -11150]
[R Sun Oct  1 03:24:00 2023] [1, 2, 0, 0, 1260, 4452, 8204, -11640, -10610]
[R Sun Oct  1 03:25:24 2023] [1, 2, 28, 364, 840, -3248, -16296, -20844, -8522]
[R Sun Oct  1 03:26:41 2023] [1, 2, 0, -56, -280, -1372, -4424, -9000, -9278]
[R Sun Oct  1 03:26:47 2023] [1, 2, -42, 154, -280, -17598, -45906, 40106, -8387]
[R Sun Oct  1 03:27:22 2023] [1, 2, 0, -280, -140, -12068, -39816, -36840, -10610]
[R Sun Oct  1 03:33:03 2023] [1, 2, -14, -70, -420, -1274, -1778, -7474, -10475]
[R Sun Oct  1 03:34:00 2023] [1, 2, 28, -56, 0, 56, -4648, -3132, -8126]
[R Sun Oct  1 03:36:29 2023] [1, 2, 0, -280, -140, -11564, -38808, -36120, -10430]
[R Sun Oct  1 03:37:33 2023] [1, 2, -14, -70, -140, 11046, -28098, 28686, -10115]
[R Sun Oct  1 03:38:44 2023] [1, 2, -42, 154, -700, 1974, -2702, 12382, -7919]
[R Sun Oct  1 03:38:57 2023] [1, 2, 0, 0, 0, -18368, 9184, 16400, -10250]
[R Sun Oct  1 03:40:15 2023] [1, 2, -14, -70, -140, 12950, -3010, -22290, -9755]
[R Sun Oct  1 03:45:30 2023] [1, 2, 0, -280, -140, -9548, -34776, -33240, -9710]
[R Sun Oct  1 03:45:49 2023] [1, 2, -14, 210, 1400, -3598, -21966, -27758, -9575]
[R Sun Oct  1 03:46:31 2023] [1, 2, -14, -98, -140, 462, 994, -2878, -8171]
[R Sun Oct  1 03:47:14 2023] [1, 2, -42, -126, 980, -13286, -42882, 36362, -7559]
[R Sun Oct  1 03:47:34 2023] [1, 2, -14, -70, 0, 406, 742, 1886, -9395]
[R Sun Oct  1 03:50:12 2023] [1, 2, -42, 154, 280, -1946, 3178, 17902, -7379]
[R Sun Oct  1 03:59:57 2023] [1, 2, 56, 0, 280, 4340, -25900, 26260, -8450]
[R Sun Oct  1 04:01:04 2023] [1, 2, -14, -70, -700, -2394, -3458, -41074, -9215]
[R Sun Oct  1 04:01:33 2023] [1, 2, 28, 84, 280, 700, -1260, -4800, -7010]
[R Sun Oct  1 04:02:01 2023] [1, 2, 0, -280, -140, -7532, -30744, -30360, -8990]
[R Sun Oct  1 04:03:49 2023] [1, 2, 0, -280, -140, -8036, -31752, -31080, -9170]
[R Sun Oct  1 04:06:08 2023] [1, 2, 0, -280, -140, -8540, -32760, -31800, -9350]
[R Sun Oct  1 04:08:19 2023] [1, 2, 0, -280, -140, -7028, -29736, -29640, -8810]
[R Sun Oct  1 04:10:13 2023] [1, 2, -14, -70, 420, 2086, 3262, -36274, -8855]
[R Sun Oct  1 04:12:32 2023] [1, 2, -14, -350, -1400, 24066, -38318, -36574, -7775]
[R Sun Oct  1 04:18:16 2023] [1, 2, -42, 154, -280, 294, -182, -1298, -6299]
[R Sun Oct  1 04:21:26 2023] [1, 2, 0, 0, 0, -3500, 7000, 2600, -8450]
[R Sun Oct  1 04:26:53 2023] [1, 2, 0, -280, -140, -5012, -25704, -26760, -8090]
[R Sun Oct  1 04:27:07 2023] [1, 2, -14, -70, -280, -714, -938, -34, -7775]
[R Sun Oct  1 04:28:04 2023] [1, 2, 0, -280, -140, -6020, -27720, -28200, -8450]
[R Sun Oct  1 04:36:51 2023] [1, 2, 0, -280, -140, -4004, -23688, -25320, -7730]
[R Sun Oct  1 04:40:26 2023] [1, 2, 0, -280, -140, -4508, -24696, -26040, -7910]
[R Sun Oct  1 04:45:16 2023] [1, 2, -42, 154, -980, 3094, -4382, 35902, -5399]
[R Sun Oct  1 04:46:10 2023] [1, 2, 56, 140, 280, -8736, -18732, -26256, -6830]
[R Sun Oct  1 04:48:33 2023] [1, 2, -14, 210, 1400, -4102, -22694, -26182, -7235]
[R Sun Oct  1 04:50:39 2023] [1, 2, 28, -196, -280, 4536, -11228, 13008, -5246]
[R Sun Oct  1 04:52:11 2023] [1, 2, 0, -280, -140, -2996, -21672, -23880, -7370]
[R Sun Oct  1 04:52:38 2023] [1, 2, -14, -70, -420, -1274, -1778, -8914, -7055]
[R Sun Oct  1 04:53:00 2023] [1, 2, 0, -280, 0, 2100, 23100, -21800, -7550]
[R Sun Oct  1 04:53:00 2023] [1, 2, 0, -280, -140, -3500, -22680, -24600, -7550]
[R Sun Oct  1 04:55:40 2023] [1, 2, 0, -280, -140, -2492, -20664, -23160, -7190]
[R Sun Oct  1 04:59:25 2023] [1, 2, 0, 0, 280, 2240, 5320, 4460, -6830]
[R Sun Oct  1 05:01:44 2023] [1, 2, -14, 210, 560, -7462, 20986, -16342, -6875]
[R Sun Oct  1 05:02:14 2023] [1, 2, -42, 154, 140, -1386, 2338, 9502, -4859]
[R Sun Oct  1 05:06:32 2023] [1, 2, 0, -280, -140, -1484, -18648, -21720, -6830]
[R Sun Oct  1 05:07:14 2023] [1, 2, -14, -350, -1400, 14994, -31262, -28366, -5975]
[R Sun Oct  1 05:24:46 2023] [1, 2, 0, -280, -140, 28, -15624, -19560, -6290]
[R Sun Oct  1 05:29:18 2023] [1, 2, 70, 70, 1120, 630, 2590, -9550, -5975]
[R Sun Oct  1 05:30:09 2023] [1, 2, 0, -280, -140, 532, -14616, -18840, -6110]
[R Sun Oct  1 05:34:26 2023] [1, 2, -14, -70, -700, -2394, -3458, -42514, -5795]
[R Sun Oct  1 05:37:40 2023] [1, 2, 0, -280, -140, -980, -17640, -21000, -6650]
[R Sun Oct  1 05:39:06 2023] [1, 2, 0, -280, -140, 1036, -13608, -18120, -5930]
[R Sun Oct  1 05:44:19 2023] [1, 2, -14, 42, 1680, 7602, -1526, -10438, -4391]
[R Sun Oct  1 05:45:03 2023] [1, 2, -14, -350, -1400, 10458, -27734, -24262, -5075]
[R Sun Oct  1 05:49:03 2023] [1, 2, -42, 154, 560, -3066, 4858, 44782, -3599]
[R Sun Oct  1 05:52:59 2023] [1, 2, 0, -280, -140, 2044, -11592, -16680, -5570]
[R Sun Oct  1 06:04:37 2023] [1, 2, -14, -70, 420, 2086, 3262, -37714, -5435]
[R Sun Oct  1 06:05:01 2023] [1, 2, -14, -70, -140, 3878, -11074, 12558, -5075]
[R Sun Oct  1 06:09:18 2023] [1, 2, -14, 210, -840, 13846, -20398, -8134, -5075]
[R Sun Oct  1 06:11:44 2023] [1, 2, 0, -280, -140, 3556, -8568, -14520, -5030]
[R Sun Oct  1 06:15:43 2023] [1, 2, -14, 210, 1400, -4606, -23422, -24606, -4895]
[R Sun Oct  1 06:16:24 2023] [1, 2, 70, 70, 700, -378, -4466, 11330, -4535]
[R Sun Oct  1 06:21:48 2023] [1, 2, 28, 84, 0, -504, -1988, -2692, -2906]
[R Sun Oct  1 06:28:57 2023] [1, 2, -14, -350, -1400, 5922, -24206, -20158, -4175]
[R Sun Oct  1 06:33:23 2023] [1, 2, -14, -70, -280, -714, -938, -1474, -4355]
[R Sun Oct  1 06:35:18 2023] [1, 2, 56, 140, 560, -952, -4004, -11852, -3950]
[R Sun Oct  1 06:36:01 2023] [1, 2, 0, -280, -140, 4060, -7560, -13800, -4850]
[R Sun Oct  1 06:47:28 2023] [1, 2, 0, -280, -140, 5572, -4536, -11640, -4310]
[R Sun Oct  1 06:50:11 2023] [1, 2, 56, 0, 140, 896, -3248, 6256, -3770]
[R Sun Oct  1 06:59:37 2023] [1, 2, -14, -350, -1400, 1386, -20678, -16054, -3275]
[R Sun Oct  1 07:11:55 2023] [1, 2, 0, -280, -140, 7084, -1512, -9480, -3770]
[R Sun Oct  1 07:18:05 2023] [1, 2, -14, -70, 140, 966, 1582, -7954, -3455]
[R Sun Oct  1 07:20:07 2023] [1, 2, 0, -280, -140, 6580, -2520, -10200, -3950]
[R Sun Oct  1 07:20:16 2023] [1, 2, 0, -280, -140, 7588, -504, -8760, -3590]
[R Sun Oct  1 07:28:15 2023] [1, 2, -42, 154, 0, -826, 1498, 3982, -1619]
[R Sun Oct  1 07:36:30 2023] [1, 2, -14, 210, 1120, 6370, -17150, -14830, -3095]
[R Sun Oct  1 07:36:51 2023] [1, 2, 0, -280, -140, 8092, 504, -8040, -3410]
[R Sun Oct  1 07:50:21 2023] [1, 2, -14, -350, -1400, -3150, -17150, -11950, -2375]
[R Sun Oct  1 08:04:12 2023] [1, 2, 0, -280, -140, 8596, 1512, -7320, -3230]
[R Sun Oct  1 08:13:07 2023] [1, 2, 0, -280, -140, 10108, 4536, -5160, -2690]
[R Sun Oct  1 08:15:12 2023] [1, 2, -14, -70, -140, 30338, -48454, 16218, -2375]
[R Sun Oct  1 08:15:12 2023] [1, 2, -14, -70, -140, 7938, -5334, -8982, -2375]
[R Sun Oct  1 08:15:12 2023] [1, 2, -14, -70, -140, 98, -1414, 2778, -2375]
[R Sun Oct  1 08:16:15 2023] [1, 2, 0, -280, -140, 9604, 3528, -5880, -2870]
[R Sun Oct  1 08:22:21 2023] [1, 2, -14, 210, 1400, -5110, -24150, -23030, -2555]
[R Sun Oct  1 08:23:09 2023] [1, 2, -14, -70, 0, 406, 742, -994, -2555]
[R Sun Oct  1 08:23:47 2023] [1, 2, 0, -280, -140, 10612, 5544, -4440, -2510]
[R Sun Oct  1 08:30:26 2023] [1, 2, -42, 154, 280, -1946, 3178, 19342, -719]
[R Sun Oct  1 08:32:01 2023] [1, 2, -14, 210, 1120, 1834, -13622, -10726, -2195]
[R Sun Oct  1 08:36:06 2023] [1, 2, -42, -266, -700, -994, -2198, 1658, -611]
[R Sun Oct  1 08:36:48 2023] [1, 2, 0, -280, -140, 11116, 6552, -3720, -2330]
[R Sun Oct  1 08:43:58 2023] [1, 2, -14, -70, 420, 2086, 3262, -39154, -2015]
[R Sun Oct  1 08:51:01 2023] [1, 2, -14, -350, -1400, -7686, -13622, -7846, -1475]
[R Sun Oct  1 08:54:19 2023] [1, 2, 28, -56, 140, -168, 784, -1184, -422]
[R Sun Oct  1 08:55:16 2023] [1, 2, -14, 350, -2240, 4158, -3654, -4782, -1115]
[R Sun Oct  1 09:00:59 2023] [1, 2, 0, 84, 140, 560, -280, 1080, -710]
[R Sun Oct  1 09:07:22 2023] [1, 2, 0, -280, -140, 11620, 7560, -3000, -2150]
[R Sun Oct  1 09:12:22 2023] [1, 2, 0, -280, -140, 12628, 9576, -1560, -1790]
[R Sun Oct  1 09:27:46 2023] [1, 2, -70, 70, 1820, -3150, -1470, 6430, -755]
[R Sun Oct  1 09:37:20 2023] [1, 2, -70, -406, -560, 31150, -32830, -35210, -35]
[R Sun Oct  1 09:42:34 2023] [1, 2, 0, -280, -140, 13132, 10584, -840, -1610]
[R Sun Oct  1 09:47:33 2023] [1, 2, 0, -280, -140, 13636, 11592, -120, -1430]
[R Sun Oct  1 09:56:06 2023] [1, 2, -14, 210, 1120, -2702, -10094, -6622, -1295]
[R Sun Oct  1 09:58:11 2023] [1, 2, 70, 70, -840, -3374, -4158, -8890, -1295]
[R Sun Oct  1 10:10:05 2023] [1, 2, 0, -280, -140, 14644, 13608, 1320, -1070]
[R Sun Oct  1 10:12:46 2023] [1, 2, -42, 154, -280, 294, -182, 142, 361]
[R Sun Oct  1 10:14:33 2023] [1, 2, -14, -350, -1400, -12222, -10094, -3742, -575]
[R Sun Oct  1 10:21:40 2023] [1, 2, -14, -70, -280, -714, -938, -2914, -935]
[R Sun Oct  1 10:23:23 2023] [1, 2, 56, -168, -560, 3332, -7616, -888, -26]
[R Sun Oct  1 10:27:09 2023] [1, 2, 56, 112, -2520, -12124, -16828, -11524, 262]
[R Sun Oct  1 10:27:48 2023] [1, 2, 70, 14, 3360, 6146, 2142, 590, 109]
[R Sun Oct  1 10:30:57 2023] [1, 2, -14, -70, -140, 21798, -26754, -3762, -755]
[R Sun Oct  1 10:30:57 2023] [1, 2, -14, -70, -140, 15974, -23842, 4974, -755]
[R Sun Oct  1 10:30:57 2023] [1, 2, -14, -70, -140, 854, -322, -1746, -755]
[R Sun Oct  1 10:30:57 2023] [1, 2, -14, -70, -140, -42, 126, -402, -755]
[R Sun Oct  1 11:10:59 2023] [1, 2, 0, -280, -140, 16156, 16632, 3480, -530]
[R Sun Oct  1 11:36:43 2023] [1, 2, 0, 420, -3780, 7336, 9492, 600, 10]
[R Sun Oct  1 11:36:53 2023] [1, 2, -42, 154, -280, 1302, 4074, 4526, 1513]
[R Sun Oct  1 11:46:34 2023] [1, 2, -14, -70, -420, -1274, -1778, -11794, -215]
[R Sun Oct  1 11:48:00 2023] [1, 2, -14, 210, 1400, -5614, -24878, -21454, -215]
[R Sun Oct  1 11:50:59 2023] [1, 2, -14, 210, 1120, -7238, -6566, -2518, -395]
[R Sun Oct  1 11:53:11 2023] [1, 2, -14, -350, -1400, -16758, -6566, 362, 325]
[R Sun Oct  1 11:59:00 2023] [1, 2, -42, 154, 140, -1386, 2338, 10942, 1801]
[R Sun Oct  1 12:12:04 2023] [1, 2, 0, -280, -140, 17164, 18648, 4920, -170]
[R Sun Oct  1 12:16:21 2023] [1, 2, -42, 154, -280, 9366, 31402, 11758, 2089]
[R Sun Oct  1 12:19:56 2023] [1, 2, -14, 42, 420, -210, -4550, -6550, 2125]
[R Sun Oct  1 12:20:43 2023] [1, 2, 0, 0, 0, -30464, -22848, 4080, -170]
[R Sun Oct  1 12:26:25 2023] [1, 2, -42, 154, -280, 5082, 12054, -10654, 2233]
[R Sun Oct  1 12:38:19 2023] [1, 2, -14, 210, 1120, -11774, -3038, 1586, 505]
[R Sun Oct  1 12:39:32 2023] [1, 2, 0, -280, -140, 16660, 17640, 4200, -350]
[R Sun Oct  1 12:39:57 2023] [1, 2, 0, -196, -1960, 8008, 20636, -760, 1882]
[R Sun Oct  1 12:48:35 2023] [1, 2, -42, 14, 420, -1246, 3458, -2278, 2521]
[R Sun Oct  1 12:53:45 2023] [1, 2, -14, -210, 420, -1722, 2506, -1942, 505]
[R Sun Oct  1 12:53:45 2023] [1, 2, -14, -210, -2100, -6762, 5026, 3098, 505]
[R Sun Oct  1 12:57:23 2023] [1, 2, 0, 0, 0, 34048, 25536, -4560, 190]
[R Sun Oct  1 13:01:05 2023] [1, 2, 0, -280, -140, 19684, 23688, 8520, 730]
[R Sun Oct  1 13:02:03 2023] [1, 2, -14, -70, 140, 966, 1582, -9394, -35]
[R Sun Oct  1 13:07:16 2023] [1, 2, 56, 252, 560, 2268, 756, 1108, 2566]
[R Sun Oct  1 13:09:02 2023] [1, 2, -14, -70, -700, -2394, -3458, -45394, 1045]
[R Sun Oct  1 13:18:46 2023] [1, 2, 0, -280, -140, 20692, 25704, 9960, 1090]
[R Sun Oct  1 13:19:34 2023] [1, 2, -14, 210, 1120, -16310, 490, 5690, 1405]
[R Sun Oct  1 13:19:52 2023] [1, 2, -14, -70, 420, 2086, 3262, -40594, 1405]
[R Sun Oct  1 13:21:17 2023] [1, 2, 0, -280, -140, 17668, 19656, 5640, 10]
[R Sun Oct  1 13:23:03 2023] [1, 2, -14, -70, 0, 406, 742, -2434, 865]
[R Sun Oct  1 13:24:28 2023] [1, 2, -42, -126, 420, 4690, 13510, 17090, 3205]
[R Sun Oct  1 13:27:00 2023] [1, 2, 0, -280, -140, 20188, 24696, 9240, 910]
[R Sun Oct  1 13:28:49 2023] [1, 2, 0, -280, -140, 21196, 26712, 10680, 1270]
[R Sun Oct  1 13:31:40 2023] [1, 2, -70, 70, 1960, -2310, -7210, 3450, 2665]
[R Sun Oct  1 13:33:58 2023] [1, 2, 56, -140, 1120, -980, 420, -500, 190]
[R Sun Oct  1 13:35:04 2023] [1, 2, 0, 0, 0, 23716, 4312, -13720, 3430]
[R Sun Oct  1 13:35:04 2023] [1, 2, 0, 0, 0, 784, -2352, 0, 3430]
[R Sun Oct  1 13:44:14 2023] [1, 2, 0, -280, -140, 22204, 28728, 12120, 1630]
[R Sun Oct  1 13:47:02 2023] [1, 2, 0, 0, 0, 38332, 35224, 1160, 10]
[R Sun Oct  1 13:47:02 2023] [1, 2, 0, 0, 0, 10108, 9576, 600, 10]
[R Sun Oct  1 13:47:02 2023] [1, 2, 0, 0, 0, 8092, 6664, -520, 10]
[R Sun Oct  1 13:47:02 2023] [1, 2, 0, 0, 0, 2800, 2800, 320, 10]
[R Sun Oct  1 13:47:02 2023] [1, 2, 0, 0, 0, 1792, 1344, -240, 10]
[R Sun Oct  1 13:48:30 2023] [1, 2, -14, -210, 420, -4494, 5782, -31174, 1765]
[R Sun Oct  1 13:53:35 2023] [1, 2, 0, 420, 0, 1792, 924, 2040, 2890]
[R Sun Oct  1 13:56:58 2023] [1, 2, 0, -280, -140, 21700, 27720, 11400, 1450]
[R Sun Oct  1 14:02:09 2023] [1, 2, 0, -280, -140, 23212, 30744, 13560, 1990]
[R Sun Oct  1 14:05:01 2023] [1, 2, -14, 210, 1120, -20846, 4018, 9794, 2305]
[R Sun Oct  1 14:24:27 2023] [1, 2, 0, -140, 140, 0, 1960, -2000, 550]
[R Sun Oct  1 14:25:05 2023] [1, 2, 0, -280, -140, 23716, 31752, 14280, 2170]
[R Sun Oct  1 14:26:52 2023] [1, 2, -14, -70, -280, -714, -938, -4354, 2485]
[R Sun Oct  1 14:33:00 2023] [1, 2, 0, -196, 420, -1148, 1204, 11340, 4438]
[R Sun Oct  1 14:36:16 2023] [1, 2, -42, 154, -280, 6594, 24318, 18842, 4861]
[R Sun Oct  1 14:38:02 2023] [1, 2, 0, -280, -140, 25228, 34776, 16440, 2710]
[R Sun Oct  1 14:38:22 2023] [1, 2, 0, -280, -140, 24220, 32760, 15000, 2350]
[R Sun Oct  1 14:39:12 2023] [1, 2, 0, 0, 0, 18928, 30576, 16320, 2890]
[R Sun Oct  1 14:39:12 2023] [1, 2, 0, 0, 0, 28, -504, 2040, 2890]
[R Sun Oct  1 14:43:02 2023] [1, 2, -42, 154, 0, -826, 1498, 5422, 5041]
[R Sun Oct  1 14:46:00 2023] [1, 2, 0, -280, -140, 25732, 35784, 17160, 2890]
[R Sun Oct  1 14:47:10 2023] [1, 2, -14, -70, -420, -1274, -1778, -13234, 3205]
[R Sun Oct  1 14:48:49 2023] [1, 2, -42, 154, -560, 1414, -1862, 7822, 5221]
[R Sun Oct  1 14:56:05 2023] [1, 2, -42, 154, -700, 1974, -2702, 15262, 5401]
[R Sun Oct  1 15:00:37 2023] [1, 2, -14, -378, -3500, -24738, -26586, -4058, 5149]
[R Sun Oct  1 15:02:55 2023] [1, 2, 0, 0, 0, 2800, 8400, 9120, 3610]
[R Sun Oct  1 15:02:55 2023] [1, 2, 0, 0, 0, 28, 616, 3800, 3610]
[R Sun Oct  1 15:05:32 2023] [1, 2, 0, 0, 0, 5824, -2912, -5200, 3250]
[R Sun Oct  1 15:14:44 2023] [1, 2, -42, 154, 280, -1946, 3178, 20782, 5941]
[R Sun Oct  1 15:16:33 2023] [1, 2, -14, -70, 140, 966, 1582, -10834, 3385]
[R Sun Oct  1 15:16:33 2023] [1, 2, -14, -70, -140, -25354, 22302, 18286, 3385]
[R Sun Oct  1 15:20:01 2023] [1, 2, -42, 154, -280, 11494, 27818, -27218, 6121]
[R Sun Oct  1 15:27:58 2023] [1, 2, -42, 154, -280, 9366, 34762, 25678, 6409]
[R Sun Oct  1 15:32:30 2023] [1, 2, -14, -238, 1120, -294, -8778, -24814, 6337]
[R Sun Oct  1 15:33:56 2023] [1, 2, -14, 210, 1400, -6622, -26334, -18302, 4465]
[R Sun Oct  1 15:47:29 2023] [1, 2, -42, 154, -280, 294, -182, 1582, 7021]
[R Sun Oct  1 15:52:51 2023] [1, 2, -42, 154, 420, -5082, 14686, -17826, 7237]
[R Sun Oct  1 15:55:04 2023] [1, 2, -42, -126, 980, 18466, 38262, -34702, 7309]
[R Sun Oct  1 15:55:28 2023] [1, 2, -14, -70, 560, 2506, 882, -11394, 4645]
[R Sun Oct  1 16:04:07 2023] [1, 2, -14, -70, -140, -12502, 5586, 16978, 5725]
[R Sun Oct  1 16:09:03 2023] [1, 2, 28, 84, 0, -2856, -112, 7072, 7606]
[R Sun Oct  1 16:12:51 2023] [1, 2, -42, 154, -980, 3094, -4382, 38782, 7921]
[R Sun Oct  1 16:26:30 2023] [1, 2, -14, -70, -420, -1274, -1778, -14674, 6625]
[R Sun Oct  1 16:37:45 2023] [1, 2, -42, 154, -140, -266, 658, 2782, 9001]
[R Sun Oct  1 16:38:38 2023] [1, 2, -14, 210, 1400, -7126, -27062, -16726, 6805]
[R Sun Oct  1 16:41:21 2023] [1, 2, 56, 140, 0, -4144, -17808, -25804, 7570]
[R Sun Oct  1 16:50:15 2023] [1, 2, -14, 210, 560, -8974, 28882, -33214, 7345]
[R Sun Oct  1 16:52:54 2023] [1, 2, -14, -70, 0, 406, 742, -5314, 7705]
[R Sun Oct  1 16:57:03 2023] [1, 2, -14, -70, -140, -6454, -798, 13186, 7885]
[R Sun Oct  1 17:04:07 2023] [1, 2, -42, 154, -280, 3682, 5054, -18854, 10333]
[R Sun Oct  1 17:05:11 2023] [1, 2, -14, -70, 420, 2086, 3262, -43474, 8245]
[R Sun Oct  1 17:05:11 2023] [1, 2, -14, -70, -140, -1386, -2562, 4014, 8245]
[R Sun Oct  1 17:19:40 2023] [1, 2, -14, -70, -140, -294, 462, 5306, 8785]
[R Sun Oct  1 17:20:43 2023] [1, 2, -70, 70, 980, 350, 16730, -16530, 10585]
[R Sun Oct  1 17:21:01 2023] [1, 2, -14, -70, -140, -4186, -2562, 10414, 9145]
[R Sun Oct  1 17:21:04 2023] [1, 2, -14, -70, -280, -714, -938, -7234, 9325]
[R Sun Oct  1 17:21:13 2023] [1, 2, 0, 84, 560, -392, -6804, -14200, 10702]
[R Sun Oct  1 17:29:21 2023] [1, 2, -42, 154, 0, -826, 1498, 6862, 11701]
[R Sun Oct  1 17:31:54 2023] [1, 2, -42, 154, -560, 1414, -1862, 9262, 11881]
[R Sun Oct  1 17:34:57 2023] [1, 2, -42, 154, -700, 1974, -2702, 16702, 12061]
[R Sun Oct  1 17:48:33 2023] [1, 2, 56, -168, -1260, -8204, -7168, 11016, 12862]
[R Sun Oct  1 17:49:54 2023] [1, 2, -14, -70, 0, 406, 742, -6754, 11125]
[R Sun Oct  1 17:57:42 2023] [1, 2, -42, 154, -280, 294, -182, 3022, 13681]
[R Sun Oct  1 17:58:57 2023] [1, 2, -14, -70, 420, 2086, 3262, -44914, 11665]
[R Sun Oct  1 18:04:11 2023] [1, 2, -14, -378, -1680, -6538, -8106, -6878, 13789]
[R Sun Oct  1 18:09:08 2023] [1, 2, -14, -350, -840, -9478, 34314, -36038, 12925]
[R Sun Oct  1 18:13:22 2023] [1, 2, -14, -70, -140, -2058, -3906, 6222, 12745]
[R Sun Oct  1 18:13:22 2023] [1, 2, -14, -70, -140, -17290, 3710, 29070, 12745]
[R Sun Oct  1 18:13:54 2023] [1, 2, 0, 0, 140, -1624, 5852, -14920, 12790]
[R Sun Oct  1 18:14:59 2023] [1, 2, -14, -70, -140, 14, 938, 4354, 12565]
[R Sun Oct  1 18:15:47 2023] [1, 2, -70, 14, 1260, -3262, 4606, -11730, 14977]
[R Sun Oct  1 18:16:34 2023] [1, 2, -70, -70, 1400, 3990, 8050, -27570, 14545]
[R Sun Oct  1 18:22:12 2023] [1, 2, -14, -70, 140, 966, 1582, -15154, 13645]
[R Sun Oct  1 18:23:14 2023] [1, 2, 0, 0, 0, 10108, 30856, 34040, 13690]
[R Sun Oct  1 18:23:14 2023] [1, 2, 0, 0, 0, 28, 1176, 13320, 13690]
[R Sun Oct  1 18:28:15 2023] [1, 2, -14, -70, -420, -1274, -1778, -17554, 13465]
[R Sun Oct  1 18:28:15 2023] [1, 2, -14, -70, -980, -7630, -22330, -18590, 13465]
[R Sun Oct  1 18:30:18 2023] [1, 2, -42, 154, -280, 406, -1078, -1202, 16489]
[R Sun Oct  1 18:32:15 2023] [1, 2, -14, -70, 0, 406, 742, -8194, 14545]
[R Sun Oct  1 18:41:33 2023] [1, 2, -14, -70, 420, 2086, 3262, -46354, 15085]
[R Sun Oct  1 18:48:16 2023] [1, 2, -14, -70, -280, -714, -938, -10114, 16165]
[R Sun Oct  1 18:48:40 2023] [1, 2, -42, 154, 0, -826, 1498, 8302, 18361]
[R Sun Oct  1 18:50:13 2023] [1, 2, -42, 154, -560, 1414, -1862, 10702, 18541]
[R Sun Oct  1 18:50:50 2023] [1, 2, 0, 280, -840, -2100, 18620, -16380, 16030]
[R Sun Oct  1 18:55:26 2023] [1, 2, -14, -70, -420, -1274, -1778, -18994, 16885]
[R Sun Oct  1 18:55:32 2023] [1, 2, -14, 42, 280, 1106, -378, -10134, 18757]
[R Sun Oct  1 18:56:15 2023] [1, 2, -42, 154, 280, -1946, 3178, 23662, 19261]
[R Sun Oct  1 19:02:48 2023] [1, 2, -14, -70, -140, -406, 2898, -12206, 17245]
[R Sun Oct  1 19:02:48 2023] [1, 2, -14, -70, -140, -2730, -5250, 8430, 17245]
[R Sun Oct  1 19:09:06 2023] [1, 2, 0, -140, 280, 1204, 868, -22280, 18370]
[R Sun Oct  1 19:12:22 2023] [1, 2, -14, -70, 420, 2086, 3262, -47794, 18505]
[R Sun Oct  1 19:13:11 2023] [1, 2, -42, 154, -280, 742, 4074, 15726, 21673]
[R Sun Oct  1 19:14:28 2023] [1, 2, -14, -70, -280, -714, -938, -11554, 19585]
[R Sun Oct  1 19:17:49 2023] [1, 2, -42, 154, -140, -266, 658, 5662, 22321]
[R Sun Oct  1 19:19:07 2023] [1, 2, 0, -196, -1120, 1736, 19992, 37980, 21934]
[R Sun Oct  1 19:19:35 2023] [1, 2, -14, -70, -420, -1274, -1778, -20434, 20305]
[R Sun Oct  1 19:28:27 2023] [1, 2, -14, -70, 0, 406, 742, -11074, 21385]
[R Sun Oct  1 19:29:32 2023] [1, 2, -14, 210, 1400, -10150, -31430, -7270, 20845]
[R Sun Oct  1 19:33:21 2023] [1, 2, 0, -280, -2240, -4228, 7644, 27460, 21250]
[R Sun Oct  1 19:33:45 2023] [1, 2, 0, 0, 0, 9100, -18200, -6760, 21970]
[R Sun Oct  1 19:33:45 2023] [1, 2, 0, 0, 0, 5824, 26208, 40560, 21970]
[R Sun Oct  1 19:37:50 2023] [1, 2, -14, -70, -420, -1274, -1778, -21874, 23725]
[R Sun Oct  1 19:41:15 2023] [1, 2, -14, -70, 140, 966, 1582, -19474, 23905]
[R Sun Oct  1 19:43:32 2023] [1, 2, -42, 154, -280, 294, -182, 5902, 27001]
[R Sun Oct  1 19:48:11 2023] [1, 2, -14, -70, 0, 406, 742, -12514, 24805]
[R Sun Oct  1 19:49:39 2023] [1, 2, -42, 154, 140, -1386, 2338, 16702, 28441]
[R Sun Oct  1 19:52:17 2023] [1, 2, -14, -70, -280, -714, -938, -14434, 26425]
[R Sun Oct  1 19:56:37 2023] [1, 2, -14, -70, 140, 966, 1582, -20914, 27325]
[R Sun Oct  1 19:57:08 2023] [1, 2, -14, -98, 0, 742, -126, -5538, 29629]
[R Sun Oct  1 19:57:09 2023] [1, 2, -14, -70, 0, 406, 742, -13954, 28225]
[R Sun Oct  1 19:57:36 2023] [1, 2, 0, 0, 0, 10108, -22344, -6360, 28090]
[R Sun Oct  1 19:57:36 2023] [1, 2, 0, 0, 0, 2800, -14000, 8480, 28090]
[R Sun Oct  1 19:57:36 2023] [1, 2, 0, 0, 0, 1792, 14784, 38160, 28090]
[R Sun Oct  1 19:59:23 2023] [1, 2, -14, -210, -840, 1078, 36806, 62518, 27505]
[R Sun Oct  1 19:59:45 2023] [1, 2, -14, 210, 1400, -11662, -33614, -2542, 27865]
[R Sun Oct  1 20:01:29 2023] [1, 2, -42, 154, 0, -826, 1498, 11182, 31681]
[R Sun Oct  1 20:04:25 2023] [1, 2, -42, 154, 280, -1946, 3178, 26542, 32581]
[R Sun Oct  1 20:05:51 2023] [1, 2, -14, -70, -420, -1274, -1778, -24754, 30565]
[R Sun Oct  1 20:07:32 2023] [1, 2, 0, 0, 0, 8092, -21896, -2200, 30250]
[R Sun Oct  1 20:07:32 2023] [1, 2, 0, 0, 0, 2800, 19600, 44000, 30250]
[R Sun Oct  1 20:07:32 2023] [1, 2, 0, 0, 0, 1792, -12096, 13200, 30250]
[R Sun Oct  1 20:08:48 2023] [1, 2, -14, -70, 0, 406, 742, -15394, 31645]
[R Sun Oct  1 20:09:57 2023] [1, 2, 0, -56, -420, -1512, 896, 19160, 33742]
[R Sun Oct  1 20:11:48 2023] [1, 2, -42, 154, 140, -1386, 2338, 18142, 35101]
[R Sun Oct  1 20:14:10 2023] [1, 2, -14, -210, -140, 1890, 8190, -32450, 31105]
[R Sun Oct  1 20:15:42 2023] [1, 2, -14, -70, 140, 966, 1582, -23794, 34165]
[R Sun Oct  1 20:16:14 2023] [1, 2, -14, -70, -420, -1274, -1778, -26194, 33985]
[R Sun Oct  1 20:17:47 2023] [1, 2, -14, 182, 1960, 8582, 25914, 48322, 36829]
[R Sun Oct  1 20:18:04 2023] [1, 2, -14, -70, 0, 406, 742, -16834, 35065]
[R Sun Oct  1 20:19:18 2023] [1, 2, -14, -70, -140, -5418, -10626, 17262, 35245]
[R Sun Oct  1 20:21:05 2023] [1, 2, -14, 42, 700, 1442, 9534, 44382, 37909]
[R Sun Oct  1 20:21:29 2023] [1, 2, -42, 154, 280, -1946, 3178, 27982, 39241]
[R Sun Oct  1 20:22:06 2023] [1, 2, -14, -70, -280, -714, -938, -18754, 36685]
[R Sun Oct  1 20:23:08 2023] [1, 2, -14, -70, 140, 966, 1582, -25234, 37585]
[R Sun Oct  1 20:24:42 2023] [1, 2, -14, -70, -420, -1274, -1778, -27634, 37405]
[R Sun Oct  1 20:24:57 2023] [1, 2, -14, -70, 0, 406, 742, -18274, 38485]
[R Sun Oct  1 20:26:21 2023] [1, 2, 56, 280, 1400, 4788, 9996, 34168, 39790]
[R Sun Oct  1 20:27:03 2023] [1, 2, -14, -210, -840, 1806, 4522, -25774, 37765]
[R Sun Oct  1 20:27:12 2023] [1, 2, -14, -70, -140, -6090, -11970, 19470, 39745]
[R Sun Oct  1 20:27:47 2023] [1, 2, -14, -70, -280, -714, -938, -20194, 40105]
[R Sun Oct  1 20:28:33 2023] [1, 2, -42, 154, 560, -3066, 4858, 54862, 43021]
[R Sun Oct  1 20:33:09 2023] [1, 2, -14, -70, -280, -714, -938, -21634, 43525]
[R Sun Oct  1 20:34:23 2023] [1, 2, -14, -70, -140, -6762, -13314, 21678, 44245]
[R Sun Oct  1 20:34:23 2023] [1, 2, -14, -70, -420, -1274, -1778, -30514, 44245]
[R Sun Oct  1 20:34:25 2023] [1, 2, -14, -70, 140, 966, 1582, -28114, 44425]
[R Sun Oct  1 20:35:56 2023] [1, 2, -42, -126, 420, 7210, 31150, 64250, 48385]
[R Sun Oct  1 20:37:25 2023] [1, 2, -14, -70, -280, -714, -938, -23074, 46945]
[R Sun Oct  1 20:38:09 2023] [1, 2, -14, -70, -420, -1274, -1778, -31954, 47665]
[R Sun Oct  1 20:38:50 2023] [1, 2, -14, -70, 140, 966, 1582, -29554, 47845]
[R Sun Oct  1 20:39:15 2023] [1, 2, -14, -210, -1400, 770, 10850, -49950, 46225]
[R Sun Oct  1 20:40:06 2023] [1, 2, -14, -70, 0, 406, 742, -22594, 48745]
[R Sun Oct  1 20:40:51 2023] [1, 2, 0, -56, 840, 5964, -11452, -12480, 53146]
[R Sun Oct  1 20:40:54 2023] [1, 2, 0, 0, 0, 1792, 19264, 62480, 50410]
[R Sun Oct  1 20:40:54 2023] [1, 2, 0, 0, 0, 28, -2184, 42600, 50410]
[R Sun Oct  1 20:41:11 2023] [1, 2, -14, -70, -280, -714, -938, -24514, 50365]
[R Sun Oct  1 20:41:21 2023] [1, 2, -14, -70, -420, -1274, -1778, -33394, 51085]
[R Sun Oct  1 20:42:15 2023] [1, 2, -14, -70, 0, 406, 742, -24034, 52165]
[R Sun Oct  1 20:42:15 2023] [1, 2, -14, -70, 140, 966, 1582, -30994, 51265]
[R Sun Oct  1 20:42:24 2023] [1, 2, 0, 0, 0, 4816, 33712, 75680, 52030]
[R Sun Oct  1 20:42:59 2023] [1, 2, -42, 154, 560, -3066, 4858, 57742, 56341]
[R Sun Oct  1 20:43:11 2023] [1, 2, 0, 0, 0, 2800, 25200, 70080, 53290]
[R Sun Oct  1 20:43:11 2023] [1, 2, 0, 0, 0, 28, 2296, 49640, 53290]
[R Sun Oct  1 20:43:56 2023] [1, 2, 0, 0, 0, 532, -9576, 38760, 54910]
[R Sun Oct  1 20:44:02 2023] [1, 2, -14, -70, -420, -1274, -1778, -34834, 54505]
[R Sun Oct  1 20:44:04 2023] [1, 2, 28, 224, 700, 1904, 15428, 68512, 57826]
[R Sun Oct  1 20:44:36 2023] [1, 2, -14, -70, 0, 406, 742, -25474, 55585]
[R Sun Oct  1 20:45:32 2023] [1, 2, -14, -70, -280, -714, -938, -27394, 57205]
[R Sun Oct  1 20:46:01 2023] [1, 2, -14, -70, 140, 966, 1582, -33874, 58105]
[R Sun Oct  1 20:46:06 2023] [1, 2, -14, -70, -420, -1274, -1778, -36274, 57925]
[R Sun Oct  1 20:46:32 2023] [1, 2, -14, -70, 0, 406, 742, -26914, 59005]
[R Sun Oct  1 20:47:13 2023] [1, 2, -14, -70, -280, -714, -938, -28834, 60625]
[R Sun Oct  1 20:47:17 2023] [1, 2, -14, 210, 1400, 630, 2870, 47530, 59185]
[R Sun Oct  1 20:47:40 2023] [1, 2, -14, -70, 140, 966, 1582, -35314, 61525]
[R Sun Oct  1 20:48:09 2023] [1, 2, -14, -70, -420, -1274, -1778, -37714, 61345]
[R Sun Oct  1 20:48:40 2023] [1, 2, -14, -70, -280, -714, -938, -30274, 64045]
[R Sun Oct  1 20:48:57 2023] [1, 2, -14, -70, -420, -1274, -1778, -39154, 64765]
[R Sun Oct  1 20:49:50 2023] [1, 2, -14, -70, -280, -714, -938, -31714, 67465]
[R Sun Oct  1 20:50:04 2023] [1, 2, -14, -70, -420, -1274, -1778, -40594, 68185]
[R Sun Oct  1 20:50:12 2023] [1, 2, -14, -70, 140, 966, 1582, -38194, 68365]
[R Sun Oct  1 20:50:33 2023] [1, 2, -14, -70, 0, 406, 742, -31234, 69265]
[R Sun Oct  1 20:50:34 2023] [1, 2, 0, -196, -140, -3388, 13104, -4400, 73198]
[R Sun Oct  1 20:50:38 2023] [1, 2, 0, -140, -140, 2828, 1456, 43780, 68590]
[R Sun Oct  1 20:50:48 2023] [1, 2, -14, -70, -280, -714, -938, -33154, 70885]
[R Sun Oct  1 20:51:01 2023] [1, 2, -14, -70, -420, -1274, -1778, -42034, 71605]
[R Sun Oct  1 20:51:31 2023] [1, 2, -14, -70, 0, 406, 742, -32674, 72685]
[R Sun Oct  1 20:51:40 2023] [1, 2, -14, -70, -420, -1274, -1778, -43474, 75025]
[R Sun Oct  1 20:51:47 2023] [1, 2, -14, -70, -280, -714, -938, -34594, 74305]
[R Sun Oct  1 20:51:55 2023] [1, 2, -14, -70, 0, 406, 742, -34114, 76105]
[R Sun Oct  1 20:52:00 2023] [1, 2, -14, -70, 140, 966, 1582, -41074, 75205]
[R Sun Oct  1 20:52:15 2023] [1, 2, -14, -70, -420, -1274, -1778, -44914, 78445]
[R Sun Oct  1 20:52:23 2023] [1, 2, -14, -70, 0, 406, 742, -35554, 79525]
[R Sun Oct  1 20:52:36 2023] [1, 2, -14, -70, -280, -714, -938, -37474, 81145]
[R Sun Oct  1 20:52:43 2023] [1, 2, -14, -70, 140, 966, 1582, -43954, 82045]
[R Sun Oct  1 20:52:46 2023] [1, 2, -14, -70, -420, -1274, -1778, -46354, 81865]
[R Sun Oct  1 20:52:49 2023] [1, 2, -14, -70, 0, 406, 742, -36994, 82945]
[R Sun Oct  1 20:53:00 2023] [1, 2, -14, -70, -280, -714, -938, -38914, 84565]
[R Sun Oct  1 20:53:05 2023] [1, 2, -14, -70, 140, 966, 1582, -45394, 85465]
[R Sun Oct  1 20:53:09 2023] [1, 2, -14, -70, 0, 406, 742, -38434, 86365]
[R Sun Oct  1 20:53:12 2023] [1, 2, -14, -70, -420, -1274, -1778, -47794, 85285]
[R Sun Oct  1 20:53:13 2023] [1, 2, -14, 182, 560, 602, 3934, 37882, 91549]
[R Sun Oct  1 20:53:20 2023] [1, 2, -14, -70, -420, -1274, -1778, -49234, 88705]
[R Sun Oct  1 20:53:39 2023] [1, 2, -14, -70, -280, -714, -938, -43234, 94825]
[R Sun Oct  1 20:53:40 2023] [1, 2, -14, -70, 0, 406, 742, -41314, 93205]
[R Sun Oct  1 20:53:43 2023] [1, 2, -14, -70, -140, -1918, -14406, -9638, 95545]
Total elapsed time: 75912213614us
Server			Amount			Total Time (us)		Fastest Time (us)	Slowest Time (us)	Approx Avg Time (us)
Idle:           217911885       75503129512         0                   25835144            346             
Generate:       108954868       6702875             0                   13009               0               

Workers			Amount			Total Time (us)		Fastest Time (us)	Slowest Time (us)	Approx Avg Time (us)
Workers:        511             38788631886191      75906909150         75911628799         75907303104     
Read input:     511             6031654554          11155977            11960127            11803629        
Idle:           108955379       66870852708         1                   5684629             613             
Work units:     108954868       38719001880656      1                   18706372015         355367          
Init:           108954868       2927186444          0                   141599              26              
Generate:       29609161171240  13235502934441      0                   3465577             0               
Last coeff.:    1757250070854   7633172906544       0                   42051               4               
Disc. eval.:    30690131658278  1403015109178       0                   43439               0               
Lagrange:       109203532       220247283           0                   13027               2               
Send results:   586             36044               4                   139                 61              
Disc. sq. test: 29609161171240  11464550953         0                   42138               0               
Saved:          616             4028                1                   30                  6               
