[I Fri Oct 13 19:06:30 2023] Program launch: 512 workers
[A Fri Oct 13 19:06:30 2023] ./bin/enum-stats -coeffs -2 -divisors 2,14,14,140,14,14,2,1 -discriminant -210827008000000 -input data/257/p2e14mod4_2ds1.txt,data/257/p5e6mod25_s1eq2.txt,data/257/p7e7mod49_s1eq2.txt,data/257/p3e0mod9_s1eq2_a8eq5.txt -output data/output/257/output1467_s1eq2_a8eq5m9.txt -tree data/257/treea8.txt -locked 3 -filter 11 
[R Fri Oct 13 19:07:08 2023] [1, 2, -14, -70, 420, 2086, 3262, 10926, -120955]
[R Fri Oct 13 19:07:15 2023] [1, 2, -14, -70, 420, 2086, 3262, 9486, -117535]
[R Fri Oct 13 19:07:25 2023] [1, 2, -14, -70, 280, 1526, 2422, 25086, -111955]
[R Fri Oct 13 19:07:36 2023] [1, 2, -14, -70, 420, 2086, 3262, 5166, -107275]
[R Fri Oct 13 19:07:43 2023] [1, 2, -14, -70, 280, 1526, 2422, 22206, -105115]
[R Fri Oct 13 19:07:43 2023] [1, 2, -14, -70, -560, -1834, -2618, 17886, -103675]
[R Fri Oct 13 19:07:46 2023] [1, 2, -14, -70, 420, 2086, 3262, 3726, -103855]
[R Fri Oct 13 19:07:47 2023] [1, 2, -14, -70, -420, -1274, -1778, 31086, -102055]
[R Fri Oct 13 19:07:49 2023] [1, 2, -14, -70, 280, 1526, 2422, 20766, -101695]
[R Fri Oct 13 19:07:51 2023] [1, 2, -14, -70, 420, 2086, 3262, 2286, -100435]
[R Fri Oct 13 19:07:52 2023] [1, 2, -14, -70, -560, -1834, -2618, 16446, -100255]
[R Fri Oct 13 19:07:52 2023] [1, 2, 0, -196, -560, 3108, 11396, -3600, -95638]
[R Fri Oct 13 19:07:57 2023] [1, 2, -14, -70, -420, -1274, -1778, 29646, -98635]
[R Fri Oct 13 19:08:02 2023] [1, 2, -14, -70, 420, 2086, 3262, 846, -97015]
[R Fri Oct 13 19:08:03 2023] [1, 2, -14, -70, -560, -1834, -2618, 15006, -96835]
[R Fri Oct 13 19:08:05 2023] [1, 2, -14, -70, 0, 406, 742, 39006, -97555]
[R Fri Oct 13 19:08:06 2023] [1, 2, -14, -70, -140, -154, -98, 40206, -95575]
[R Fri Oct 13 19:08:09 2023] [1, 2, -14, -70, -420, -1274, -1778, 28206, -95215]
[R Fri Oct 13 19:08:10 2023] [1, 2, -14, -70, 280, 1526, 2422, 17886, -94855]
[R Fri Oct 13 19:08:14 2023] [1, 2, -14, -70, 0, 406, 742, 37566, -94135]
[R Fri Oct 13 19:08:16 2023] [1, 2, -14, -70, 420, 2086, 3262, -594, -93595]
[R Fri Oct 13 19:08:20 2023] [1, 2, -14, -70, -560, -1834, -2618, 13566, -93415]
[R Fri Oct 13 19:08:20 2023] [1, 2, -14, -70, -840, -2954, -4298, -30114, -93415]
[R Fri Oct 13 19:08:25 2023] [1, 2, -14, -70, -420, -1274, -1778, 26766, -91795]
[R Fri Oct 13 19:08:26 2023] [1, 2, -14, -70, 280, 1526, 2422, 16446, -91435]
[R Fri Oct 13 19:08:29 2023] [1, 2, -14, -70, 0, 406, 742, 36126, -90715]
[R Fri Oct 13 19:08:30 2023] [1, 2, -14, -70, 420, 2086, 3262, -2034, -90175]
[R Fri Oct 13 19:08:38 2023] [1, 2, -14, -70, -560, -1834, -2618, 12126, -89995]
[R Fri Oct 13 19:08:38 2023] [1, 2, -14, -70, -840, -2954, -4298, -31554, -89995]
[R Fri Oct 13 19:08:42 2023] [1, 2, -14, -70, -420, -1274, -1778, 25326, -88375]
[R Fri Oct 13 19:08:45 2023] [1, 2, -14, -70, 700, 3206, 4942, -54834, -87835]
[R Fri Oct 13 19:08:46 2023] [1, 2, -14, -70, -140, -154, -98, 37326, -88735]
[R Fri Oct 13 19:08:46 2023] [1, 2, -14, -70, 0, 406, 742, 34686, -87295]
[R Fri Oct 13 19:08:50 2023] [1, 2, -14, -70, 420, 2086, 3262, -3474, -86755]
[R Fri Oct 13 19:08:58 2023] [1, 2, -14, -70, -140, -154, -98, 35886, -85315]
[R Fri Oct 13 19:09:04 2023] [1, 2, -14, -70, 700, 3206, 4942, -56274, -84415]
[R Fri Oct 13 19:09:07 2023] [1, 2, -14, -70, 280, 1526, 2422, 13566, -84595]
[R Fri Oct 13 19:09:08 2023] [1, 2, -14, -70, 0, 406, 742, 33246, -83875]
[R Fri Oct 13 19:09:09 2023] [1, 2, -14, -70, -420, -1274, -1778, 23886, -84955]
[R Fri Oct 13 19:09:13 2023] [1, 2, -14, -70, -560, -1834, -2618, 9246, -83155]
[R Fri Oct 13 19:09:13 2023] [1, 2, -14, -70, -840, -2954, -4298, -34434, -83155]
[R Fri Oct 13 19:09:16 2023] [1, 2, -14, -70, 420, 2086, 3262, -4914, -83335]
[R Fri Oct 13 19:09:25 2023] [1, 2, -14, -70, -420, -1274, -1778, 22446, -81535]
[R Fri Oct 13 19:09:35 2023] [1, 2, -14, -70, 280, 1526, 2422, 12126, -81175]
[R Fri Oct 13 19:09:43 2023] [1, 2, -14, -70, -560, -1834, -2618, 7806, -79735]
[R Fri Oct 13 19:09:43 2023] [1, 2, -14, -70, -840, -2954, -4298, -35874, -79735]
[R Fri Oct 13 19:09:57 2023] [1, 2, -14, -70, 420, 2086, 3262, -6354, -79915]
[R Fri Oct 13 19:10:01 2023] [1, 2, -14, -70, 280, 1526, 2422, 10686, -77755]
[R Fri Oct 13 19:10:16 2023] [1, 2, -14, -70, 0, 406, 742, 30366, -77035]
[R Fri Oct 13 19:10:17 2023] [1, 2, -14, -70, 420, 2086, 3262, -7794, -76495]
[R Fri Oct 13 19:10:18 2023] [1, 2, -14, -70, -560, -1834, -2618, 6366, -76315]
[R Fri Oct 13 19:10:30 2023] [1, 2, -14, -70, -140, 5334, 18718, -16306, -75235]
[R Fri Oct 13 19:10:33 2023] [1, 2, -14, -70, -140, -154, -98, 31566, -75055]
[R Fri Oct 13 19:10:37 2023] [1, 2, -14, -70, -420, -1274, -1778, 19566, -74695]
[R Fri Oct 13 19:10:53 2023] [1, 2, -14, -70, 420, 2086, 3262, -9234, -73075]
[R Fri Oct 13 19:10:59 2023] [1, 2, -14, -70, -560, -1834, -2618, 4926, -72895]
[R Fri Oct 13 19:10:59 2023] [1, 2, -14, -70, -840, -2954, -4298, -38754, -72895]
[R Fri Oct 13 19:11:06 2023] [1, 2, -14, -70, 0, 406, 742, 28926, -73615]
[R Fri Oct 13 19:11:16 2023] [1, 2, -14, -70, -140, -154, -98, 30126, -71635]
[R Fri Oct 13 19:11:17 2023] [1, 2, -14, -70, -420, -1274, -1778, 18126, -71275]
[R Fri Oct 13 19:11:26 2023] [1, 2, -14, -70, 280, 1526, 2422, 7806, -70915]
[R Fri Oct 13 19:11:53 2023] [1, 2, -14, -70, -560, -1834, -2618, 3486, -69475]
[R Fri Oct 13 19:11:53 2023] [1, 2, -14, -70, -840, -2954, -4298, -40194, -69475]
[R Fri Oct 13 19:12:06 2023] [1, 2, -14, 210, 280, -6566, 20538, -7846, -65875]
[R Fri Oct 13 19:12:14 2023] [1, 2, -14, -70, -420, -1274, -1778, 16686, -67855]
[R Fri Oct 13 19:12:20 2023] [1, 2, -14, -70, 280, 1526, 2422, 6366, -67495]
[R Fri Oct 13 19:12:34 2023] [1, 2, -14, -70, 0, 406, 742, 26046, -66775]
[R Fri Oct 13 19:12:49 2023] [1, 2, -14, -70, 420, 2086, 3262, -12114, -66235]
[R Fri Oct 13 19:13:14 2023] [1, 2, 0, 84, -700, -2800, 11760, 18720, -61330]
[R Fri Oct 13 19:13:24 2023] [1, 2, -14, -70, -560, -1834, -2618, 2046, -66055]
[R Fri Oct 13 19:13:24 2023] [1, 2, -14, -70, -840, -2954, -4298, -41634, -66055]
[R Fri Oct 13 19:13:32 2023] [1, 2, -14, -70, 280, 1526, 2422, 4926, -64075]
[R Fri Oct 13 19:13:42 2023] [1, 2, -14, -70, -140, -154, -98, 27246, -64795]
[R Fri Oct 13 19:13:52 2023] [1, 2, -14, -70, 0, 406, 742, 24606, -63355]
[R Fri Oct 13 19:14:04 2023] [1, 2, -14, -70, 420, 2086, 3262, -13554, -62815]
[R Fri Oct 13 19:14:05 2023] [1, 2, -14, -70, -560, -1834, -2618, 606, -62635]
[R Fri Oct 13 19:14:31 2023] [1, 2, -14, -70, -140, -154, -98, 25806, -61375]
[R Fri Oct 13 19:15:12 2023] [1, 2, -14, -70, 280, 1526, 2422, 3486, -60655]
[R Fri Oct 13 19:15:14 2023] [1, 2, -14, -70, 0, 406, 742, 23166, -59935]
[R Fri Oct 13 19:15:17 2023] [1, 2, -14, -70, -420, -1274, -1778, 13806, -61015]
[R Fri Oct 13 19:15:22 2023] [1, 2, -42, 154, 560, -3066, 4858, 33582, -55399]
[R Fri Oct 13 19:15:36 2023] [1, 2, -14, -70, -560, -1834, -2618, -834, -59215]
[R Fri Oct 13 19:15:36 2023] [1, 2, -14, -70, -840, -2954, -4298, -44514, -59215]
[R Fri Oct 13 19:15:47 2023] [1, 2, -14, -70, 420, 2086, 3262, -14994, -59395]
[R Fri Oct 13 19:16:11 2023] [1, 2, -14, -70, -140, -154, -98, 24366, -57955]
[R Fri Oct 13 19:16:21 2023] [1, 2, -14, -70, -420, -1274, -1778, 12366, -57595]
[R Fri Oct 13 19:17:07 2023] [1, 2, -14, -70, 280, 1526, 2422, 2046, -57235]
[R Fri Oct 13 19:17:21 2023] [1, 2, -14, -70, -560, -1834, -2618, -2274, -55795]
[R Fri Oct 13 19:17:21 2023] [1, 2, -14, -70, -840, -2954, -4298, -45954, -55795]
[R Fri Oct 13 19:17:22 2023] [1, 2, 0, 224, 1680, -1512, -16604, -55240, -52618]
[R Fri Oct 13 19:17:39 2023] [1, 2, -14, -70, 420, 2086, 3262, -16434, -55975]
[R Fri Oct 13 19:18:13 2023] [1, 2, -14, 210, 420, -3570, 10850, -5430, -53455]
[R Fri Oct 13 19:18:26 2023] [1, 2, -14, -70, -420, -1274, -1778, 10926, -54175]
[R Fri Oct 13 19:18:40 2023] [1, 2, -14, -70, 280, 1526, 2422, 606, -53815]
[R Fri Oct 13 19:18:41 2023] [1, 2, -14, -70, -140, 3878, 13566, -12082, -54355]
[R Fri Oct 13 19:19:22 2023] [1, 2, -42, 154, 560, -3066, 4858, 35022, -48739]
[R Fri Oct 13 19:19:32 2023] [1, 2, -14, -70, 420, 2086, 3262, -17874, -52555]
[R Fri Oct 13 19:19:36 2023] [1, 2, -14, -70, 0, 406, 742, 20286, -53095]
[R Fri Oct 13 19:20:14 2023] [1, 2, -42, 154, 420, -2506, 4018, 20862, -47659]
[R Fri Oct 13 19:20:36 2023] [1, 2, -14, -70, -140, -154, -98, 21486, -51115]
[R Fri Oct 13 19:20:49 2023] [1, 2, -14, -70, -140, 1750, -15330, 45390, -52195]
[R Fri Oct 13 19:20:50 2023] [1, 2, -14, -70, -420, -1274, -1778, 9486, -50755]
[R Fri Oct 13 19:22:10 2023] [1, 2, -14, -70, 420, 2086, 3262, -19314, -49135]
[R Fri Oct 13 19:22:17 2023] [1, 2, -14, -70, 0, 406, 742, 18846, -49675]
[R Fri Oct 13 19:22:19 2023] [1, 2, -14, -70, -840, -2954, -4298, -48834, -48955]
[R Fri Oct 13 19:23:26 2023] [1, 2, -14, -70, -140, -154, -98, 20046, -47695]
[R Fri Oct 13 19:23:57 2023] [1, 2, -14, -70, 280, 1526, 2422, -2274, -46975]
[R Fri Oct 13 19:24:47 2023] [1, 2, 28, 84, -700, 2968, -19824, 49664, -42898]
[R Fri Oct 13 19:25:21 2023] [1, 2, -14, -70, 0, 406, 742, 17406, -46255]
[R Fri Oct 13 19:25:40 2023] [1, 2, -42, 154, 560, -3066, 4858, 36462, -42079]
[R Fri Oct 13 19:25:41 2023] [1, 2, -14, -70, 420, 2086, 3262, -20754, -45715]
[R Fri Oct 13 19:26:27 2023] [1, 2, -14, -70, -560, -1834, -2618, -6594, -45535]
[R Fri Oct 13 19:26:27 2023] [1, 2, -14, -70, -840, -2954, -4298, -50274, -45535]
[R Fri Oct 13 19:27:48 2023] [1, 2, -14, -70, -420, -1274, -1778, 6606, -43915]
[R Fri Oct 13 19:28:15 2023] [1, 2, -14, -70, 280, 1526, 2422, -3714, -43555]
[R Fri Oct 13 19:29:12 2023] [1, 2, -14, -70, 0, 406, 742, 15966, -42835]
[R Fri Oct 13 19:30:00 2023] [1, 2, 0, 0, 0, -3388, -25256, -59800, -42250]
[R Fri Oct 13 19:30:00 2023] [1, 2, 0, 0, 0, -7168, 25984, -5200, -42250]
[R Fri Oct 13 19:30:12 2023] [1, 2, -14, -70, 420, 2086, 3262, -22194, -42295]
[R Fri Oct 13 19:31:21 2023] [1, 2, -14, -70, -560, -1834, -2618, -8034, -42115]
[R Fri Oct 13 19:31:21 2023] [1, 2, -14, -70, -840, -2954, -4298, -51714, -42115]
[R Fri Oct 13 19:33:03 2023] [1, 2, -14, -70, 280, 1526, 2422, -5154, -40135]
[R Fri Oct 13 19:33:14 2023] [1, 2, -14, -70, -420, -1274, -1778, 5166, -40495]
[R Fri Oct 13 19:33:18 2023] [1, 2, -14, -70, -140, -154, -98, 17166, -40855]
[R Fri Oct 13 19:33:22 2023] [1, 2, -42, 154, 140, -1386, 2338, 2622, -36679]
[R Fri Oct 13 19:34:12 2023] [1, 2, -14, -70, 0, 406, 742, 14526, -39415]
[R Fri Oct 13 19:35:08 2023] [1, 2, -14, -70, 420, 2086, 3262, -23634, -38875]
[R Fri Oct 13 19:35:42 2023] [1, 2, -14, -70, -560, -1834, -2618, -9474, -38695]
[R Fri Oct 13 19:36:47 2023] [1, 2, -14, -98, 0, 1302, -2366, 6942, -35851]
[R Fri Oct 13 19:37:20 2023] [1, 2, -14, -70, -140, 2646, -16898, 40046, -37795]
[R Fri Oct 13 19:37:27 2023] [1, 2, 0, 0, 0, -1372, -14504, -46360, -37210]
[R Fri Oct 13 19:37:27 2023] [1, 2, 0, 0, 0, -7168, -36736, -63440, -37210]
[R Fri Oct 13 19:37:37 2023] [1, 2, -42, 154, 420, -2506, 4018, 23742, -34339]
[R Fri Oct 13 19:38:12 2023] [1, 2, -14, -70, -140, -154, -98, 15726, -37435]
[R Fri Oct 13 19:39:30 2023] [1, 2, -42, 154, 0, -826, 1498, -2898, -33439]
[R Fri Oct 13 19:40:08 2023] [1, 2, -14, -70, -420, -1274, -1778, 3726, -37075]
[R Fri Oct 13 19:40:24 2023] [1, 2, -14, -70, 280, 1526, 2422, -6594, -36715]
[R Fri Oct 13 19:41:03 2023] [1, 2, -14, -70, 0, 406, 742, 13086, -35995]
[R Fri Oct 13 19:42:07 2023] [1, 2, -14, -70, -560, -1834, -2618, -10914, -35275]
[R Fri Oct 13 19:43:02 2023] [1, 2, -14, -70, 420, 2086, 3262, -25074, -35455]
[R Fri Oct 13 19:45:17 2023] [1, 2, -14, -70, -140, -154, -98, 14286, -34015]
[R Fri Oct 13 19:48:40 2023] [1, 2, -14, -70, -140, 3878, -20034, 40718, -32755]
[R Fri Oct 13 19:49:04 2023] [1, 2, -14, -70, 280, 1526, 2422, -8034, -33295]
[R Fri Oct 13 19:49:06 2023] [1, 2, -42, 154, -140, -266, 658, -5538, -29479]
[R Fri Oct 13 19:51:05 2023] [1, 2, -14, -70, -560, -1834, -2618, -12354, -31855]
[R Fri Oct 13 19:51:14 2023] [1, 2, -42, 154, 560, -3066, 4858, 39342, -28759]
[R Fri Oct 13 19:51:59 2023] [1, 2, -42, 14, 1680, 3766, 9562, -2962, -28471]
[R Fri Oct 13 19:52:56 2023] [1, 2, -14, -70, 420, 2086, 3262, -26514, -32035]
[R Fri Oct 13 19:54:30 2023] [1, 2, -42, 154, 420, -2506, 4018, 25182, -27679]
[R Fri Oct 13 19:54:30 2023] [1, 2, -42, 154, -280, -6006, -7882, 41282, -27679]
[R Fri Oct 13 19:55:53 2023] [1, 2, -14, -70, -420, -1274, -1778, 846, -30235]
[R Fri Oct 13 19:56:29 2023] [1, 2, -14, -70, 280, 1526, 2422, -9474, -29875]
[R Fri Oct 13 20:01:08 2023] [1, 2, -14, -70, 420, 2086, 3262, -27954, -28615]
[R Fri Oct 13 20:02:26 2023] [1, 2, -14, -70, -560, -1834, -2618, -13794, -28435]
[R Fri Oct 13 20:04:39 2023] [1, 2, -42, 154, -280, 294, -182, -5298, -24799]
[R Fri Oct 13 20:06:14 2023] [1, 2, -14, -350, 140, 9646, -15358, -36854, -25555]
[R Fri Oct 13 20:08:08 2023] [1, 2, -14, 210, 840, 7994, -36582, 54234, -26275]
[R Fri Oct 13 20:08:10 2023] [1, 2, -14, -70, -420, -1274, -1778, -594, -26815]
[R Fri Oct 13 20:08:48 2023] [1, 2, -14, -238, 420, 3766, -12278, 25426, -24223]
[R Fri Oct 13 20:10:53 2023] [1, 2, -42, 154, 140, -1386, 2338, 5502, -23359]
[R Fri Oct 13 20:15:23 2023] [1, 2, -42, 154, -280, -12054, -23898, 54418, -22351]
[R Fri Oct 13 20:15:26 2023] [1, 2, -14, -70, -140, 7546, 7602, -22254, -25195]
[R Fri Oct 13 20:15:57 2023] [1, 2, -14, -70, -560, -1834, -2618, -15234, -25015]
[R Fri Oct 13 20:16:18 2023] [1, 2, -14, -70, 0, 406, 742, 8766, -25735]
[R Fri Oct 13 20:17:42 2023] [1, 2, 0, 0, 0, -868, 1204, 26420, -24790]
[R Fri Oct 13 20:20:57 2023] [1, 2, -42, -126, 700, -3094, -26418, -42902, -21271]
[R Fri Oct 13 20:21:22 2023] [1, 2, -14, -350, -1120, 3794, -31262, 47234, -22495]
[R Fri Oct 13 20:22:02 2023] [1, 2, -14, -70, -140, -154, -98, 9966, -23755]
[R Fri Oct 13 20:22:33 2023] [1, 2, -42, 154, 420, -2506, 4018, 26622, -21019]
[R Fri Oct 13 20:23:58 2023] [1, 2, -14, -70, -420, -1274, -1778, -2034, -23395]
[R Fri Oct 13 20:24:48 2023] [1, 2, 0, -196, 420, -2464, -2548, -840, -21406]
[R Fri Oct 13 20:25:41 2023] [1, 2, -14, 210, 840, 5978, -30534, 46458, -22675]
[R Fri Oct 13 20:26:32 2023] [1, 2, -14, -70, 280, 1526, 2422, -12354, -23035]
[R Fri Oct 13 20:27:01 2023] [1, 2, -14, -350, -1120, 3290, -29750, 45290, -21595]
[R Fri Oct 13 20:27:36 2023] [1, 2, -42, 154, 0, -826, 1498, -18, -20119]
[R Fri Oct 13 20:27:36 2023] [1, 2, -14, -70, -140, 3878, 6846, -13042, -22675]
[R Fri Oct 13 20:27:56 2023] [1, 2, -42, 154, -280, -15834, -34678, 59438, -20011]
[R Fri Oct 13 20:29:14 2023] [1, 2, 0, 0, 0, -3388, -19096, -35720, -22090]
[R Fri Oct 13 20:29:14 2023] [1, 2, 0, 0, 0, -11200, -39200, -48880, -22090]
[R Fri Oct 13 20:29:43 2023] [1, 2, -42, 154, -700, 1974, -2702, 9822, -19759]
[R Fri Oct 13 20:30:27 2023] [1, 2, -14, -70, 0, 406, 742, 7326, -22315]
[R Fri Oct 13 20:31:06 2023] [1, 2, -14, 210, 840, 5474, -29022, 44514, -21775]
[R Fri Oct 13 20:32:13 2023] [1, 2, 0, 0, 980, 5292, -42196, 48440, -21910]
[R Fri Oct 13 20:33:12 2023] [1, 2, -14, -70, 420, 2086, 3262, -30834, -21775]
[R Fri Oct 13 20:36:26 2023] [1, 2, 56, 0, 280, -4536, 3808, 16584, -20830]
[R Fri Oct 13 20:37:23 2023] [1, 2, -14, -70, -560, -1834, -2618, -16674, -21595]
[R Fri Oct 13 20:38:27 2023] [1, 2, -14, -70, -140, 11634, -35462, 45434, -21055]
[R Fri Oct 13 20:40:25 2023] [1, 2, -42, 154, -280, 294, -182, -3858, -18139]
[R Fri Oct 13 20:43:44 2023] [1, 2, -14, -350, -1120, 1778, -25214, 39458, -18895]
[R Fri Oct 13 20:44:27 2023] [1, 2, -14, -70, -420, -1274, -1778, -3474, -19975]
[R Fri Oct 13 20:47:43 2023] [1, 2, -14, -70, 280, 1526, 2422, -13794, -19615]
[R Fri Oct 13 20:50:47 2023] [1, 2, -14, -350, -1120, 1274, -23702, 37514, -17995]
[R Fri Oct 13 20:53:34 2023] [1, 2, -14, -70, 0, 406, 742, 5886, -18895]
[R Fri Oct 13 20:53:52 2023] [1, 2, -14, -70, -140, -42, -2114, 11438, -19075]
[R Fri Oct 13 20:55:36 2023] [1, 2, -42, 154, -140, -266, 658, -2658, -16159]
[R Fri Oct 13 20:58:28 2023] [1, 2, -14, -70, 420, 2086, 3262, -32274, -18355]
[R Fri Oct 13 20:58:28 2023] [1, 2, -14, -70, -140, 10122, -30926, 39602, -18355]
[R Fri Oct 13 20:58:35 2023] [1, 2, 0, 0, 0, -112, 2576, -13760, -18490]
[R Fri Oct 13 20:58:35 2023] [1, 2, 0, 0, 0, -3388, 11704, -1720, -18490]
[R Fri Oct 13 20:58:36 2023] [1, 2, -42, 154, -280, 42, 854, 3746, -15727]
[R Fri Oct 13 21:00:26 2023] [1, 2, -14, 210, 840, 3458, -22974, 36738, -18175]
[R Fri Oct 13 21:01:49 2023] [1, 2, -42, 154, 560, -3066, 4858, 42222, -15439]
[R Fri Oct 13 21:03:37 2023] [1, 2, 56, -168, -140, -8512, -9604, 17728, -15574]
[R Fri Oct 13 21:04:00 2023] [1, 2, -14, -70, -560, -1834, -2618, -18114, -18175]
[R Fri Oct 13 21:04:23 2023] [1, 2, -14, -98, -560, 882, -18746, 30442, -15871]
[R Fri Oct 13 21:05:29 2023] [1, 2, -14, -70, -140, 6146, -21798, 32186, -17815]
[R Fri Oct 13 21:05:51 2023] [1, 2, 56, 0, -420, -6804, -11648, -26984, -17050]
[R Fri Oct 13 21:05:59 2023] [1, 2, -70, -126, 420, 9730, -17430, -32110, -15115]
[R Fri Oct 13 21:06:13 2023] [1, 2, -14, -350, -1120, 266, -20678, 33626, -16195]
[R Fri Oct 13 21:06:51 2023] [1, 2, 70, -70, 1260, -182, -7434, -14610, -16375]
[R Fri Oct 13 21:11:17 2023] [1, 2, -14, 210, 840, 2450, -19950, 32850, -16375]
[R Fri Oct 13 21:12:17 2023] [1, 2, -42, 154, 420, -2506, 4018, 28062, -14359]
[R Fri Oct 13 21:15:48 2023] [1, 2, -14, -70, -140, -154, -98, 7086, -16915]
[R Fri Oct 13 21:17:58 2023] [1, 2, -14, -350, -1120, -238, -19166, 31682, -15295]
[R Fri Oct 13 21:18:07 2023] [1, 2, -14, -70, 280, 1526, 2422, -15234, -16195]
[R Fri Oct 13 21:18:30 2023] [1, 2, -14, -70, -420, -1274, -1778, -4914, -16555]
[R Fri Oct 13 21:20:25 2023] [1, 2, -42, 154, -280, -714, 42, 10318, -13531]
[R Fri Oct 13 21:22:02 2023] [1, 2, -42, 154, 0, -826, 1498, 1422, -13459]
[R Fri Oct 13 21:24:44 2023] [1, 2, -14, -70, 0, 406, 742, 4446, -15475]
[R Fri Oct 13 21:24:45 2023] [1, 2, -14, 322, 280, -658, 3654, -98, -13531]
[R Fri Oct 13 21:25:59 2023] [1, 2, -42, 154, -700, 1974, -2702, 11262, -13099]
[R Fri Oct 13 21:29:46 2023] [1, 2, -14, -70, -140, 8610, -26390, 33770, -15655]
[R Fri Oct 13 21:29:56 2023] [1, 2, -42, 154, -420, 854, -1022, -738, -12739]
[R Fri Oct 13 21:31:20 2023] [1, 2, -14, -70, 420, 2086, 3262, -33714, -14935]
[R Fri Oct 13 21:33:41 2023] [1, 2, -14, -70, -560, -1834, -2618, -19554, -14755]
[R Fri Oct 13 21:36:55 2023] [1, 2, -42, 154, -840, 2534, -3542, 21582, -12199]
[R Fri Oct 13 21:36:55 2023] [1, 2, -14, -350, -1120, -1246, -16142, 27794, -13495]
[R Fri Oct 13 21:41:18 2023] [1, 2, -14, 210, 840, 938, -15414, 27018, -13675]
[R Fri Oct 13 21:44:24 2023] [1, 2, -14, -70, -140, 7602, -23366, 29882, -13855]
[R Fri Oct 13 21:45:41 2023] [1, 2, 70, 210, 560, 5894, -25662, 25650, -13135]
[R Fri Oct 13 21:46:11 2023] [1, 2, -42, 154, -280, 294, -182, -2418, -11479]
[R Fri Oct 13 21:50:08 2023] [1, 2, -14, -70, -140, 9954, 1498, -21766, -13495]
[R Fri Oct 13 21:50:08 2023] [1, 2, -14, -70, -140, 6146, 3402, -16054, -13495]
[R Fri Oct 13 21:50:08 2023] [1, 2, -14, -70, -140, -154, -98, 5646, -13495]
[R Fri Oct 13 21:53:31 2023] [1, 2, -42, 154, -280, -2982, -15834, -22766, -10903]
[R Fri Oct 13 21:55:05 2023] [1, 2, 0, 280, 140, -18508, -52696, -46040, -12910]
[R Fri Oct 13 21:57:01 2023] [1, 2, 56, -168, 420, 1512, 4284, -2268, -11326]
[R Fri Oct 13 21:57:02 2023] [1, 2, -14, 210, 840, 434, -13902, 25074, -12775]
[R Fri Oct 13 21:57:33 2023] [1, 2, 0, 280, 140, -18004, -51688, -45320, -12730]
[R Fri Oct 13 22:02:22 2023] [1, 2, -14, -70, -420, -1274, -1778, -6354, -13135]
[R Fri Oct 13 22:02:28 2023] [1, 2, -14, -70, 280, 1526, 2422, -16674, -12775]
[R Fri Oct 13 22:08:15 2023] [1, 2, 0, -280, -140, -16996, -49672, -43880, -12370]
[R Fri Oct 13 22:08:36 2023] [1, 2, 0, 280, 140, -15988, -47656, -42440, -12010]
[R Fri Oct 13 22:10:51 2023] [1, 2, -14, -70, -140, 6594, -20342, 25994, -12055]
[R Fri Oct 13 22:11:06 2023] [1, 2, -42, 154, -280, -3738, -7126, 20366, -9787]
[R Fri Oct 13 22:13:15 2023] [1, 2, 0, 280, 140, -16492, -48664, -43160, -12190]
[R Fri Oct 13 22:13:47 2023] [1, 2, 0, -280, -140, -15988, -47656, -42440, -12010]
[R Fri Oct 13 22:15:12 2023] [1, 2, 0, 280, 140, -15484, -46648, -41720, -11830]
[R Fri Oct 13 22:16:40 2023] [1, 2, -14, -350, -1120, -2758, -11606, 21962, -10795]
[R Fri Oct 13 22:16:58 2023] [1, 2, -42, 154, -140, -266, 658, -1218, -9499]
[R Fri Oct 13 22:19:36 2023] [1, 2, 0, 280, 140, -13972, -43624, -39560, -11290]
[R Fri Oct 13 22:20:30 2023] [1, 2, -14, 210, 840, -574, -10878, 21186, -10975]
[R Fri Oct 13 22:21:35 2023] [1, 2, 0, -280, -140, -15484, -46648, -41720, -11830]
[R Fri Oct 13 22:22:00 2023] [1, 2, -14, -70, -560, -1834, -2618, -20994, -11335]
[R Fri Oct 13 22:23:57 2023] [1, 2, -42, -266, -280, 1526, 3542, -1502, -9031]
[R Fri Oct 13 22:24:19 2023] [1, 2, 0, 280, 140, -13468, -42616, -38840, -11110]
[R Fri Oct 13 22:25:04 2023] [1, 2, 0, -280, -140, -13972, -43624, -39560, -11290]
[R Fri Oct 13 22:27:13 2023] [1, 2, 0, -280, -140, -14980, -45640, -41000, -11650]
[R Fri Oct 13 22:29:32 2023] [1, 2, -42, 154, 560, -3066, 4858, 43662, -8779]
[R Fri Oct 13 22:30:26 2023] [1, 2, -42, 154, -280, 266, 182, -62, -8671]
[R Fri Oct 13 22:30:35 2023] [1, 2, 0, -280, -140, -13468, -42616, -38840, -11110]
[R Fri Oct 13 22:31:38 2023] [1, 2, -14, -70, -140, 12950, -32130, 31790, -10795]
[R Fri Oct 13 22:32:19 2023] [1, 2, 56, -28, -560, -224, -1428, 31856, -8878]
[R Fri Oct 13 22:33:17 2023] [1, 2, 0, 0, 0, -19264, 9632, 17200, -10750]
[R Fri Oct 13 22:33:49 2023] [1, 2, -14, -350, -1120, -3262, -10094, 20018, -9895]
[R Fri Oct 13 22:35:43 2023] [1, 2, 0, 280, 140, -12964, -41608, -38120, -10930]
[R Fri Oct 13 22:36:56 2023] [1, 2, 0, 84, 140, -84, -448, -4340, -8806]
[R Fri Oct 13 22:37:12 2023] [1, 2, -14, 210, 840, -1078, -9366, 19242, -10075]
[R Fri Oct 13 22:40:02 2023] [1, 2, 0, 280, 140, -11956, -39592, -36680, -10570]
[R Fri Oct 13 22:40:52 2023] [1, 2, -42, 154, -280, -6006, -13482, 23842, -8239]
[R Fri Oct 13 22:41:53 2023] [1, 2, 0, 280, 140, -10948, -37576, -35240, -10210]
[R Fri Oct 13 22:43:48 2023] [1, 2, -14, -70, -140, -154, -98, 4206, -10075]
[R Fri Oct 13 22:45:56 2023] [1, 2, -42, 154, -280, -16590, -43330, 37850, -7915]
[R Fri Oct 13 22:46:17 2023] [1, 2, 0, -280, -140, -11956, -39592, -36680, -10570]
[R Fri Oct 13 22:47:14 2023] [1, 2, 0, -280, -140, -10948, -37576, -35240, -10210]
[R Fri Oct 13 22:50:52 2023] [1, 2, 0, -280, -140, -10444, -36568, -34520, -10030]
[R Fri Oct 13 22:51:47 2023] [1, 2, -42, 154, -280, -4522, -9814, 20014, -7663]
[R Fri Oct 13 22:51:57 2023] [1, 2, -42, 154, 420, -2506, 4018, 29502, -7699]
[R Fri Oct 13 22:52:41 2023] [1, 2, -14, -70, -140, 3878, -13314, 18638, -9715]
[R Fri Oct 13 22:52:41 2023] [1, 2, -14, -70, -420, -1274, -1778, -7794, -9715]
[R Fri Oct 13 22:55:32 2023] [1, 2, 0, 280, 140, -8932, -33544, -32360, -9490]
[R Fri Oct 13 22:56:24 2023] [1, 2, 0, 280, 140, -9940, -35560, -33800, -9850]
[R Fri Oct 13 22:57:12 2023] [1, 2, -42, -126, 840, 9450, -47250, -10250, -7375]
[R Fri Oct 13 23:01:48 2023] [1, 2, 0, -280, -140, -8932, -33544, -32360, -9490]
[R Fri Oct 13 23:03:03 2023] [1, 2, 0, -280, -140, -9940, -35560, -33800, -9850]
[R Fri Oct 13 23:05:32 2023] [1, 2, 0, 280, 140, -7924, -31528, -30920, -9130]
[R Fri Oct 13 23:09:27 2023] [1, 2, -42, 154, -280, -8778, -21686, 26286, -6907]
[R Fri Oct 13 23:12:01 2023] [1, 2, -14, -70, 280, 1526, 2422, -18114, -9355]
[R Fri Oct 13 23:12:01 2023] [1, 2, -14, -70, -140, 5082, -15806, 20162, -9355]
[R Fri Oct 13 23:13:29 2023] [1, 2, 0, 140, -420, 1680, 0, -6620, -9670]
[R Fri Oct 13 23:13:56 2023] [1, 2, -42, 154, 0, -826, 1498, 2862, -6799]
[R Fri Oct 13 23:16:36 2023] [1, 2, -14, 210, 840, -2086, -6342, 15354, -8275]
[R Fri Oct 13 23:17:03 2023] [1, 2, 0, 280, 140, -7420, -30520, -30200, -8950]
[R Fri Oct 13 23:17:43 2023] [1, 2, 0, 280, 140, -6412, -28504, -28760, -8590]
[R Fri Oct 13 23:19:32 2023] [1, 2, 0, -280, -140, -6916, -29512, -29480, -8770]
[R Fri Oct 13 23:25:05 2023] [1, 2, 0, -280, -140, -7420, -30520, -30200, -8950]
[R Fri Oct 13 23:25:25 2023] [1, 2, 0, 0, 0, -112, -1904, -9280, -8410]
[R Fri Oct 13 23:25:25 2023] [1, 2, 0, 0, 0, -1372, 5096, -1160, -8410]
[R Fri Oct 13 23:25:25 2023] [1, 2, 0, 0, 0, -17500, 7000, 15080, -8410]
[R Fri Oct 13 23:26:43 2023] [1, 2, 0, 280, 140, -5404, -26488, -27320, -8230]
[R Fri Oct 13 23:28:58 2023] [1, 2, -42, -126, 700, 1442, -4746, -11294, -6187]
[R Fri Oct 13 23:32:53 2023] [1, 2, -14, -210, 280, 3990, 14210, -23050, -7915]
[R Fri Oct 13 23:33:23 2023] [1, 2, 0, 0, 0, -21532, -43064, -30760, -7690]
[R Fri Oct 13 23:33:28 2023] [1, 2, -42, 154, -420, 854, -1022, 702, -6079]
[R Fri Oct 13 23:34:16 2023] [1, 2, 0, -280, -140, -5404, -26488, -27320, -8230]
[R Fri Oct 13 23:34:42 2023] [1, 2, 0, 280, 140, -5908, -27496, -28040, -8410]
[R Fri Oct 13 23:37:48 2023] [1, 2, 0, 0, 0, -21028, -42056, -30040, -7510]
[R Fri Oct 13 23:40:38 2023] [1, 2, 0, 280, 140, -3892, -23464, -25160, -7690]
[R Fri Oct 13 23:43:16 2023] [1, 2, 0, -280, -140, -4396, -24472, -25880, -7870]
[R Fri Oct 13 23:44:49 2023] [1, 2, 0, 280, 140, -3388, -22456, -24440, -7510]
[R Fri Oct 13 23:44:51 2023] [1, 2, -14, -70, 420, 2086, 3262, -36594, -8095]
[R Fri Oct 13 23:46:21 2023] [1, 2, -14, -70, -140, 4074, -12782, 16274, -7555]
[R Fri Oct 13 23:49:02 2023] [1, 2, 0, -280, -140, -3892, -23464, -25160, -7690]
[R Fri Oct 13 23:49:14 2023] [1, 2, -42, 154, -840, 2534, -3542, 23022, -5539]
[R Fri Oct 13 23:50:37 2023] [1, 2, 0, 280, 140, -4900, -25480, -26600, -8050]
[R Fri Oct 13 23:51:35 2023] [1, 2, 0, 280, 140, -2884, -21448, -23720, -7330]
[R Fri Oct 13 23:53:16 2023] [1, 2, 0, -280, -140, -3388, -22456, -24440, -7510]
[R Sat Oct 14 00:00:32 2023] [1, 2, 0, -280, -140, -2884, -21448, -23720, -7330]
[R Sat Oct 14 00:00:53 2023] [1, 2, 0, -280, -140, -4900, -25480, -26600, -8050]
[R Sat Oct 14 00:06:21 2023] [1, 2, 0, 0, 0, -18508, -37016, -26440, -6610]
[R Sat Oct 14 00:06:32 2023] [1, 2, -14, -350, -1120, -5278, -4046, 12242, -6295]
[R Sat Oct 14 00:13:09 2023] [1, 2, -14, 210, 840, -3094, -3318, 11466, -6475]
[R Sat Oct 14 00:13:27 2023] [1, 2, -42, 154, -280, 294, -182, -978, -4819]
[R Sat Oct 14 00:15:05 2023] [1, 2, 0, 280, 140, -868, -17416, -20840, -6610]
[R Sat Oct 14 00:15:56 2023] [1, 2, 0, -196, -1400, -5376, -13552, -21180, -5134]
[R Sat Oct 14 00:17:47 2023] [1, 2, 0, 280, 140, -1372, -18424, -21560, -6790]
[R Sat Oct 14 00:20:31 2023] [1, 2, 0, 280, 140, -364, -16408, -20120, -6430]
[R Sat Oct 14 00:24:58 2023] [1, 2, 0, -280, -140, -868, -17416, -20840, -6610]
[R Sat Oct 14 00:26:25 2023] [1, 2, 0, 0, 0, -17500, -35000, -25000, -6250]
[R Sat Oct 14 00:26:25 2023] [1, 2, 0, 0, 0, -23548, 1624, 17000, -6250]
[R Sat Oct 14 00:27:52 2023] [1, 2, 0, -280, -140, -1372, -18424, -21560, -6790]
[R Sat Oct 14 00:28:03 2023] [1, 2, -14, -70, -420, -1274, -1778, -9234, -6295]
[R Sat Oct 14 00:31:21 2023] [1, 2, 0, -280, -140, -364, -16408, -20120, -6430]
[R Sat Oct 14 00:31:54 2023] [1, 2, 0, 280, 140, -2380, -20440, -23000, -7150]
[R Sat Oct 14 00:32:31 2023] [1, 2, -42, 154, -280, -20118, -57386, 27426, -4207]
[R Sat Oct 14 00:42:20 2023] [1, 2, -42, -266, 140, 1470, 1470, -2870, -3955]
[R Sat Oct 14 00:42:47 2023] [1, 2, 0, -280, -140, 644, -14392, -18680, -6070]
[R Sat Oct 14 00:45:33 2023] [1, 2, 0, 0, 0, -16492, -32984, -23560, -5890]
[R Sat Oct 14 00:46:10 2023] [1, 2, -14, 210, 1120, 17962, -26166, -25318, -5395]
[R Sat Oct 14 00:48:19 2023] [1, 2, 0, 280, 140, 1652, -12376, -17240, -5710]
[R Sat Oct 14 00:49:00 2023] [1, 2, 0, -280, -140, -2380, -20440, -23000, -7150]
[R Sat Oct 14 00:52:12 2023] [1, 2, -42, 154, -280, -24906, -72982, 25742, -3739]
[R Sat Oct 14 00:53:14 2023] [1, 2, -42, 154, -280, -7518, -20146, 17546, -3667]
[R Sat Oct 14 00:56:45 2023] [1, 2, -70, 210, 700, -1890, -3150, -210, -3955]
[R Sat Oct 14 00:58:26 2023] [1, 2, 0, -280, -140, 1652, -12376, -17240, -5710]
[R Sat Oct 14 00:59:41 2023] [1, 2, -14, 182, 1400, 10402, 30534, 25742, -3991]
[R Sat Oct 14 01:00:44 2023] [1, 2, -42, 154, -280, -30198, -90426, 23026, -3487]
[R Sat Oct 14 01:01:30 2023] [1, 2, 0, 0, 0, 23968, -11984, 8560, -5350]
[R Sat Oct 14 01:01:42 2023] [1, 2, 0, -140, 140, 1904, -1232, 3320, -5890]
[R Sat Oct 14 01:02:00 2023] [1, 2, -42, 154, -280, -35994, -109718, 19278, -3451]
[R Sat Oct 14 01:04:00 2023] [1, 2, -42, 154, -280, -29190, -97370, -16110, -3415]
[R Sat Oct 14 01:07:32 2023] [1, 2, -42, 154, 140, -1386, 2338, 9822, -3379]
[R Sat Oct 14 01:10:33 2023] [1, 2, -14, 350, -140, 2310, -2030, 4250, -4135]
[R Sat Oct 14 01:12:27 2023] [1, 2, 0, 0, 0, -13468, -26936, -19240, -4810]
[R Sat Oct 14 01:13:31 2023] [1, 2, -14, -350, -1120, -6286, -1022, 8354, -4495]
[R Sat Oct 14 01:13:59 2023] [1, 2, -14, 210, 840, -4102, -294, 7578, -4675]
[R Sat Oct 14 01:14:53 2023] [1, 2, 0, 280, 140, 3668, -8344, -14360, -4990]
[R Sat Oct 14 01:15:02 2023] [1, 2, 0, -280, -140, 2156, -11368, -16520, -5530]
[R Sat Oct 14 01:15:33 2023] [1, 2, 0, 280, 140, 2660, -10360, -15800, -5350]
[R Sat Oct 14 01:16:14 2023] [1, 2, -14, -70, 0, 406, 742, 126, -5215]
[R Sat Oct 14 01:22:06 2023] [1, 2, -14, 210, 1120, 13426, -22638, -21214, -4495]
[R Sat Oct 14 01:22:42 2023] [1, 2, -14, -70, -140, 24290, -19110, -22150, -4855]
[R Sat Oct 14 01:22:42 2023] [1, 2, -14, -70, -140, 2562, -8246, 10442, -4855]
[R Sat Oct 14 01:23:08 2023] [1, 2, 0, 280, 140, 4172, -7336, -13640, -4810]
[R Sat Oct 14 01:25:21 2023] [1, 2, 0, -280, -140, 3668, -8344, -14360, -4990]
[R Sat Oct 14 01:27:05 2023] [1, 2, 0, -280, -140, 2660, -10360, -15800, -5350]
[R Sat Oct 14 01:31:17 2023] [1, 2, -14, -70, 420, 2086, 3262, -38034, -4675]
[R Sat Oct 14 01:31:17 2023] [1, 2, -14, -70, -140, 3878, 126, -8242, -4675]
[R Sat Oct 14 01:31:17 2023] [1, 2, -14, -70, -140, 1638, 1246, -4882, -4675]
[R Sat Oct 14 01:32:31 2023] [1, 2, -42, -126, 980, -3206, -17122, 13802, -2839]
[R Sat Oct 14 01:34:06 2023] [1, 2, 0, -280, -140, 4172, -7336, -13640, -4810]
[R Sat Oct 14 01:35:39 2023] [1, 2, 0, 0, 0, -12964, -25928, -18520, -4630]
[R Sat Oct 14 01:38:30 2023] [1, 2, 56, -28, 1400, -3948, 21784, -41548, -3226]
[R Sat Oct 14 01:39:07 2023] [1, 2, -14, -70, -560, -1834, -2618, -23874, -4495]
[R Sat Oct 14 01:41:30 2023] [1, 2, -42, 154, -280, -30954, -97398, 5518, -2551]
[R Sat Oct 14 01:41:43 2023] [1, 2, 0, 0, 0, -11452, -22904, -16360, -4090]
[R Sat Oct 14 01:48:41 2023] [1, 2, -14, 182, 700, -1694, -3038, 7946, -2623]
[R Sat Oct 14 01:49:28 2023] [1, 2, 0, 280, 140, 4676, -6328, -12920, -4630]
[R Sat Oct 14 01:49:35 2023] [1, 2, 0, 0, 0, -10948, -21896, -15640, -3910]
[R Sat Oct 14 01:54:27 2023] [1, 2, 0, 280, 140, 6188, -3304, -10760, -4090]
[R Sat Oct 14 01:54:33 2023] [1, 2, -14, -350, -1120, -6790, 490, 6410, -3595]
[R Sat Oct 14 01:58:59 2023] [1, 2, -42, 154, -280, -9814, -28378, 14098, -2191]
[R Sat Oct 14 02:00:40 2023] [1, 2, 0, 280, 140, 6692, -2296, -10040, -3910]
[R Sat Oct 14 02:02:01 2023] [1, 2, -14, 210, 1120, 8890, -19110, -17110, -3595]
[R Sat Oct 14 02:07:47 2023] [1, 2, 0, -280, -140, 6188, -3304, -10760, -4090]
[R Sat Oct 14 02:10:22 2023] [1, 2, 0, -280, -140, 5180, -5320, -12200, -4450]
[R Sat Oct 14 02:11:45 2023] [1, 2, 0, -280, -140, 5684, -4312, -11480, -4270]
[R Sat Oct 14 02:12:36 2023] [1, 2, -14, -70, -140, 18774, -35042, 20174, -3955]
[R Sat Oct 14 02:14:54 2023] [1, 2, 0, -280, -140, 6692, -2296, -10040, -3910]
[R Sat Oct 14 02:14:54 2023] [1, 2, 0, -280, -420, 3780, 12040, 9700, -3910]
[R Sat Oct 14 02:22:32 2023] [1, 2, 0, 0, 0, 15904, -7952, 5680, -3550]
[R Sat Oct 14 02:26:27 2023] [1, 2, -70, 14, 140, -854, -2898, -3670, -1831]
[R Sat Oct 14 02:31:20 2023] [1, 2, 0, 0, 0, -8932, -17864, -12760, -3190]
[R Sat Oct 14 02:34:57 2023] [1, 2, 0, 280, 140, 7700, -280, -8600, -3550]
[R Sat Oct 14 02:35:50 2023] [1, 2, 0, 0, 0, -9436, -18872, -13480, -3370]
[R Sat Oct 14 02:41:10 2023] [1, 2, -14, -70, -140, 7462, -3906, -10098, -3235]
[R Sat Oct 14 02:41:10 2023] [1, 2, -14, -70, -140, -154, -98, 1326, -3235]
[R Sat Oct 14 02:42:39 2023] [1, 2, 0, 280, 140, 8708, 1736, -7160, -3190]
[R Sat Oct 14 02:53:25 2023] [1, 2, 0, -280, -140, 7700, -280, -8600, -3550]
[R Sat Oct 14 02:57:56 2023] [1, 2, -14, -70, -420, -1274, -1778, -10674, -2875]
[R Sat Oct 14 02:59:18 2023] [1, 2, 0, 280, 140, 9212, 2744, -6440, -3010]
[R Sat Oct 14 02:59:54 2023] [1, 2, 0, -280, -140, 8708, 1736, -7160, -3190]
[R Sat Oct 14 03:00:24 2023] [1, 2, -42, 154, -280, -12810, -40950, 2350, -1075]
[R Sat Oct 14 03:00:31 2023] [1, 2, 70, 70, 980, -1666, -1442, -25450, -3055]
[R Sat Oct 14 03:00:44 2023] [1, 2, 70, -126, 0, -3150, -3850, -6750, -1075]
[R Sat Oct 14 03:02:30 2023] [1, 2, 28, 504, 0, -1176, -2772, -2988, -1174]
[R Sat Oct 14 03:07:16 2023] [1, 2, 0, 0, 0, -6916, -13832, -9880, -2470]
[R Sat Oct 14 03:10:06 2023] [1, 2, -42, 154, 420, -2506, 4018, 30942, -1039]
[R Sat Oct 14 03:13:14 2023] [1, 2, 0, -280, -140, 9716, 3752, -5720, -2830]
[R Sat Oct 14 03:14:36 2023] [1, 2, -14, -70, -140, 1554, -5222, 6554, -3055]
[R Sat Oct 14 03:17:31 2023] [1, 2, 0, -280, -140, 9212, 2744, -6440, -3010]
[R Sat Oct 14 03:20:51 2023] [1, 2, 0, 0, 0, -6412, -12824, -9160, -2290]
[R Sat Oct 14 03:30:48 2023] [1, 2, 0, 280, 140, 11228, 6776, -3560, -2290]
[R Sat Oct 14 03:33:59 2023] [1, 2, -14, 42, -980, -15302, -26054, -13242, -1039]
[R Sat Oct 14 03:37:51 2023] [1, 2, -42, 14, 980, -406, 7378, 2002, -679]
[R Sat Oct 14 03:44:39 2023] [1, 2, 0, -420, -1680, -3136, -3332, -1960, -490]
[R Sat Oct 14 03:44:46 2023] [1, 2, -14, -70, -140, 1050, -3710, 4610, -2155]
[R Sat Oct 14 03:45:07 2023] [1, 2, 0, -280, -140, 10220, 4760, -5000, -2650]
[R Sat Oct 14 03:45:20 2023] [1, 2, -14, -378, -1400, -1442, -2534, 1918, -679]
[R Sat Oct 14 03:47:46 2023] [1, 2, -42, 154, -280, -4606, -14882, 3002, -499]
[R Sat Oct 14 03:47:47 2023] [1, 2, 0, -280, -140, 11228, 6776, -3560, -2290]
[R Sat Oct 14 03:50:33 2023] [1, 2, 0, 280, 140, 12236, 8792, -2120, -1930]
[R Sat Oct 14 03:52:12 2023] [1, 2, 0, 0, 0, -5908, -11816, -8440, -2110]
[R Sat Oct 14 04:07:00 2023] [1, 2, 0, 280, 140, 11732, 7784, -2840, -2110]
[R Sat Oct 14 04:08:20 2023] [1, 2, 0, -280, -140, 12236, 8792, -2120, -1930]
[R Sat Oct 14 04:08:25 2023] [1, 2, -42, -266, 140, 126, -658, 458, -211]
[R Sat Oct 14 04:09:06 2023] [1, 2, 0, 0, 0, -4396, -8792, -6280, -1570]
[R Sat Oct 14 04:16:42 2023] [1, 2, 0, 280, 140, 13244, 10808, -680, -1570]
[R Sat Oct 14 04:19:08 2023] [1, 2, -42, 154, 0, -826, 1498, 4302, -139]
[R Sat Oct 14 04:22:18 2023] [1, 2, 70, 14, -420, 406, 42, 1530, -391]
[R Sat Oct 14 04:23:45 2023] [1, 2, 0, 0, 0, -3892, -7784, -5560, -1390]
[R Sat Oct 14 04:33:42 2023] [1, 2, -14, -70, 0, 406, 742, -1314, -1795]
[R Sat Oct 14 04:36:04 2023] [1, 2, 0, -280, -140, 13244, 10808, -680, -1570]
[R Sat Oct 14 04:46:53 2023] [1, 2, -14, -350, -1120, -8302, 5026, 578, -895]
[R Sat Oct 14 04:48:15 2023] [1, 2, 0, 0, 0, -3388, -6776, -4840, -1210]
[R Sat Oct 14 04:48:15 2023] [1, 2, 0, 0, 0, -17500, -7000, 7480, -1210]
[R Sat Oct 14 04:50:46 2023] [1, 2, -14, -70, -140, 24794, -37982, 9954, -1435]
[R Sat Oct 14 04:52:10 2023] [1, 2, -14, -70, 420, 2086, 3262, -39474, -1255]
[R Sat Oct 14 04:52:10 2023] [1, 2, -14, -70, -140, 546, -2198, 2666, -1255]
[R Sat Oct 14 04:54:59 2023] [1, 2, 0, 280, 140, 14252, 12824, 760, -1210]
[R Sat Oct 14 04:57:19 2023] [1, 2, -42, -126, 1120, -1106, 518, -838, 221]
[R Sat Oct 14 04:59:44 2023] [1, 2, -14, -70, -560, -1834, -2618, -25314, -1075]
[R Sat Oct 14 05:01:48 2023] [1, 2, 0, -196, 140, -896, 308, -600, -94]
[R Sat Oct 14 05:05:44 2023] [1, 2, -14, 70, 560, -3094, 9842, -6834, -1075]
[R Sat Oct 14 05:12:45 2023] [1, 2, -14, 42, 840, -6174, -10318, -19034, 257]
[R Sat Oct 14 05:15:47 2023] [1, 2, 0, -280, -140, 14252, 12824, 760, -1210]
[R Sat Oct 14 05:19:27 2023] [1, 2, -14, -98, 560, -546, -1302, 2054, 293]
[R Sat Oct 14 05:22:18 2023] [1, 2, 0, -280, -140, 14756, 13832, 1480, -1030]
[R Sat Oct 14 05:24:23 2023] [1, 2, 28, -56, 1960, 9632, 8204, -4564, 518]
[R Sat Oct 14 05:27:32 2023] [1, 2, 56, -308, -2940, -4368, -2716, -9208, 554]
[R Sat Oct 14 05:28:45 2023] [1, 2, -42, 154, -420, 854, -1022, 2142, 581]
[R Sat Oct 14 05:49:19 2023] [1, 2, 28, -56, -1400, -6132, -644, -3716, 842]
[R Sat Oct 14 06:02:01 2023] [1, 2, -14, -490, -3920, -8162, 4746, 3258, 545]
[R Sat Oct 14 06:02:50 2023] [1, 2, 0, -280, -140, 15764, 15848, 2920, -670]
[R Sat Oct 14 06:06:05 2023] [1, 2, -42, 154, -840, 2534, -3542, 24462, 1121]
[R Sat Oct 14 06:07:01 2023] [1, 2, -14, 42, -140, -1190, 2590, -2330, 905]
[R Sat Oct 14 06:09:24 2023] [1, 2, -70, 14, 1260, -5614, 3402, 4490, 1049]
[R Sat Oct 14 06:21:00 2023] [1, 2, 0, 280, 840, -1092, 196, 940, -850]
[R Sat Oct 14 06:21:00 2023] [1, 2, 0, 280, 140, 15260, 14840, 2200, -850]
[R Sat Oct 14 06:25:28 2023] [1, 2, -42, -126, 980, 5866, 6062, -6502, 1409]
[R Sat Oct 14 06:26:17 2023] [1, 2, 0, 0, 0, -868, -1736, -1240, -310]
[R Sat Oct 14 06:27:36 2023] [1, 2, 0, 280, 140, 16772, 17864, 4360, -310]
[R Sat Oct 14 06:31:36 2023] [1, 2, 0, -196, -700, 56, 532, -2140, 914]
[R Sat Oct 14 06:32:11 2023] [1, 2, -14, 210, 840, -6622, 7266, -2142, -175]
[R Sat Oct 14 06:58:11 2023] [1, 2, -42, 154, -280, 294, -182, 462, 1841]
[R Sat Oct 14 07:03:53 2023] [1, 2, 0, 280, 140, 17276, 18872, 5080, -130]
[R Sat Oct 14 07:06:32 2023] [1, 2, 0, 0, 0, -364, -728, -520, -130]
[R Sat Oct 14 07:19:09 2023] [1, 2, -14, -350, -1120, -8806, 6538, -1366, 5]
[R Sat Oct 14 07:19:48 2023] [1, 2, -14, -350, -1120, -9310, 8050, -3310, 905]
[R Sat Oct 14 07:21:52 2023] [1, 2, 0, 140, -1120, 1932, 924, -1580, -850]
[R Sat Oct 14 07:22:07 2023] [1, 2, 0, 140, 560, -1008, -3836, 1420, -310]
[R Sat Oct 14 07:25:37 2023] [1, 2, -70, -70, 1680, 2002, 2254, 27890, 725]
[R Sat Oct 14 07:26:12 2023] [1, 2, -14, 210, 1120, -13790, -1470, 3410, 905]
[R Sat Oct 14 07:26:49 2023] [1, 2, 0, 0, 0, 644, 1288, 920, 230]
[R Sat Oct 14 07:34:05 2023] [1, 2, -14, -70, -140, -154, -98, -114, 185]
[R Sat Oct 14 07:35:27 2023] [1, 2, 0, 280, 140, 19292, 22904, 7960, 590]
[R Sat Oct 14 07:35:57 2023] [1, 2, -14, 210, 840, -7126, 8778, -4086, 725]
[R Sat Oct 14 07:38:53 2023] [1, 2, -70, 154, 700, 3178, -11074, 6210, 2417]
[R Sat Oct 14 07:41:38 2023] [1, 2, -14, -70, -420, -1274, -1778, -12114, 545]
[R Sat Oct 14 07:50:17 2023] [1, 2, -42, 154, -280, 6090, 14630, -12910, 2705]
[R Sat Oct 14 07:52:38 2023] [1, 2, 0, 0, 0, 3164, 6328, 4520, 1130]
[R Sat Oct 14 07:54:47 2023] [1, 2, -14, -70, 280, 1526, 2422, -22434, 905]
[R Sat Oct 14 07:57:02 2023] [1, 2, 0, -280, -140, 19292, 22904, 7960, 590]
[R Sat Oct 14 07:59:03 2023] [1, 2, 0, 0, 0, 1148, 2296, 1640, 410]
[R Sat Oct 14 07:59:03 2023] [1, 2, 0, 0, -140, 700, 3640, 3740, 410]
[R Sat Oct 14 08:00:34 2023] [1, 2, 0, 280, 140, 18788, 21896, 7240, 410]
[R Sat Oct 14 08:02:04 2023] [1, 2, 0, 0, 0, 3668, 7336, 5240, 1310]
[R Sat Oct 14 08:03:28 2023] [1, 2, 0, 280, 140, 19796, 23912, 8680, 770]
[R Sat Oct 14 08:05:11 2023] [1, 2, 0, 280, 140, 17780, 19880, 5800, 50]
[R Sat Oct 14 08:06:28 2023] [1, 2, -14, -350, -1120, -9814, 9562, -5254, 1805]
[R Sat Oct 14 08:07:34 2023] [1, 2, 0, 0, 0, 4172, 8344, 5960, 1490]
[R Sat Oct 14 08:07:55 2023] [1, 2, 0, 280, 140, 21308, 26936, 10840, 1310]
[R Sat Oct 14 08:10:53 2023] [1, 2, -14, -70, 0, 630, -910, 3530, 725]
[R Sat Oct 14 08:11:55 2023] [1, 2, -14, 210, 1120, -18326, 2058, 7514, 1805]
[R Sat Oct 14 08:12:21 2023] [1, 2, 0, 280, 140, 20300, 24920, 9400, 950]
[R Sat Oct 14 08:15:18 2023] [1, 2, 0, 0, 0, -224, 112, -80, 50]
[R Sat Oct 14 08:15:45 2023] [1, 2, 0, 280, 140, 21812, 27944, 11560, 1490]
[R Sat Oct 14 08:16:16 2023] [1, 2, 0, -280, -140, 20804, 25928, 10120, 1130]
[R Sat Oct 14 08:20:19 2023] [1, 2, -14, -70, -140, -7462, 5586, 6578, 1445]
[R Sat Oct 14 08:23:11 2023] [1, 2, -42, 154, 140, -1386, 2338, 11262, 3281]
[R Sat Oct 14 08:25:57 2023] [1, 2, -14, -70, 0, 406, 742, -2754, 1625]
[R Sat Oct 14 08:27:12 2023] [1, 2, 0, -280, -140, 21308, 26936, 10840, 1310]
[R Sat Oct 14 08:32:13 2023] [1, 2, 0, -280, -140, 19796, 23912, 8680, 770]
[R Sat Oct 14 08:33:43 2023] [1, 2, -42, -126, 980, 10402, 17654, -16654, 3533]
[R Sat Oct 14 08:36:46 2023] [1, 2, 0, -280, -140, 21812, 27944, 11560, 1490]
[R Sat Oct 14 08:38:13 2023] [1, 2, 0, -280, -140, 20300, 24920, 9400, 950]
[R Sat Oct 14 08:40:54 2023] [1, 2, 0, -280, -140, 17780, 19880, 5800, 50]
[R Sat Oct 14 08:45:14 2023] [1, 2, 0, 84, 1120, 7392, 7784, 37160, 3578]
[R Sat Oct 14 08:46:57 2023] [1, 2, 0, 0, 0, 6188, 12376, 8840, 2210]
[R Sat Oct 14 08:47:49 2023] [1, 2, -42, 154, -140, -266, 658, 1662, 3821]
[R Sat Oct 14 08:49:37 2023] [1, 2, -14, 210, 840, -8134, 11802, -7974, 2525]
[R Sat Oct 14 08:51:01 2023] [1, 2, 0, 280, 140, 22316, 28952, 12280, 1670]
[R Sat Oct 14 08:53:24 2023] [1, 2, 0, 0, 0, 6692, 13384, 9560, 2390]
[R Sat Oct 14 08:54:40 2023] [1, 2, 0, 280, 140, 22820, 29960, 13000, 1850]
[R Sat Oct 14 08:54:53 2023] [1, 2, 0, 280, 140, 23828, 31976, 14440, 2210]
[R Sat Oct 14 08:56:11 2023] [1, 2, 56, 0, -1540, -4984, 1512, -544, 410]
[R Sat Oct 14 08:58:23 2023] [1, 2, -14, -70, 420, 2086, 3262, -40914, 2165]
[R Sat Oct 14 09:03:06 2023] [1, 2, 0, 280, 140, 24332, 32984, 15160, 2390]
[R Sat Oct 14 09:13:06 2023] [1, 2, 0, 280, 140, 24836, 33992, 15880, 2570]
[R Sat Oct 14 09:13:14 2023] [1, 2, 0, -280, -140, 23828, 31976, 14440, 2210]
[R Sat Oct 14 09:13:46 2023] [1, 2, -14, -98, 1540, 2982, -7826, -278, 3749]
[R Sat Oct 14 09:14:28 2023] [1, 2, 0, -280, -140, 22316, 28952, 12280, 1670]
[R Sat Oct 14 09:18:41 2023] [1, 2, 0, -280, -140, 24332, 32984, 15160, 2390]
[R Sat Oct 14 09:20:37 2023] [1, 2, -14, -70, -140, -1470, 3850, -5110, 2345]
[R Sat Oct 14 09:20:37 2023] [1, 2, -14, -70, -560, -1834, -2618, -26754, 2345]
[R Sat Oct 14 09:24:31 2023] [1, 2, 28, 84, 1680, 10388, 22736, 19404, 4802]
[R Sat Oct 14 09:26:19 2023] [1, 2, -42, 154, -280, 10626, 26222, -23062, 4829]
[R Sat Oct 14 09:28:15 2023] [1, 2, 0, -280, -140, 24836, 33992, 15880, 2570]
[R Sat Oct 14 09:31:28 2023] [1, 2, 56, 0, 1260, -13160, 27300, -13780, 2750]
[R Sat Oct 14 09:38:51 2023] [1, 2, -42, 154, -280, 3542, 6314, -13394, 5153]
[R Sat Oct 14 09:39:01 2023] [1, 2, 0, 0, 0, 8204, 16408, 11720, 2930]
[R Sat Oct 14 09:39:30 2023] [1, 2, -14, -70, -140, -266, 798, -2706, 3065]
[R Sat Oct 14 09:39:30 2023] [1, 2, -14, -70, -140, -9226, 5278, 10734, 3065]
[R Sat Oct 14 09:41:23 2023] [1, 2, -14, -350, -1120, -10822, 12586, -9142, 3605]
[R Sat Oct 14 09:50:07 2023] [1, 2, 28, 224, 140, 9744, -8512, -1008, 5306]
[R Sat Oct 14 09:50:11 2023] [1, 2, -14, 210, 1120, -27398, 9114, 15722, 3605]
[R Sat Oct 14 09:51:59 2023] [1, 2, 0, 280, 140, 25844, 36008, 17320, 2930]
[R Sat Oct 14 09:54:04 2023] [1, 2, 0, 280, 140, 26852, 38024, 18760, 3290]
[R Sat Oct 14 09:55:03 2023] [1, 2, -14, -210, 280, 1638, -154, -4082, 3785]
[R Sat Oct 14 09:57:04 2023] [1, 2, -42, -126, 980, 14938, 29246, -26806, 5657]
[R Sat Oct 14 09:59:10 2023] [1, 2, 0, 0, 0, -16352, 8176, -5840, 3650]
[R Sat Oct 14 10:00:07 2023] [1, 2, -14, 182, -980, 3178, -4214, 2738, 5441]
[R Sat Oct 14 10:04:07 2023] [1, 2, -14, 210, 840, -9142, 14826, -11862, 4325]
[R Sat Oct 14 10:07:02 2023] [1, 2, 0, -280, -140, 27356, 39032, 19480, 3470]
[R Sat Oct 14 10:09:32 2023] [1, 2, -42, -266, 140, 5278, 13146, 18174, 6017]
[R Sat Oct 14 10:10:19 2023] [1, 2, -14, -70, -420, -1274, -1778, -13554, 3965]
[R Sat Oct 14 10:11:59 2023] [1, 2, 0, -280, -140, 26852, 38024, 18760, 3290]
[R Sat Oct 14 10:13:08 2023] [1, 2, -14, -70, -140, -8666, 4158, 11214, 3605]
[R Sat Oct 14 10:17:53 2023] [1, 2, -14, -70, -140, -2478, 6874, -8998, 4145]
[R Sat Oct 14 10:17:53 2023] [1, 2, -14, -70, -140, -21070, 16170, 18890, 4145]
[R Sat Oct 14 10:20:37 2023] [1, 2, -14, -70, 280, 1526, 2422, -23874, 4325]
[R Sat Oct 14 10:22:07 2023] [1, 2, 0, 0, 0, 11732, 23464, 16760, 4190]
[R Sat Oct 14 10:24:45 2023] [1, 2, -14, 70, 1540, 15302, 27174, 15522, 4325]
[R Sat Oct 14 10:26:57 2023] [1, 2, 0, 0, 0, 13748, 27496, 19640, 4910]
[R Sat Oct 14 10:27:15 2023] [1, 2, 0, 0, 0, 13244, 26488, 18920, 4730]
[R Sat Oct 14 10:33:09 2023] [1, 2, 0, 0, 0, 14252, 28504, 20360, 5090]
[R Sat Oct 14 10:33:30 2023] [1, 2, -14, -350, -1120, -11830, 15610, -13030, 5405]
[R Sat Oct 14 10:35:19 2023] [1, 2, -42, 154, -700, 1974, -2702, 15582, 6881]
[R Sat Oct 14 10:35:23 2023] [1, 2, 56, 0, 980, -6272, -1064, 6468, 4550]
[R Sat Oct 14 10:38:37 2023] [1, 2, 28, 364, -1400, 1148, 21196, 19224, 6962]
[R Sat Oct 14 10:42:35 2023] [1, 2, -14, -70, 0, 406, 742, -4194, 5045]
[R Sat Oct 14 10:49:06 2023] [1, 2, 0, 0, 0, 15764, 31528, 22520, 5630]
[R Sat Oct 14 10:49:21 2023] [1, 2, -14, -70, -140, -7322, 16926, -16242, 5225]
[R Sat Oct 14 10:57:18 2023] [1, 2, 0, 0, 0, 16772, 33544, 23960, 5990]
[R Sat Oct 14 10:58:37 2023] [1, 2, -14, -350, -1120, -12334, 17122, -14974, 6305]
[R Sat Oct 14 10:59:53 2023] [1, 2, -42, -126, -420, -7322, 24626, -24186, 7817]
[R Sat Oct 14 11:00:01 2023] [1, 2, -14, -70, 420, 2086, 3262, -42354, 5585]
[R Sat Oct 14 11:01:36 2023] [1, 2, -42, 14, 1680, 9674, 8778, -18338, 7781]
[R Sat Oct 14 11:11:20 2023] [1, 2, 0, 0, 0, 18284, 36568, 26120, 6530]
[R Sat Oct 14 11:12:05 2023] [1, 2, -42, 154, -280, 5558, 10346, -21746, 8357]
[R Sat Oct 14 11:21:30 2023] [1, 2, -14, -70, -560, -1834, -2618, -28194, 5765]
[R Sat Oct 14 11:22:20 2023] [1, 2, -14, -350, -1120, -12838, 18634, -16918, 7205]
[R Sat Oct 14 11:24:33 2023] [1, 2, -42, -126, 700, 5978, 16926, 20314, 8897]
[R Sat Oct 14 11:29:02 2023] [1, 2, -14, -70, -140, -20566, 40978, -29166, 6845]
[R Sat Oct 14 11:30:20 2023] [1, 2, 0, 0, 0, 20804, 41608, 29720, 7430]
[R Sat Oct 14 11:30:30 2023] [1, 2, 0, 0, 0, 18788, 37576, 26840, 6710]
[R Sat Oct 14 11:31:53 2023] [1, 2, -14, 210, 840, -10654, 19362, -17694, 7025]
[R Sat Oct 14 11:34:35 2023] [1, 2, 0, 0, 0, 21308, 42616, 30440, 7610]
[R Sat Oct 14 11:37:04 2023] [1, 2, 0, 0, 0, 20300, 40600, 29000, 7250]
[R Sat Oct 14 11:37:04 2023] [1, 2, 0, 0, 0, 12992, -6496, -11600, 7250]
[R Sat Oct 14 11:39:00 2023] [1, 2, 0, 0, 0, 21812, 43624, 31160, 7790]
[R Sat Oct 14 11:44:18 2023] [1, 2, -14, -70, -140, -154, -98, -2994, 7025]
[R Sat Oct 14 11:46:36 2023] [1, 2, -42, 154, 140, -1386, 2338, 12702, 9941]
[R Sat Oct 14 11:46:57 2023] [1, 2, -14, -70, 280, 1526, 2422, -25314, 7745]
[R Sat Oct 14 11:47:11 2023] [1, 2, -14, -70, -420, -1274, -1778, -14994, 7385]
[R Sat Oct 14 11:47:57 2023] [1, 2, -14, -350, 280, 17654, 47418, 29954, 8465]
[R Sat Oct 14 11:54:46 2023] [1, 2, -70, -350, 980, 6482, -4466, -37590, 9905]
[R Sat Oct 14 11:56:34 2023] [1, 2, -14, 210, 840, -11662, 22386, -21582, 8825]
[R Sat Oct 14 11:57:08 2023] [1, 2, -14, -350, -1120, -13846, 21658, -20806, 9005]
[R Sat Oct 14 11:57:43 2023] [1, 2, -70, -406, 140, 3430, -1050, -15250, 10625]
[R Sat Oct 14 12:00:35 2023] [1, 2, -14, -70, 0, 406, 742, -5634, 8465]
[R Sat Oct 14 12:09:25 2023] [1, 2, -14, -70, 420, 2086, 3262, -43794, 9005]
[R Sat Oct 14 12:10:36 2023] [1, 2, -14, -70, -140, -2422, 8386, -13662, 8285]
[R Sat Oct 14 12:10:45 2023] [1, 2, -14, -70, -140, -4998, 14434, -18718, 8645]
[R Sat Oct 14 12:12:33 2023] [1, 2, -42, 154, -280, 5222, 21994, 28046, 11453]
[R Sat Oct 14 12:12:56 2023] [1, 2, -14, 210, 840, -12166, 23898, -23526, 9725]
[R Sat Oct 14 12:13:21 2023] [1, 2, -70, 14, 1820, -13874, 31962, 5630, 11309]
[R Sat Oct 14 12:16:01 2023] [1, 2, -14, -70, -560, -1834, -2618, -29634, 9185]
[R Sat Oct 14 12:17:18 2023] [1, 2, -14, -350, -1120, -14350, 23170, -22750, 9905]
[R Sat Oct 14 12:26:18 2023] [1, 2, -42, 154, 420, -2506, 4018, 33822, 12281]
[R Sat Oct 14 12:29:43 2023] [1, 2, -14, -70, -140, -5502, 15946, -20662, 9545]
[R Sat Oct 14 12:32:27 2023] [1, 2, -14, -70, -140, -154, -98, -4434, 10445]
[R Sat Oct 14 12:32:27 2023] [1, 2, -14, -70, -140, -6006, 17458, -22606, 10445]
[R Sat Oct 14 12:41:12 2023] [1, 2, -14, 210, 840, -13174, 26922, -27414, 11525]
[R Sat Oct 14 12:41:19 2023] [1, 2, -14, -350, -1120, -15358, 26194, -26638, 11705]
[R Sat Oct 14 12:43:55 2023] [1, 2, -42, 154, -700, 1974, -2702, 17022, 13541]
[R Sat Oct 14 12:44:01 2023] [1, 2, -14, -70, -140, -6510, 18970, -24550, 11345]
[R Sat Oct 14 12:45:58 2023] [1, 2, -14, -70, -420, -1274, -1778, -16434, 10805]
[R Sat Oct 14 12:50:00 2023] [1, 2, -14, -70, 280, 1526, 2422, -26754, 11165]
[R Sat Oct 14 12:51:13 2023] [1, 2, -14, -70, 0, 406, 742, -7074, 11885]
[R Sat Oct 14 12:52:25 2023] [1, 2, -70, 154, 980, -5586, 13818, -19830, 14261]
[R Sat Oct 14 12:55:12 2023] [1, 2, -42, 154, -840, 2534, -3542, 27342, 14441]
[R Sat Oct 14 12:57:10 2023] [1, 2, -14, 210, 840, -13678, 28434, -29358, 12425]
[R Sat Oct 14 13:00:46 2023] [1, 2, -14, -70, -560, -1834, -2618, -31074, 12605]
[R Sat Oct 14 13:00:52 2023] [1, 2, 56, 252, 1260, 4116, 14812, 47496, 14702]
[R Sat Oct 14 13:01:06 2023] [1, 2, -14, -70, 420, 2086, 3262, -45234, 12425]
[R Sat Oct 14 13:07:59 2023] [1, 2, -14, -210, -1680, 4410, 37310, 11350, 13145]
[R Sat Oct 14 13:08:41 2023] [1, 2, -14, -70, -140, -7518, 21994, -28438, 13145]
[R Sat Oct 14 13:08:41 2023] [1, 2, -14, -70, -840, -2814, -1078, -1474, 13145]
[R Sat Oct 14 13:12:31 2023] [1, 2, -70, -266, 1400, 5362, -13566, -16590, 15953]
[R Sat Oct 14 13:13:33 2023] [1, 2, -14, -70, -140, -154, -98, -5874, 13865]
[R Sat Oct 14 13:14:09 2023] [1, 2, -14, 210, 840, -14686, 31458, -33246, 14225]
[R Sat Oct 14 13:15:56 2023] [1, 2, -14, -70, -140, -2422, 10066, -19182, 14045]
[R Sat Oct 14 13:16:33 2023] [1, 2, -14, -70, -420, -1274, -1778, -17874, 14225]
[R Sat Oct 14 13:28:25 2023] [1, 2, -14, -70, 280, 1526, 2422, -28194, 14585]
[R Sat Oct 14 13:31:44 2023] [1, 2, -14, 210, 840, -15694, 34482, -37134, 16025]
[R Sat Oct 14 13:33:29 2023] [1, 2, -14, -70, -560, -1834, -2618, -32514, 16025]
[R Sat Oct 14 13:36:37 2023] [1, 2, 0, 140, 0, 2352, 4564, 15800, 15710]
[R Sat Oct 14 13:39:13 2023] [1, 2, -14, -70, 420, 2086, 3262, -46674, 15845]
[R Sat Oct 14 13:39:13 2023] [1, 2, -14, -70, -140, -9030, 26530, -34270, 15845]
[R Sat Oct 14 13:39:16 2023] [1, 2, -42, 154, 420, -2506, 4018, 35262, 18941]
[R Sat Oct 14 13:40:41 2023] [1, 2, -14, -70, -140, -2422, -5054, 7458, 16925]
[R Sat Oct 14 13:46:23 2023] [1, 2, -42, 154, 0, -826, 1498, 8622, 19841]
[R Sat Oct 14 13:47:01 2023] [1, 2, -14, 210, 840, -16702, 37506, -41022, 17825]
[R Sat Oct 14 13:47:49 2023] [1, 2, -14, -70, -140, -10038, 29554, -38158, 17645]
[R Sat Oct 14 13:47:49 2023] [1, 2, -14, -70, -420, -1274, -1778, -19314, 17645]
[R Sat Oct 14 13:50:31 2023] [1, 2, -14, -70, 280, 1526, 2422, -29634, 18005]
[R Sat Oct 14 13:51:37 2023] [1, 2, -42, 154, -420, 854, -1022, 6462, 20561]
[R Sat Oct 14 13:54:28 2023] [1, 2, -14, 182, 700, -3682, -15414, -6502, 20561]
[R Sat Oct 14 13:55:49 2023] [1, 2, -14, 210, 840, -17206, 39018, -42966, 18725]
[R Sat Oct 14 13:56:34 2023] [1, 2, -14, -70, 0, 406, 742, -9954, 18725]
[R Sat Oct 14 14:00:21 2023] [1, 2, -42, 154, -280, 294, -182, 4782, 21821]
[R Sat Oct 14 14:00:36 2023] [1, 2, -14, -70, -140, -11046, 32578, -42046, 19445]
[R Sat Oct 14 14:00:36 2023] [1, 2, -14, -70, -560, -1834, -2618, -33954, 19445]
[R Sat Oct 14 14:04:27 2023] [1, 2, -14, -70, -140, -5642, 20286, -32562, 19625]
[R Sat Oct 14 14:08:13 2023] [1, 2, -14, -70, -140, -154, -98, -8754, 20705]
[R Sat Oct 14 14:11:40 2023] [1, 2, -14, -70, -420, -1274, -1778, -20754, 21065]
[R Sat Oct 14 14:12:19 2023] [1, 2, -42, 154, -140, -266, 658, 5982, 23801]
[R Sat Oct 14 14:13:28 2023] [1, 2, -42, -126, 700, 10514, 38598, 51922, 23981]
[R Sat Oct 14 14:14:01 2023] [1, 2, -14, -70, -140, -12054, 35602, -45934, 21245]
[R Sat Oct 14 14:20:24 2023] [1, 2, -14, -70, -560, -1834, -2618, -35394, 22865]
[R Sat Oct 14 14:21:16 2023] [1, 2, -14, -70, 0, 406, 742, -11394, 22145]
[R Sat Oct 14 14:21:42 2023] [1, 2, -42, 154, 420, -2506, 4018, 36702, 25601]
[R Sat Oct 14 14:25:40 2023] [1, 2, -14, -70, -140, -154, -98, -10194, 24125]
[R Sat Oct 14 14:25:56 2023] [1, 2, -42, 154, 0, -826, 1498, 10062, 26501]
[R Sat Oct 14 14:27:58 2023] [1, 2, -14, -70, -420, -1274, -1778, -22194, 24485]
[R Sat Oct 14 14:29:50 2023] [1, 2, -14, -70, 280, 1526, 2422, -32514, 24845]
[R Sat Oct 14 14:32:58 2023] [1, 2, -14, -70, 0, 406, 742, -12834, 25565]
[R Sat Oct 14 14:33:13 2023] [1, 2, -42, -126, 1540, 1106, -20538, 18178, 28229]
[R Sat Oct 14 14:33:42 2023] [1, 2, 0, -196, 280, -4312, -2464, 24620, 27302]
[R Sat Oct 14 14:37:50 2023] [1, 2, -14, -70, -560, -1834, -2618, -36834, 26285]
[R Sat Oct 14 14:40:00 2023] [1, 2, -42, 154, 140, -1386, 2338, 17022, 29921]
[R Sat Oct 14 14:40:09 2023] [1, 2, -42, -126, -280, 994, 18018, 33262, 29921]
[R Sat Oct 14 14:40:23 2023] [1, 2, 0, 140, -840, 3108, -7784, 30720, 26510]
[R Sat Oct 14 14:42:03 2023] [1, 2, -42, 154, -140, -266, 658, 7422, 30461]
[R Sat Oct 14 14:47:49 2023] [1, 2, -42, 154, 420, -2506, 4018, 38142, 32261]
[R Sat Oct 14 14:50:21 2023] [1, 2, -14, -70, -560, -1834, -2618, -38274, 29705]
[R Sat Oct 14 14:50:25 2023] [1, 2, -42, 154, 0, -826, 1498, 11502, 33161]
[R Sat Oct 14 14:53:36 2023] [1, 2, -14, -70, 280, 1526, 2422, -35394, 31685]
[R Sat Oct 14 14:53:43 2023] [1, 2, -14, -70, -420, -1274, -1778, -25074, 31325]
[R Sat Oct 14 14:55:03 2023] [1, 2, -14, -70, -140, -154, -98, -13074, 30965]
[R Sat Oct 14 14:56:57 2023] [1, 2, -14, -70, -560, -1834, -2618, -39714, 33125]
[R Sat Oct 14 14:59:23 2023] [1, 2, -42, 154, 140, -1386, 2338, 18462, 36581]
[R Sat Oct 14 15:00:37 2023] [1, 2, -14, -70, -140, -154, -98, -14514, 34385]
[R Sat Oct 14 15:02:30 2023] [1, 2, 56, 392, 1680, 10192, 36204, 58192, 37634]
[R Sat Oct 14 15:03:15 2023] [1, 2, -14, -70, 280, 1526, 2422, -36834, 35105]
[R Sat Oct 14 15:03:22 2023] [1, 2, -14, -70, -420, -1274, -1778, -26514, 34745]
[R Sat Oct 14 15:03:32 2023] [1, 2, -14, -70, 0, 406, 742, -17154, 35825]
[R Sat Oct 14 15:04:32 2023] [1, 2, -42, 154, 420, -2506, 4018, 39582, 38921]
[R Sat Oct 14 15:07:37 2023] [1, 2, -14, -70, -140, -154, -98, -15954, 37805]
[R Sat Oct 14 15:08:21 2023] [1, 2, -14, -70, -420, -1274, -1778, -27954, 38165]
[R Sat Oct 14 15:10:02 2023] [1, 2, -14, -70, 280, 1526, 2422, -38274, 38525]
[R Sat Oct 14 15:11:34 2023] [1, 2, -14, -70, -560, -1834, -2618, -42594, 39965]
[R Sat Oct 14 15:14:08 2023] [1, 2, -14, -70, -420, -1274, -1778, -29394, 41585]
[R Sat Oct 14 15:14:18 2023] [1, 2, -42, 154, 560, -3066, 4858, 55182, 44501]
[R Sat Oct 14 15:14:47 2023] [1, 2, -14, -70, 280, 1526, 2422, -39714, 41945]
[R Sat Oct 14 15:15:48 2023] [1, 2, -42, 154, 420, -2506, 4018, 41022, 45581]
[R Sat Oct 14 15:16:26 2023] [1, 2, -14, -70, 0, 406, 742, -20034, 42665]
[R Sat Oct 14 15:16:50 2023] [1, 2, -14, -70, -560, -1834, -2618, -44034, 43385]
[R Sat Oct 14 15:18:16 2023] [1, 2, -14, -70, -140, -154, -98, -18834, 44645]
[R Sat Oct 14 15:19:32 2023] [1, 2, -14, 210, -420, 1078, -714, -3962, 45185]
[R Sat Oct 14 15:20:55 2023] [1, 2, -14, -70, -560, -1834, -2618, -45474, 46805]
[R Sat Oct 14 15:21:01 2023] [1, 2, -14, -70, 0, 406, 742, -21474, 46085]
[R Sat Oct 14 15:22:12 2023] [1, 2, -14, -70, -420, -1274, -1778, -32274, 48425]
[R Sat Oct 14 15:23:24 2023] [1, 2, -14, -70, 0, 406, 742, -22914, 49505]
[R Sat Oct 14 15:24:11 2023] [1, 2, 0, 0, 0, 700, 6160, 31600, 49550]
[R Sat Oct 14 15:25:20 2023] [1, 2, -14, -70, -420, -1274, -1778, -33714, 51845]
[R Sat Oct 14 15:25:31 2023] [1, 2, -14, -70, 280, 1526, 2422, -44034, 52205]
[R Sat Oct 14 15:25:54 2023] [1, 2, -14, -70, 0, 406, 742, -24354, 52925]
[R Sat Oct 14 15:27:04 2023] [1, 2, -14, -70, -560, -1834, -2618, -48354, 53645]
[R Sat Oct 14 15:27:20 2023] [1, 2, -42, 14, 980, -1022, -8694, 37034, 58577]
[R Sat Oct 14 15:27:34 2023] [1, 2, -14, -70, 280, 1526, 2422, -45474, 55625]
[R Sat Oct 14 15:27:49 2023] [1, 2, -14, -70, -420, -1274, -1778, -35154, 55265]
[R Sat Oct 14 15:27:51 2023] [1, 2, -14, -70, -140, -154, -98, -23154, 54905]
[R Sat Oct 14 15:28:02 2023] [1, 2, -14, -70, 0, 406, 742, -25794, 56345]
[R Sat Oct 14 15:28:02 2023] [1, 2, -14, -70, -140, -350, 4410, -31590, 56345]
[R Sat Oct 14 15:28:30 2023] [1, 2, -14, -70, -560, -1834, -2618, -49794, 57065]
[R Sat Oct 14 15:29:01 2023] [1, 2, -14, -70, -140, -2282, 16926, -50802, 58325]
[R Sat Oct 14 15:29:27 2023] [1, 2, -14, 210, -140, -2674, 13202, 61906, 59405]
[R Sat Oct 14 15:29:51 2023] [1, 2, -14, -70, 0, 406, 742, -27234, 59765]
[R Sat Oct 14 15:30:04 2023] [1, 2, -14, -70, -420, -1274, -1778, -36594, 58685]
[R Sat Oct 14 15:30:11 2023] [1, 2, -14, -70, -560, -1834, -2618, -51234, 60485]
[R Sat Oct 14 15:30:45 2023] [1, 2, -14, -70, -140, -154, -98, -26034, 61745]
[R Sat Oct 14 15:30:53 2023] [1, 2, -14, -70, -420, -1274, -1778, -38034, 62105]
[R Sat Oct 14 15:31:25 2023] [1, 2, 0, 224, 700, 3080, 14700, 11200, 67550]
[R Sat Oct 14 15:31:27 2023] [1, 2, -14, -70, -560, -1834, -2618, -52674, 63905]
[R Sat Oct 14 15:31:30 2023] [1, 2, -14, -70, 280, 1526, 2422, -48354, 62465]
[R Sat Oct 14 15:31:39 2023] [1, 2, -14, -70, -140, -3542, -14574, 7698, 64445]
[R Sat Oct 14 15:31:54 2023] [1, 2, -14, -70, -140, -154, -98, -27474, 65165]
[R Sat Oct 14 15:31:57 2023] [1, 2, -14, -70, -420, -1274, -1778, -39474, 65525]
[R Sat Oct 14 15:32:10 2023] [1, 2, -14, -70, 280, 1526, 2422, -49794, 65885]
[R Sat Oct 14 15:32:30 2023] [1, 2, -14, -70, -560, -1834, -2618, -54114, 67325]
[R Sat Oct 14 15:32:43 2023] [1, 2, -14, -70, 0, 406, 742, -30114, 66605]
[R Sat Oct 14 15:33:01 2023] [1, 2, -14, -70, -140, -154, -98, -28914, 68585]
[R Sat Oct 14 15:33:03 2023] [1, 2, -14, -70, -420, -1274, -1778, -40914, 68945]
[R Sat Oct 14 15:33:29 2023] [1, 2, -14, -70, -560, -1834, -2618, -55554, 70745]
[R Sat Oct 14 15:33:33 2023] [1, 2, -14, -70, 0, 406, 742, -31554, 70025]
[R Sat Oct 14 15:33:47 2023] [1, 2, -14, -70, -140, -154, -98, -30354, 72005]
[R Sat Oct 14 15:33:51 2023] [1, 2, -14, -70, -420, -1274, -1778, -42354, 72365]
[R Sat Oct 14 15:33:53 2023] [1, 2, -14, -70, 280, 1526, 2422, -52674, 72725]
[R Sat Oct 14 15:34:05 2023] [1, 2, -14, -70, 0, 406, 742, -32994, 73445]
[R Sat Oct 14 15:34:22 2023] [1, 2, -14, -70, -560, -1834, -2618, -56994, 74165]
[R Sat Oct 14 15:34:31 2023] [1, 2, -14, -70, -420, -1274, -1778, -43794, 75785]
[R Sat Oct 14 15:34:35 2023] [1, 2, -14, -70, 280, 1526, 2422, -54114, 76145]
[R Sat Oct 14 15:34:42 2023] [1, 2, -14, -70, 0, 406, 742, -34434, 76865]
[R Sat Oct 14 15:35:05 2023] [1, 2, -14, -70, -420, -1274, -1778, -45234, 79205]
[R Sat Oct 14 15:35:08 2023] [1, 2, -14, -70, 0, 406, 742, -35874, 80285]
[R Sat Oct 14 15:35:09 2023] [1, 2, -14, -70, -140, -154, -98, -33234, 78845]
[R Sat Oct 14 15:35:20 2023] [1, 2, -14, -70, -140, -154, -98, -34674, 82265]
[R Sat Oct 14 15:35:29 2023] [1, 2, -14, -70, -420, -1274, -1778, -46674, 82625]
[R Sat Oct 14 15:35:30 2023] [1, 2, -14, -70, 0, 406, 742, -37314, 83705]
[R Sat Oct 14 15:35:42 2023] [1, 2, -14, -70, -420, -1274, -1778, -48114, 86045]
[R Sat Oct 14 15:35:57 2023] [1, 2, -14, -70, -140, -2926, -16422, -166, 87665]
[R Sat Oct 14 15:36:04 2023] [1, 2, -14, -70, 0, 406, 742, -40194, 90545]
[R Sat Oct 14 15:36:06 2023] [1, 2, -14, -70, -140, -154, -98, -38994, 92525]
[R Sat Oct 14 15:36:16 2023] [1, 2, -14, -70, -140, -154, -98, -40434, 95945]
[R Sat Oct 14 15:36:17 2023] [1, 2, -14, -70, 0, 406, 742, -41634, 93965]
Total elapsed time: 73815145450us
Server			Amount			Total Time (us)		Fastest Time (us)	Slowest Time (us)	Approx Avg Time (us)
Idle:           217912016       73495022146         0                   35408161            337             
Generate:       108954868       6672266             0                   5056                0               

Workers			Amount			Total Time (us)		Fastest Time (us)	Slowest Time (us)	Approx Avg Time (us)
Workers:        511             37717083713796      73810057954         73814605929         73810339948     
Read input:     511             6028653431          11283054            11913697            11797756        
Idle:           108955379       20158389802         1                   5715806             185             
Work units:     108954868       37694198012423      1                   18289187380         345961          
Init:           108954868       2952484806          0                   148179              27              
Generate:       28716960757854  12980619887572      0                   3414134             0               
Last coeff.:    1713157751308   7412900661309       0                   42046               4               
Disc. eval.:    29772202242509  1359802070645       0                   49007               0               
Lagrange:       109203532       262830168           0                   13042               2               
Send results:   704             44855               6                   172                 63              
Disc. sq. test: 28716960757854  11165738867         0                   62993               0               
Saved:          747             4538                1                   25                  6               
