[I Sun Oct  8 17:32:02 2023] Program launch: 512 workers
[A Sun Oct  8 17:32:02 2023] ./bin/enum-stats -coeffs -2 -divisors 2,14,14,140,14,14,2,1 -discriminant -210827008000000 -input data/257/p2e14mod4_2ds1.txt,data/257/p5e6mod25_s1eq2.txt,data/257/p7e7mod49_s1eq2.txt,data/257/p3e0mod9_s1eq2_a8eq4.txt -output data/output/257/output1467_s1eq2_a8eq4m9.txt -tree data/257/treea8.txt -locked 3 -filter 11 
[R Sun Oct  8 17:32:55 2023] [1, 2, -14, -70, 420, 2086, 3262, 11726, -122855]
[R Sun Oct  8 17:33:04 2023] [1, 2, -14, -70, 420, 2086, 3262, 10286, -119435]
[R Sun Oct  8 17:33:11 2023] [1, 2, -14, -70, 420, 2086, 3262, 8846, -116015]
[R Sun Oct  8 17:33:18 2023] [1, 2, -14, -70, 420, 2086, 3262, 7406, -112595]
[R Sun Oct  8 17:33:24 2023] [1, 2, -14, -70, -700, -2394, -3458, 1166, -109535]
[R Sun Oct  8 17:33:26 2023] [1, 2, -14, -70, 420, 2086, 3262, 5966, -109175]
[R Sun Oct  8 17:33:29 2023] [1, 2, -14, -70, 560, 2646, 4102, -18274, -106835]
[R Sun Oct  8 17:33:32 2023] [1, 2, -14, -70, 420, 2086, 3262, 4526, -105755]
[R Sun Oct  8 17:33:37 2023] [1, 2, -14, -70, 140, 966, 1582, 34286, -103775]
[R Sun Oct  8 17:33:39 2023] [1, 2, -14, -70, -700, -2394, -3458, -1714, -102695]
[R Sun Oct  8 17:33:40 2023] [1, 2, -14, -70, 420, 2086, 3262, 3086, -102335]
[R Sun Oct  8 17:33:44 2023] [1, 2, -14, -70, -420, -1274, -1778, 30446, -100535]
[R Sun Oct  8 17:33:48 2023] [1, 2, -14, -70, 560, 2646, 4102, -21154, -99995]
[R Sun Oct  8 17:33:48 2023] [1, 2, -14, -70, 140, 966, 1582, 32846, -100355]
[R Sun Oct  8 17:33:49 2023] [1, 2, -14, -70, -700, -2394, -3458, -3154, -99275]
[R Sun Oct  8 17:33:50 2023] [1, 2, -14, -70, 420, 2086, 3262, 1646, -98915]
[R Sun Oct  8 17:33:55 2023] [1, 2, -14, -70, -420, -1274, -1778, 29006, -97115]
[R Sun Oct  8 17:33:59 2023] [1, 2, -14, -70, 0, 406, 742, 38366, -96035]
[R Sun Oct  8 17:34:00 2023] [1, 2, -14, -70, 560, 2646, 4102, -22594, -96575]
[R Sun Oct  8 17:34:05 2023] [1, 2, -14, -70, -280, -714, -938, 36446, -94415]
[R Sun Oct  8 17:34:09 2023] [1, 2, -14, -70, 140, 966, 1582, 29966, -93515]
[R Sun Oct  8 17:34:11 2023] [1, 2, -14, -70, 560, 2646, 4102, -24034, -93155]
[R Sun Oct  8 17:34:11 2023] [1, 2, -14, -70, -420, -1274, -1778, 27566, -93695]
[R Sun Oct  8 17:34:12 2023] [1, 2, -14, -70, -140, -154, -98, 39566, -94055]
[R Sun Oct  8 17:34:13 2023] [1, 2, -14, -70, 0, 406, 742, 36926, -92615]
[R Sun Oct  8 17:34:17 2023] [1, 2, -14, -70, -700, -2394, -3458, -6034, -92435]
[R Sun Oct  8 17:34:21 2023] [1, 2, -14, -70, -280, -714, -938, 35006, -90995]
[R Sun Oct  8 17:34:25 2023] [1, 2, -14, -70, 140, 966, 1582, 28526, -90095]
[R Sun Oct  8 17:34:27 2023] [1, 2, -14, -70, 560, 2646, 4102, -25474, -89735]
[R Sun Oct  8 17:34:29 2023] [1, 2, -14, -70, -420, -1274, -1778, 26126, -90275]
[R Sun Oct  8 17:34:29 2023] [1, 2, -14, -70, 0, 406, 742, 35486, -89195]
[R Sun Oct  8 17:34:32 2023] [1, 2, -14, -70, -840, -2954, -4298, -32194, -88475]
[R Sun Oct  8 17:34:36 2023] [1, 2, -14, -70, 420, 2086, 3262, -2674, -88655]
[R Sun Oct  8 17:34:37 2023] [1, 2, -14, -70, -280, -714, -938, 33566, -87575]
[R Sun Oct  8 17:34:37 2023] [1, 2, -14, -70, -700, -2394, -3458, -7474, -89015]
[R Sun Oct  8 17:34:40 2023] [1, 2, -14, -70, -140, -154, -98, 36686, -87215]
[R Sun Oct  8 17:34:42 2023] [1, 2, -14, -70, -420, -1274, -1778, 24686, -86855]
[R Sun Oct  8 17:34:50 2023] [1, 2, -14, -70, -700, -2394, -3458, -8914, -85595]
[R Sun Oct  8 17:34:54 2023] [1, 2, -14, -70, -840, -2954, -4298, -33634, -85055]
[R Sun Oct  8 17:35:00 2023] [1, 2, -14, -70, -280, -714, -938, 32126, -84155]
[R Sun Oct  8 17:35:00 2023] [1, 2, -14, -70, 420, 2086, 3262, -4114, -85235]
[R Sun Oct  8 17:35:02 2023] [1, 2, -14, -70, -140, -154, -98, 35246, -83795]
[R Sun Oct  8 17:35:06 2023] [1, 2, -14, -70, 140, 966, 1582, 25646, -83255]
[R Sun Oct  8 17:35:06 2023] [1, 2, -14, -70, -140, 3878, 18046, -8242, -83075]
[R Sun Oct  8 17:35:07 2023] [1, 2, -14, -70, -420, -1274, -1778, 23246, -83435]
[R Sun Oct  8 17:35:08 2023] [1, 2, -14, -70, 560, 2646, 4102, -28354, -82895]
[R Sun Oct  8 17:35:17 2023] [1, 2, -14, -70, 420, 2086, 3262, -5554, -81815]
[R Sun Oct  8 17:35:18 2023] [1, 2, -14, -70, 0, 406, 742, 32606, -82355]
[R Sun Oct  8 17:35:29 2023] [1, 2, -14, -70, -280, -714, -938, 30686, -80735]
[R Sun Oct  8 17:35:30 2023] [1, 2, -14, -70, -140, -154, -98, 33806, -80375]
[R Sun Oct  8 17:35:32 2023] [1, 2, -14, -70, -140, 2870, 16030, -2770, -81455]
[R Sun Oct  8 17:35:36 2023] [1, 2, -14, -70, -420, -1274, -1778, 21806, -80015]
[R Sun Oct  8 17:35:39 2023] [1, 2, -14, -70, -140, 98, 5306, 22938, -79655]
[R Sun Oct  8 17:35:41 2023] [1, 2, -14, -70, 560, 2646, 4102, -29794, -79475]
[R Sun Oct  8 17:35:43 2023] [1, 2, -14, -70, 140, 966, 1582, 24206, -79835]
[R Sun Oct  8 17:35:47 2023] [1, 2, -14, -70, -700, -2394, -3458, -11794, -78755]
[R Sun Oct  8 17:35:51 2023] [1, 2, -14, -70, 420, 2086, 3262, -6994, -78395]
[R Sun Oct  8 17:35:52 2023] [1, 2, -14, -70, -840, -2954, -4298, -36514, -78215]
[R Sun Oct  8 17:35:57 2023] [1, 2, -14, -70, 0, 406, 742, 31166, -78935]
[R Sun Oct  8 17:36:07 2023] [1, 2, -14, -70, -140, -154, -98, 32366, -76955]
[R Sun Oct  8 17:36:08 2023] [1, 2, -14, -70, -280, -714, -938, 29246, -77315]
[R Sun Oct  8 17:36:08 2023] [1, 2, -42, -126, 420, 490, -15890, -61510, -72095]
[R Sun Oct  8 17:36:11 2023] [1, 2, -14, -70, -420, -1274, -1778, 20366, -76595]
[R Sun Oct  8 17:36:12 2023] [1, 2, -14, 42, -140, -3290, -1610, 9950, -72815]
[R Sun Oct  8 17:36:15 2023] [1, 2, -14, -70, -140, -42, 3486, 25038, -75875]
[R Sun Oct  8 17:36:24 2023] [1, 2, -14, -70, 560, 2646, 4102, -31234, -76055]
[R Sun Oct  8 17:36:25 2023] [1, 2, -14, -70, -700, -2394, -3458, -13234, -75335]
[R Sun Oct  8 17:36:25 2023] [1, 2, -14, -70, 420, 2086, 3262, -8434, -74975]
[R Sun Oct  8 17:36:26 2023] [1, 2, -14, -70, 0, 406, 742, 29726, -75515]
[R Sun Oct  8 17:36:26 2023] [1, 2, -14, -70, 140, 966, 1582, 22766, -76415]
[R Sun Oct  8 17:36:38 2023] [1, 2, -14, -70, -840, -2954, -4298, -37954, -74795]
[R Sun Oct  8 17:36:48 2023] [1, 2, -14, -70, -420, -1274, -1778, 18926, -73175]
[R Sun Oct  8 17:36:57 2023] [1, 2, -14, -70, -280, -714, -938, 27806, -73895]
[R Sun Oct  8 17:37:06 2023] [1, 2, -14, -70, 0, 406, 742, 28286, -72095]
[R Sun Oct  8 17:37:08 2023] [1, 2, -14, -70, -700, -2394, -3458, -14674, -71915]
[R Sun Oct  8 17:37:11 2023] [1, 2, -14, -70, -140, 2114, 13258, 74, -71735]
[R Sun Oct  8 17:37:14 2023] [1, 2, -14, -70, 560, 2646, 4102, -32674, -72635]
[R Sun Oct  8 17:37:18 2023] [1, 2, -14, -70, 420, 2086, 3262, -9874, -71555]
[R Sun Oct  8 17:37:25 2023] [1, 2, -14, -70, -280, -714, -938, 26366, -70475]
[R Sun Oct  8 17:37:27 2023] [1, 2, -14, -70, -840, -2954, -4298, -39394, -71375]
[R Sun Oct  8 17:37:43 2023] [1, 2, -14, -70, 140, 966, 1582, 19886, -69575]
[R Sun Oct  8 17:37:49 2023] [1, 2, -14, -70, -420, -1274, -1778, 17486, -69755]
[R Sun Oct  8 17:37:49 2023] [1, 2, -14, -70, 560, 2646, 4102, -34114, -69215]
[R Sun Oct  8 17:37:52 2023] [1, 2, -14, -70, -140, -154, -98, 29486, -70115]
[R Sun Oct  8 17:37:54 2023] [1, 2, -14, -70, 0, 406, 742, 26846, -68675]
[R Sun Oct  8 17:38:07 2023] [1, 2, -14, -70, 420, 2086, 3262, -11314, -68135]
[R Sun Oct  8 17:38:10 2023] [1, 2, -14, -70, -700, -2394, -3458, -16114, -68495]
[R Sun Oct  8 17:38:27 2023] [1, 2, -14, -70, -280, -714, -938, 24926, -67055]
[R Sun Oct  8 17:38:30 2023] [1, 2, -42, -126, 420, 994, -12362, -52078, -63059]
[R Sun Oct  8 17:38:39 2023] [1, 2, -14, -70, -140, -154, -98, 28046, -66695]
[R Sun Oct  8 17:38:56 2023] [1, 2, -14, -70, 560, 2646, 4102, -35554, -65795]
[R Sun Oct  8 17:39:08 2023] [1, 2, -14, -70, -420, -1274, -1778, 16046, -66335]
[R Sun Oct  8 17:39:08 2023] [1, 2, -14, -70, 0, 406, 742, 25406, -65255]
[R Sun Oct  8 17:39:22 2023] [1, 2, -14, -70, -840, -2954, -4298, -42274, -64535]
[R Sun Oct  8 17:39:27 2023] [1, 2, -14, -70, -700, -2394, -3458, -17554, -65075]
[R Sun Oct  8 17:39:31 2023] [1, 2, -14, -70, 420, 2086, 3262, -12754, -64715]
[R Sun Oct  8 17:39:54 2023] [1, 2, -14, -70, -280, -714, -938, 23486, -63635]
[R Sun Oct  8 17:40:02 2023] [1, 2, -14, -70, -420, -1274, -1778, 14606, -62915]
[R Sun Oct  8 17:40:09 2023] [1, 2, -14, -70, 560, 2646, 4102, -36994, -62375]
[R Sun Oct  8 17:40:40 2023] [1, 2, -14, -70, -700, -2394, -3458, -18994, -61655]
[R Sun Oct  8 17:40:46 2023] [1, 2, -14, -70, -840, -2954, -4298, -43714, -61115]
[R Sun Oct  8 17:41:10 2023] [1, 2, -14, -70, -280, -714, -938, 22046, -60215]
[R Sun Oct  8 17:41:11 2023] [1, 2, -14, -70, 420, 2086, 3262, -14194, -61295]
[R Sun Oct  8 17:41:11 2023] [1, 2, -14, -70, -140, 1610, 4690, -20410, -61295]
[R Sun Oct  8 17:41:16 2023] [1, 2, 0, -56, 140, -3892, 9436, 35540, -57398]
[R Sun Oct  8 17:41:35 2023] [1, 2, -14, -70, 140, 966, 1582, 15566, -59315]
[R Sun Oct  8 17:41:45 2023] [1, 2, -14, -70, 560, 2646, 4102, -38434, -58955]
[R Sun Oct  8 17:42:10 2023] [1, 2, -14, -70, 420, 2086, 3262, -15634, -57875]
[R Sun Oct  8 17:42:18 2023] [1, 2, -14, -70, 0, 406, 742, 22526, -58415]
[R Sun Oct  8 17:42:45 2023] [1, 2, 28, 84, -560, -2660, -6020, 3680, -53330]
[R Sun Oct  8 17:42:52 2023] [1, 2, -14, -70, -280, -714, -938, 20606, -56795]
[R Sun Oct  8 17:43:05 2023] [1, 2, -14, -70, -140, -154, -98, 23726, -56435]
[R Sun Oct  8 17:43:08 2023] [1, 2, -14, -70, -420, -1274, -1778, 11726, -56075]
[R Sun Oct  8 17:43:11 2023] [1, 2, -42, 154, 560, -3066, 4858, 34222, -52439]
[R Sun Oct  8 17:43:41 2023] [1, 2, -14, -70, 140, 966, 1582, 14126, -55895]
[R Sun Oct  8 17:43:42 2023] [1, 2, -14, -70, 560, 2646, 4102, -39874, -55535]
[R Sun Oct  8 17:43:49 2023] [1, 2, -14, 210, 560, -2422, -5334, 39898, -54275]
[R Sun Oct  8 17:44:09 2023] [1, 2, -14, -70, -700, -2394, -3458, -21874, -54815]
[R Sun Oct  8 17:44:20 2023] [1, 2, -14, -70, -840, -2954, -4298, -46594, -54275]
[R Sun Oct  8 17:44:22 2023] [1, 2, -14, -70, 420, 2086, 3262, -17074, -54455]
[R Sun Oct  8 17:44:39 2023] [1, 2, -14, -70, 0, 406, 742, 21086, -54995]
[R Sun Oct  8 17:45:15 2023] [1, 2, -14, -70, -280, -714, -938, 19166, -53375]
[R Sun Oct  8 17:45:20 2023] [1, 2, -14, -70, -140, -154, -98, 22286, -53015]
[R Sun Oct  8 17:45:37 2023] [1, 2, -14, -70, -420, -1274, -1778, 10286, -52655]
[R Sun Oct  8 17:46:10 2023] [1, 2, -14, -70, -140, 98, 4186, 13178, -51575]
[R Sun Oct  8 17:46:13 2023] [1, 2, -14, -70, 140, 966, 1582, 12686, -52475]
[R Sun Oct  8 17:46:18 2023] [1, 2, -14, -70, 560, 2646, 4102, -41314, -52115]
[R Sun Oct  8 17:46:30 2023] [1, 2, -14, -70, -700, -2394, -3458, -23314, -51395]
[R Sun Oct  8 17:47:05 2023] [1, 2, 56, -28, 1260, -1232, 9716, -20632, -47354]
[R Sun Oct  8 17:47:19 2023] [1, 2, -14, -70, -840, -2954, -4298, -48034, -50855]
[R Sun Oct  8 17:48:12 2023] [1, 2, -14, -70, -420, -1274, -1778, 8846, -49235]
[R Sun Oct  8 17:48:14 2023] [1, 2, -42, 154, 560, -3066, 4858, 35662, -45779]
[R Sun Oct  8 17:49:01 2023] [1, 2, -42, -126, 420, 2002, -5306, -33214, -44987]
[R Sun Oct  8 17:49:02 2023] [1, 2, 0, -140, -700, 1652, 14084, -14040, -49010]
[R Sun Oct  8 17:49:09 2023] [1, 2, -14, -70, -700, -2394, -3458, -24754, -47975]
[R Sun Oct  8 17:49:10 2023] [1, 2, -14, -70, 0, 406, 742, 18206, -48155]
[R Sun Oct  8 17:49:31 2023] [1, 2, -14, -70, 560, 2646, 4102, -42754, -48695]
[R Sun Oct  8 17:49:41 2023] [1, 2, -14, -70, 420, 2086, 3262, -19954, -47615]
[R Sun Oct  8 17:50:46 2023] [1, 2, -14, -70, -840, -2954, -4298, -49474, -47435]
[R Sun Oct  8 17:51:03 2023] [1, 2, -14, -70, -280, -714, -938, 16286, -46535]
[R Sun Oct  8 17:52:06 2023] [1, 2, -14, -70, -140, -154, -98, 19406, -46175]
[R Sun Oct  8 17:52:10 2023] [1, 2, -14, -70, 560, 2646, 4102, -44194, -45275]
[R Sun Oct  8 17:52:25 2023] [1, 2, 0, -280, -840, 2912, 13384, -15460, -44150]
[R Sun Oct  8 17:53:01 2023] [1, 2, -14, -70, 0, 406, 742, 16766, -44735]
[R Sun Oct  8 17:53:46 2023] [1, 2, -14, -70, 420, 2086, 3262, -21394, -44195]
[R Sun Oct  8 17:53:59 2023] [1, 2, -14, -70, -700, -2394, -3458, -26194, -44555]
[R Sun Oct  8 17:55:29 2023] [1, 2, -14, -70, -140, 9170, 13370, -29190, -43295]
[R Sun Oct  8 17:55:37 2023] [1, 2, -14, -70, -140, -154, -98, 17966, -42755]
[R Sun Oct  8 17:56:16 2023] [1, 2, -14, -70, 140, 966, 1582, 8366, -42215]
[R Sun Oct  8 17:57:17 2023] [1, 2, -14, -70, -420, -1274, -1778, 5966, -42395]
[R Sun Oct  8 17:57:35 2023] [1, 2, -14, -70, 0, 406, 742, 15326, -41315]
[R Sun Oct  8 17:58:32 2023] [1, 2, 0, 0, -420, -2828, -17136, -43120, -42350]
[R Sun Oct  8 17:58:34 2023] [1, 2, -42, 14, 700, -2786, 2898, 13022, -37859]
[R Sun Oct  8 17:58:38 2023] [1, 2, -14, -70, -840, -2954, -4298, -52354, -40595]
[R Sun Oct  8 17:58:48 2023] [1, 2, -14, -70, 420, 2086, 3262, -22834, -40775]
[R Sun Oct  8 17:59:09 2023] [1, 2, -14, -70, -700, -2394, -3458, -27634, -41135]
[R Sun Oct  8 18:00:06 2023] [1, 2, -14, -70, -280, -714, -938, 13406, -39695]
[R Sun Oct  8 18:00:43 2023] [1, 2, -14, -70, -140, -154, -98, 16526, -39335]
[R Sun Oct  8 18:00:53 2023] [1, 2, -42, 154, 280, -1946, 3178, 11662, -36239]
[R Sun Oct  8 18:01:06 2023] [1, 2, 28, 84, -420, -420, -25200, -60200, -36050]
[R Sun Oct  8 18:01:19 2023] [1, 2, -14, -70, -420, -1274, -1778, 4526, -38975]
[R Sun Oct  8 18:03:52 2023] [1, 2, -14, -70, -700, -2394, -3458, -29074, -37715]
[R Sun Oct  8 18:05:48 2023] [1, 2, -42, 154, 140, -1386, 2338, 3262, -33719]
[R Sun Oct  8 18:06:28 2023] [1, 2, -14, -70, 420, 2086, 3262, -24274, -37355]
[R Sun Oct  8 18:06:30 2023] [1, 2, -14, 182, -140, -406, -28322, -47626, -33827]
[R Sun Oct  8 18:06:31 2023] [1, 2, -14, -70, -140, 7658, 11186, -24462, -36275]
[R Sun Oct  8 18:06:31 2023] [1, 2, -14, -70, -280, -714, -938, 11966, -36275]
[R Sun Oct  8 18:08:34 2023] [1, 2, -14, -70, -420, -1274, -1778, 3086, -35555]
[R Sun Oct  8 18:08:35 2023] [1, 2, -42, 154, 560, -3066, 4858, 38542, -32459]
[R Sun Oct  8 18:11:08 2023] [1, 2, -14, -70, -140, 2114, 8218, -6406, -34295]
[R Sun Oct  8 18:11:21 2023] [1, 2, -14, -70, 0, 406, 742, 12446, -34475]
[R Sun Oct  8 18:12:32 2023] [1, 2, -14, -70, 420, 2086, 3262, -25714, -33935]
[R Sun Oct  8 18:12:32 2023] [1, 2, -14, -70, -140, 7154, 10458, -22886, -33935]
[R Sun Oct  8 18:12:37 2023] [1, 2, -14, 182, -280, -434, 8582, 12366, -31163]
[R Sun Oct  8 18:15:56 2023] [1, 2, -14, -70, -140, -154, -98, 13646, -32495]
[R Sun Oct  8 18:15:57 2023] [1, 2, -42, 154, 280, -1946, 3178, 13102, -29579]
[R Sun Oct  8 18:16:52 2023] [1, 2, -14, -70, -420, -1274, -1778, 1646, -32135]
[R Sun Oct  8 18:18:25 2023] [1, 2, -14, -70, -140, 602, -7406, 25202, -32315]
[R Sun Oct  8 18:18:27 2023] [1, 2, -14, -70, -140, 6650, 9730, -21310, -31595]
[R Sun Oct  8 18:18:27 2023] [1, 2, -14, -70, -140, 3122, 6454, 24302, -31595]
[R Sun Oct  8 18:19:12 2023] [1, 2, -14, -70, 140, 966, 1582, 4046, -31955]
[R Sun Oct  8 18:19:12 2023] [1, 2, -14, -70, -140, 294, 4158, 4494, -31955]
[R Sun Oct  8 18:20:12 2023] [1, 2, -14, -70, -700, -2394, -3458, -31954, -30875]
[R Sun Oct  8 18:21:43 2023] [1, 2, -14, -70, 420, 2086, 3262, -27154, -30515]
[R Sun Oct  8 18:22:21 2023] [1, 2, -14, -70, 0, 406, 742, 11006, -31055]
[R Sun Oct  8 18:22:37 2023] [1, 2, -42, -126, 140, 210, -490, -6290, -27455]
[R Sun Oct  8 18:23:47 2023] [1, 2, -14, 42, -700, -1358, -5866, -17238, -28211]
[R Sun Oct  8 18:23:53 2023] [1, 2, -42, 154, 140, -1386, 2338, 4702, -27059]
[R Sun Oct  8 18:24:27 2023] [1, 2, -42, -126, 420, 3010, 1750, -14350, -26915]
[R Sun Oct  8 18:25:40 2023] [1, 2, -14, -70, -140, 6146, 9002, -19734, -29255]
[R Sun Oct  8 18:25:51 2023] [1, 2, -14, -70, -140, -154, -98, 12206, -29075]
[R Sun Oct  8 18:26:26 2023] [1, 2, -14, -70, -280, -714, -938, 9086, -29435]
[R Sun Oct  8 18:28:15 2023] [1, 2, -42, 154, 560, -3066, 4858, 39982, -25799]
[R Sun Oct  8 18:30:46 2023] [1, 2, -14, -70, 140, 966, 1582, 2606, -28535]
[R Sun Oct  8 18:32:07 2023] [1, 2, -14, -70, 0, 406, 742, 9566, -27635]
[R Sun Oct  8 18:32:44 2023] [1, 2, -14, -70, -700, -2394, -3458, -33394, -27455]
[R Sun Oct  8 18:34:05 2023] [1, 2, -14, -70, 420, 2086, 3262, -28594, -27095]
[R Sun Oct  8 18:36:23 2023] [1, 2, -14, -70, -140, 8918, 7966, -25522, -26915]
[R Sun Oct  8 18:36:23 2023] [1, 2, -14, -70, -140, 5642, 8274, -18158, -26915]
[R Sun Oct  8 18:37:25 2023] [1, 2, -14, -98, 1820, -3122, -11774, 37418, -24179]
[R Sun Oct  8 18:40:40 2023] [1, 2, -14, 210, 560, -5446, 10458, 6154, -25835]
[R Sun Oct  8 18:40:41 2023] [1, 2, -42, 154, 280, -1946, 3178, 14542, -22919]
[R Sun Oct  8 18:41:48 2023] [1, 2, -14, -70, -420, -1274, -1778, -1234, -25295]
[R Sun Oct  8 18:42:08 2023] [1, 2, -14, -70, -140, 3234, -16422, 32634, -25655]
[R Sun Oct  8 18:45:35 2023] [1, 2, -42, -126, 1260, 9394, 21658, 7922, -22019]
[R Sun Oct  8 18:46:03 2023] [1, 2, -42, 154, -280, 294, -182, -4658, -21839]
[R Sun Oct  8 18:46:48 2023] [1, 2, -14, -70, 0, 406, 742, 8126, -24215]
[R Sun Oct  8 18:48:39 2023] [1, 2, -14, -70, -140, 13202, -40166, 51482, -23855]
[R Sun Oct  8 18:48:41 2023] [1, 2, -14, -70, -700, -2394, -3458, -34834, -24035]
[R Sun Oct  8 18:49:02 2023] [1, 2, -14, -70, 420, 2086, 3262, -30034, -23675]
[R Sun Oct  8 18:49:28 2023] [1, 2, -42, 14, 420, -4606, -10682, 16562, -21119]
[R Sun Oct  8 18:52:53 2023] [1, 2, 0, 0, 1540, 1232, -4116, 3180, -23810]
[R Sun Oct  8 18:54:00 2023] [1, 2, -42, 154, 140, -1386, 2338, 6142, -20399]
[R Sun Oct  8 18:54:09 2023] [1, 2, -14, -70, -140, 12698, -38654, 49538, -22955]
[R Sun Oct  8 18:56:04 2023] [1, 2, -14, -70, -140, 11046, 5502, -27954, -22595]
[R Sun Oct  8 18:57:28 2023] [1, 2, -42, 154, -140, -266, 658, -3458, -19859]
[R Sun Oct  8 19:00:42 2023] [1, 2, -14, -70, -140, 12194, -37142, 47594, -22055]
[R Sun Oct  8 19:01:49 2023] [1, 2, -14, -70, -140, 4634, 6818, -15006, -22235]
[R Sun Oct  8 19:01:49 2023] [1, 2, -14, -70, -140, -154, -98, 9326, -22235]
[R Sun Oct  8 19:01:56 2023] [1, 2, -14, -70, -420, -1274, -1778, -2674, -21875]
[R Sun Oct  8 19:01:58 2023] [1, 2, -14, -70, 140, 966, 1582, -274, -21695]
[R Sun Oct  8 19:02:00 2023] [1, 2, -42, 154, 560, -3066, 4858, 41422, -19139]
[R Sun Oct  8 19:02:42 2023] [1, 2, -14, -350, -840, -5950, 15890, 3330, -20255]
[R Sun Oct  8 19:03:58 2023] [1, 2, -14, -70, -140, 2114, -11942, 25274, -21335]
[R Sun Oct  8 19:05:14 2023] [1, 2, -14, -70, -140, 11690, -35630, 45650, -21155]
[R Sun Oct  8 19:07:26 2023] [1, 2, -14, -70, 0, 406, 742, 6686, -20795]
[R Sun Oct  8 19:10:50 2023] [1, 2, -14, -70, -140, 6146, 6202, -18214, -20615]
[R Sun Oct  8 19:10:50 2023] [1, 2, -14, -70, -700, -2394, -3458, -36274, -20615]
[R Sun Oct  8 19:11:04 2023] [1, 2, -14, -70, 420, 2086, 3262, -31474, -20255]
[R Sun Oct  8 19:11:04 2023] [1, 2, -14, -70, -140, 2870, 5950, -9970, -20255]
[R Sun Oct  8 19:11:17 2023] [1, 2, -42, -126, 420, 3514, 5278, -4918, -17879]
[R Sun Oct  8 19:13:30 2023] [1, 2, -14, -70, -140, 4130, 6090, -13430, -19895]
[R Sun Oct  8 19:18:13 2023] [1, 2, -14, -70, -280, -714, -938, 4766, -19175]
[R Sun Oct  8 19:21:56 2023] [1, 2, -14, -70, -140, -154, -98, 7886, -18815]
[R Sun Oct  8 19:22:07 2023] [1, 2, -42, 154, -420, 854, -1022, -1538, -16439]
[R Sun Oct  8 19:23:38 2023] [1, 2, -42, 154, 280, -1946, 3178, 15982, -16259]
[R Sun Oct  8 19:25:31 2023] [1, 2, -14, -70, 140, 966, 1582, -1714, -18275]
[R Sun Oct  8 19:26:17 2023] [1, 2, 0, 0, 0, -7700, 15400, 5720, -18590]
[R Sun Oct  8 19:30:01 2023] [1, 2, -14, -70, -420, -1274, -1778, -4114, -18455]
[R Sun Oct  8 19:32:57 2023] [1, 2, -14, -70, 0, 406, 742, 5246, -17375]
[R Sun Oct  8 19:33:21 2023] [1, 2, -42, 154, -280, 294, -182, -3218, -15179]
[R Sun Oct  8 19:33:45 2023] [1, 2, 0, 0, 0, -14000, -42000, -45600, -18050]
[R Sun Oct  8 19:38:49 2023] [1, 2, -42, 154, -280, -518, -5866, -15134, -14567]
[R Sun Oct  8 19:40:32 2023] [1, 2, -14, -70, -140, 9170, -28070, 35930, -16655]
[R Sun Oct  8 19:41:11 2023] [1, 2, -14, -70, -700, -2394, -3458, -37714, -17195]
[R Sun Oct  8 19:41:59 2023] [1, 2, -14, -70, 420, 2086, 3262, -32914, -16835]
[R Sun Oct  8 19:50:22 2023] [1, 2, -14, -70, -140, 1106, 3682, -7594, -15755]
[R Sun Oct  8 19:50:22 2023] [1, 2, -14, -70, -280, -714, -938, 3326, -15755]
[R Sun Oct  8 19:52:52 2023] [1, 2, 0, -336, -2240, 3920, 14280, -10680, -13730]
[R Sun Oct  8 19:54:38 2023] [1, 2, -14, -70, -140, -154, -98, 6446, -15395]
[R Sun Oct  8 19:56:43 2023] [1, 2, -14, -70, -140, 3122, 4634, -10278, -15215]
[R Sun Oct  8 20:00:48 2023] [1, 2, -14, -70, -140, 8162, -25046, 32042, -14855]
[R Sun Oct  8 20:03:22 2023] [1, 2, -42, 154, 560, -3066, 4858, 42862, -12479]
[R Sun Oct  8 20:06:10 2023] [1, 2, 0, 224, -560, 3192, -3976, 13120, -12722]
[R Sun Oct  8 20:13:58 2023] [1, 2, 0, -56, -700, 7056, -21728, 29200, -12146]
[R Sun Oct  8 20:15:44 2023] [1, 2, 70, 154, 1260, 1526, 4522, 3230, -11831]
[R Sun Oct  8 20:23:45 2023] [1, 2, 0, 280, 140, -18788, -53256, -46440, -13010]
[R Sun Oct  8 20:26:22 2023] [1, 2, -14, -70, 420, 2086, 3262, -34354, -13415]
[R Sun Oct  8 20:26:36 2023] [1, 2, 0, 280, 140, -18284, -52248, -45720, -12830]
[R Sun Oct  8 20:28:28 2023] [1, 2, -14, -70, -140, 7154, -22022, 28154, -13055]
[R Sun Oct  8 20:32:35 2023] [1, 2, -14, -70, -140, 2646, -11298, 19086, -12515]
[R Sun Oct  8 20:34:20 2023] [1, 2, -42, 154, -560, 1414, -1862, 4462, -10319]
[R Sun Oct  8 20:35:35 2023] [1, 2, -14, -70, -280, -714, -938, 1886, -12335]
[R Sun Oct  8 20:37:03 2023] [1, 2, 0, 280, 140, -17780, -51240, -45000, -12650]
[R Sun Oct  8 20:37:30 2023] [1, 2, 0, -280, -140, -16772, -49224, -43560, -12290]
[R Sun Oct  8 20:37:32 2023] [1, 2, -42, 154, -700, 1974, -2702, 11902, -10139]
[R Sun Oct  8 20:40:17 2023] [1, 2, 0, 280, 140, -15764, -47208, -42120, -11930]
[R Sun Oct  8 20:41:46 2023] [1, 2, 0, 280, 140, -16268, -48216, -42840, -12110]
[R Sun Oct  8 20:43:07 2023] [1, 2, -42, 154, -420, 854, -1022, -98, -9779]
[R Sun Oct  8 20:44:09 2023] [1, 2, 0, -280, -140, -15764, -47208, -42120, -11930]
[R Sun Oct  8 20:45:56 2023] [1, 2, 0, -280, -140, -16268, -48216, -42840, -12110]
[R Sun Oct  8 20:46:22 2023] [1, 2, -14, -70, -420, -1274, -1778, -6994, -11615]
[R Sun Oct  8 20:49:24 2023] [1, 2, -14, -70, 140, 966, 1582, -4594, -11435]
[R Sun Oct  8 20:49:24 2023] [1, 2, -14, -70, -140, 18746, -6398, -29374, -11435]
[R Sun Oct  8 20:49:24 2023] [1, 2, -14, -70, -140, 602, 2674, -2158, -11435]
[R Sun Oct  8 20:49:39 2023] [1, 2, -14, -70, -140, 6650, -20510, 26210, -12155]
[R Sun Oct  8 20:49:52 2023] [1, 2, -14, 210, 560, -6958, 18354, -10718, -11615]
[R Sun Oct  8 20:52:51 2023] [1, 2, -14, -70, -140, 6146, -18998, 24266, -11255]
[R Sun Oct  8 20:54:50 2023] [1, 2, -14, 42, -420, 1274, -2282, 8274, -9527]
[R Sun Oct  8 20:59:03 2023] [1, 2, 0, -280, -140, -13244, -42168, -38520, -11030]
[R Sun Oct  8 21:00:42 2023] [1, 2, 0, 280, 140, -13748, -43176, -39240, -11210]
[R Sun Oct  8 21:06:08 2023] [1, 2, 56, -28, 420, -2548, -1596, 2912, -9086]
[R Sun Oct  8 21:07:00 2023] [1, 2, -42, 154, -280, 294, -182, -1778, -8519]
[R Sun Oct  8 21:09:46 2023] [1, 2, -14, -70, -140, 15974, -37282, 33774, -10355]
[R Sun Oct  8 21:10:49 2023] [1, 2, 0, 280, 140, -11228, -38136, -35640, -10310]
[R Sun Oct  8 21:10:52 2023] [1, 2, 0, -280, -140, -12236, -40152, -37080, -10670]
[R Sun Oct  8 21:11:18 2023] [1, 2, 0, -280, -140, -11732, -39144, -36360, -10490]
[R Sun Oct  8 21:12:48 2023] [1, 2, 0, 280, 140, -12740, -41160, -37800, -10850]
[R Sun Oct  8 21:13:43 2023] [1, 2, 0, 280, 140, -10724, -37128, -34920, -10130]
[R Sun Oct  8 21:14:30 2023] [1, 2, 0, -280, -140, -11228, -38136, -35640, -10310]
[R Sun Oct  8 21:16:23 2023] [1, 2, -14, -70, 420, 2086, 3262, -35794, -9995]
[R Sun Oct  8 21:18:23 2023] [1, 2, 0, -280, -140, -12740, -41160, -37800, -10850]
[R Sun Oct  8 21:25:32 2023] [1, 2, 0, -280, -140, -9716, -35112, -33480, -9770]
[R Sun Oct  8 21:26:30 2023] [1, 2, -42, 154, -980, 3094, -4382, 35422, -7619]
[R Sun Oct  8 21:28:17 2023] [1, 2, 0, 280, 140, -8708, -33096, -32040, -9410]
[R Sun Oct  8 21:31:02 2023] [1, 2, 0, 280, 140, -9212, -34104, -32760, -9590]
[R Sun Oct  8 21:32:13 2023] [1, 2, 0, 280, 140, -8204, -32088, -31320, -9230]
[R Sun Oct  8 21:33:13 2023] [1, 2, 0, -280, -140, -8708, -33096, -32040, -9410]
[R Sun Oct  8 21:36:29 2023] [1, 2, 0, -280, -140, -9212, -34104, -32760, -9590]
[R Sun Oct  8 21:37:07 2023] [1, 2, -14, -70, -140, 17346, -38598, 32346, -9095]
[R Sun Oct  8 21:37:38 2023] [1, 2, 0, -280, -140, -8204, -32088, -31320, -9230]
[R Sun Oct  8 21:37:43 2023] [1, 2, 0, 280, 140, -10220, -36120, -34200, -9950]
[R Sun Oct  8 21:39:09 2023] [1, 2, -42, 154, 140, -1386, 2338, 9022, -7079]
[R Sun Oct  8 21:40:15 2023] [1, 2, -42, 154, -280, -14574, -38178, 33338, -6971]
[R Sun Oct  8 21:40:52 2023] [1, 2, -14, -70, -280, -714, -938, 446, -8915]
[R Sun Oct  8 21:44:34 2023] [1, 2, 0, 280, 140, -7700, -31080, -30600, -9050]
[R Sun Oct  8 21:46:27 2023] [1, 2, -14, -210, -1960, -3514, -17738, 23746, -9635]
[R Sun Oct  8 21:48:28 2023] [1, 2, 0, -280, -140, -7196, -30072, -29880, -8870]
[R Sun Oct  8 21:50:07 2023] [1, 2, -14, -70, -140, 4634, -14462, 18434, -8555]
[R Sun Oct  8 21:50:56 2023] [1, 2, 0, -280, -140, -7700, -31080, -30600, -9050]
[R Sun Oct  8 21:51:54 2023] [1, 2, 0, 280, 140, -6188, -28056, -28440, -8510]
[R Sun Oct  8 21:55:41 2023] [1, 2, -70, -406, 840, 12586, 29862, 7890, -6431]
[R Sun Oct  8 21:57:23 2023] [1, 2, 0, -280, -140, -6188, -28056, -28440, -8510]
[R Sun Oct  8 22:01:07 2023] [1, 2, -14, -350, -1400, 22554, -37142, -35206, -7475]
[R Sun Oct  8 22:02:09 2023] [1, 2, -14, -70, -140, 602, 2674, -538, -8195]
[R Sun Oct  8 22:02:09 2023] [1, 2, -14, -70, -420, -1274, -1778, -8434, -8195]
[R Sun Oct  8 22:02:33 2023] [1, 2, 0, 280, 140, -6692, -29064, -29160, -8690]
[R Sun Oct  8 22:03:35 2023] [1, 2, -42, -126, 980, -10262, -35154, 29594, -6143]
[R Sun Oct  8 22:09:52 2023] [1, 2, -14, -70, 140, 966, 1582, -6034, -8015]
[R Sun Oct  8 22:10:12 2023] [1, 2, 0, 280, 140, -5180, -26040, -27000, -8150]
[R Sun Oct  8 22:10:16 2023] [1, 2, 0, 280, 140, -4172, -24024, -25560, -7790]
[R Sun Oct  8 22:15:35 2023] [1, 2, 0, 0, 0, -21308, -42616, -30440, -7610]
[R Sun Oct  8 22:16:07 2023] [1, 2, 0, -280, -140, -4172, -24024, -25560, -7790]
[R Sun Oct  8 22:16:12 2023] [1, 2, 0, 280, 140, -3668, -23016, -24840, -7610]
[R Sun Oct  8 22:17:05 2023] [1, 2, -14, -70, -140, 8918, -22274, 21998, -7475]
[R Sun Oct  8 22:21:11 2023] [1, 2, -42, 154, -280, -14, -2338, -5702, -5531]
[R Sun Oct  8 22:33:32 2023] [1, 2, 0, 280, 140, -3164, -22008, -24120, -7430]
[R Sun Oct  8 22:34:29 2023] [1, 2, -14, 182, -2380, 4998, -434, -1662, -5459]
[R Sun Oct  8 22:37:17 2023] [1, 2, -14, -70, -700, -2394, -3458, -42034, -6935]
[R Sun Oct  8 22:39:04 2023] [1, 2, 0, 0, 0, -19292, -38584, -27560, -6890]
[R Sun Oct  8 22:40:30 2023] [1, 2, -14, 182, 1120, 2618, 1666, -1222, -5279]
[R Sun Oct  8 22:41:13 2023] [1, 2, 0, 280, 140, -2156, -19992, -22680, -7070]
[R Sun Oct  8 22:44:36 2023] [1, 2, -42, 154, -280, -10038, -26586, 23186, -4847]
[R Sun Oct  8 22:45:46 2023] [1, 2, -14, 42, -280, 938, -14, -2762, -5279]
[R Sun Oct  8 22:46:45 2023] [1, 2, -14, -70, 0, 406, 742, 926, -7115]
[R Sun Oct  8 22:48:16 2023] [1, 2, 0, 280, 140, -1148, -17976, -21240, -6710]
[R Sun Oct  8 22:48:19 2023] [1, 2, 0, 0, 0, -18788, -37576, -26840, -6710]
[R Sun Oct  8 22:48:54 2023] [1, 2, 0, -280, -140, -2156, -19992, -22680, -7070]
[R Sun Oct  8 22:56:00 2023] [1, 2, 0, -280, -140, -1148, -17976, -21240, -6710]
[R Sun Oct  8 22:57:17 2023] [1, 2, 0, -280, -140, -644, -16968, -20520, -6530]
[R Sun Oct  8 23:04:10 2023] [1, 2, -14, -70, -140, 6146, -16198, 16986, -6215]
[R Sun Oct  8 23:08:32 2023] [1, 2, 0, 280, 140, 868, -13944, -18360, -5990]
[R Sun Oct  8 23:08:46 2023] [1, 2, 0, 280, 140, -140, -15960, -19800, -6350]
[R Sun Oct  8 23:15:24 2023] [1, 2, 0, -280, -140, -140, -15960, -19800, -6350]
[R Sun Oct  8 23:19:59 2023] [1, 2, -70, -70, 2520, -7042, 3486, 3370, -4775]
[R Sun Oct  8 23:23:55 2023] [1, 2, 0, 0, 0, -15764, -31528, -22520, -5630]
[R Sun Oct  8 23:25:19 2023] [1, 2, 0, 280, 140, 1876, -11928, -16920, -5630]
[R Sun Oct  8 23:27:05 2023] [1, 2, -42, -126, 0, 2646, 6622, 10878, -3731]
[R Sun Oct  8 23:27:26 2023] [1, 2, 0, -280, -140, 364, -14952, -19080, -6170]
[R Sun Oct  8 23:27:59 2023] [1, 2, 0, 280, 140, 1372, -12936, -17640, -5810]
[R Sun Oct  8 23:30:51 2023] [1, 2, -14, -70, 140, 630, -630, -4030, -5855]
[R Sun Oct  8 23:30:51 2023] [1, 2, -14, -70, -140, 11942, -26306, 21422, -5855]
[R Sun Oct  8 23:30:51 2023] [1, 2, -14, -70, -140, 3122, -9926, 12602, -5855]
[R Sun Oct  8 23:31:08 2023] [1, 2, -42, 154, -560, 1414, -1862, 5902, -3659]
[R Sun Oct  8 23:31:43 2023] [1, 2, -42, -126, -140, -1582, -2954, -786, -3623]
[R Sun Oct  8 23:32:35 2023] [1, 2, -14, -350, -1400, 8946, -26558, -22894, -4775]
[R Sun Oct  8 23:34:13 2023] [1, 2, -14, 182, -1400, 2114, 3178, -1726, -3767]
[R Sun Oct  8 23:35:51 2023] [1, 2, -14, -70, -280, -714, -938, -994, -5495]
[R Sun Oct  8 23:36:54 2023] [1, 2, 0, -280, -140, 1372, -12936, -17640, -5810]
[R Sun Oct  8 23:37:56 2023] [1, 2, 0, 0, 0, -14756, -29512, -21080, -5270]
[R Sun Oct  8 23:37:57 2023] [1, 2, 70, 14, 280, -826, -4242, -6950, -3659]
[R Sun Oct  8 23:39:26 2023] [1, 2, -14, 210, 1120, 18466, -26558, -25774, -5495]
[R Sun Oct  8 23:40:54 2023] [1, 2, -14, -70, -140, 11942, -6146, -16018, -5135]
[R Sun Oct  8 23:40:54 2023] [1, 2, -14, -70, -140, -154, -98, 2126, -5135]
[R Sun Oct  8 23:43:47 2023] [1, 2, 0, 280, 140, 2380, -10920, -16200, -5450]
[R Sun Oct  8 23:46:35 2023] [1, 2, -14, 350, 700, 2198, 266, 1098, -4055]
[R Sun Oct  8 23:46:36 2023] [1, 2, 0, -280, -140, 2884, -9912, -15480, -5270]
[R Sun Oct  8 23:48:24 2023] [1, 2, -14, -70, -140, 24794, -19502, -22606, -4955]
[R Sun Oct  8 23:52:31 2023] [1, 2, 0, -280, -140, 3388, -8904, -14760, -5090]
[R Sun Oct  8 23:53:03 2023] [1, 2, -14, -70, -420, -1274, -1778, -9874, -4775]
[R Sun Oct  8 23:54:10 2023] [1, 2, 0, -280, -140, 2380, -10920, -16200, -5450]
[R Sun Oct  8 23:54:17 2023] [1, 2, -42, 154, -420, 854, -1022, 1342, -3119]
[R Sun Oct  8 23:58:19 2023] [1, 2, 56, 392, -840, 2408, -22344, 35648, -3254]
[R Mon Oct  9 00:04:29 2023] [1, 2, 0, 280, 140, 4396, -6888, -13320, -4730]
[R Mon Oct  9 00:10:03 2023] [1, 2, 0, 0, 0, -13748, -27496, -19640, -4910]
[R Mon Oct  9 00:10:20 2023] [1, 2, -42, 154, -280, -5502, -14994, 13034, -2723]
[R Mon Oct  9 00:10:40 2023] [1, 2, 0, 280, 140, 3892, -7896, -14040, -4910]
[R Mon Oct  9 00:16:07 2023] [1, 2, 0, -280, -140, 4396, -6888, -13320, -4730]
[R Mon Oct  9 00:23:26 2023] [1, 2, -14, -70, 140, 966, 1582, -7474, -4595]
[R Mon Oct  9 00:23:56 2023] [1, 2, 0, 280, 140, 5908, -3864, -11160, -4190]
[R Mon Oct  9 00:24:48 2023] [1, 2, 70, 154, 280, -462, -2954, -5850, -3083]
[R Mon Oct  9 00:24:57 2023] [1, 2, 0, -280, -140, 5404, -4872, -11880, -4370]
[R Mon Oct  9 00:26:52 2023] [1, 2, -14, 210, 1120, 13930, -23030, -21670, -4595]
[R Mon Oct  9 00:32:04 2023] [1, 2, 0, 0, 0, -11228, -22456, -16040, -4010]
[R Mon Oct  9 00:32:30 2023] [1, 2, 0, 280, 140, 6412, -2856, -10440, -4010]
[R Mon Oct  9 00:33:15 2023] [1, 2, -42, -126, 420, 1666, -798, -6182, -2291]
[R Mon Oct  9 00:35:29 2023] [1, 2, 0, 280, 140, 4900, -5880, -12600, -4550]
[R Mon Oct  9 00:35:52 2023] [1, 2, -14, -70, -140, -13510, -12950, -3670, -3875]
[R Mon Oct  9 00:38:57 2023] [1, 2, -14, 182, -140, 1106, -1358, 2126, -2363]
[R Mon Oct  9 00:40:39 2023] [1, 2, 0, 280, 140, 6916, -1848, -9720, -3830]
[R Mon Oct  9 00:42:33 2023] [1, 2, -14, -98, 560, -322, -1974, 2998, -2579]
[R Mon Oct  9 00:44:09 2023] [1, 2, 0, -280, -140, 6412, -2856, -10440, -4010]
[R Mon Oct  9 00:49:38 2023] [1, 2, 0, -280, -140, 4900, -5880, -12600, -4550]
[R Mon Oct  9 00:49:43 2023] [1, 2, -42, 154, -280, -19418, -64246, -7154, -1967]
[R Mon Oct  9 00:50:04 2023] [1, 2, -14, -70, 0, 406, 742, -514, -3695]
[R Mon Oct  9 00:51:42 2023] [1, 2, 0, -280, -140, 6916, -1848, -9720, -3830]
[R Mon Oct  9 00:54:36 2023] [1, 2, -42, -126, 980, -1190, -11970, 9290, -1895]
[R Mon Oct  9 00:55:02 2023] [1, 2, 28, 84, 420, 1148, 2856, 1744, -1958]
[R Mon Oct  9 00:58:20 2023] [1, 2, -42, 154, -280, 294, -182, -338, -1859]
[R Mon Oct  9 00:58:31 2023] [1, 2, -14, -70, -700, -2394, -3458, -43474, -3515]
[R Mon Oct  9 01:02:22 2023] [1, 2, -14, -210, 0, -882, 686, 2058, -1715]
[R Mon Oct  9 01:13:47 2023] [1, 2, -70, -546, -1820, -3346, -3822, -3070, -1499]
[R Mon Oct  9 01:17:12 2023] [1, 2, 0, 280, 140, 8932, 2184, -6840, -3110]
[R Mon Oct  9 01:17:26 2023] [1, 2, -14, -70, 420, 2086, 3262, -38674, -3155]
[R Mon Oct  9 01:19:19 2023] [1, 2, 0, 280, 140, 8428, 1176, -7560, -3290]
[R Mon Oct  9 01:19:49 2023] [1, 2, 0, 0, 0, -8708, -17416, -12440, -3110]
[R Mon Oct  9 01:28:14 2023] [1, 2, 0, 280, 140, 9436, 3192, -6120, -2930]
[R Mon Oct  9 01:29:42 2023] [1, 2, 0, -280, -140, 8932, 2184, -6840, -3110]
[R Mon Oct  9 01:33:52 2023] [1, 2, 0, -280, -140, 8428, 1176, -7560, -3290]
[R Mon Oct  9 01:33:53 2023] [1, 2, 0, 280, 140, 7420, -840, -9000, -3650]
[R Mon Oct  9 01:37:53 2023] [1, 2, -70, -70, 1260, -602, -4354, -8770, -1895]
[R Mon Oct  9 01:40:21 2023] [1, 2, 0, -280, -140, 9436, 3192, -6120, -2930]
[R Mon Oct  9 01:48:46 2023] [1, 2, 0, 280, 140, 10444, 5208, -4680, -2570]
[R Mon Oct  9 01:52:50 2023] [1, 2, -42, 154, -980, 3094, -4382, 36862, -959]
[R Mon Oct  9 01:53:36 2023] [1, 2, 0, 0, 0, -7196, -14392, -10280, -2570]
[R Mon Oct  9 01:58:26 2023] [1, 2, -14, 70, 560, -1554, -4298, 14866, -2615]
[R Mon Oct  9 01:58:59 2023] [1, 2, -14, -70, -140, 15974, -28322, 13934, -2435]
[R Mon Oct  9 02:01:59 2023] [1, 2, 0, -280, -140, 10444, 5208, -4680, -2570]
[R Mon Oct  9 02:08:17 2023] [1, 2, 0, 0, 0, -4928, 2464, 4400, -2750]
[R Mon Oct  9 02:08:17 2023] [1, 2, 0, 0, 0, -7700, -15400, -11000, -2750]
[R Mon Oct  9 02:09:29 2023] [1, 2, -14, -350, -1400, -4662, -15974, -10582, -2075]
[R Mon Oct  9 02:14:08 2023] [1, 2, 0, 280, 140, 11452, 7224, -3240, -2210]
[R Mon Oct  9 02:20:33 2023] [1, 2, 0, 0, 0, -6188, -12376, -8840, -2210]
[R Mon Oct  9 02:28:01 2023] [1, 2, 0, -280, -140, 11452, 7224, -3240, -2210]
[R Mon Oct  9 02:30:05 2023] [1, 2, 0, 0, 0, -6692, -13384, -9560, -2390]
[R Mon Oct  9 02:34:50 2023] [1, 2, -42, 154, 140, -1386, 2338, 10462, -419]
[R Mon Oct  9 02:39:43 2023] [1, 2, 28, -56, -2940, -5600, -84700, 11800, -410]
[R Mon Oct  9 02:40:45 2023] [1, 2, -14, -70, -140, 18746, -31598, 13106, -2075]
[R Mon Oct  9 02:41:19 2023] [1, 2, -70, -210, 1540, 8806, 18242, 24650, -995]
[R Mon Oct  9 02:49:36 2023] [1, 2, 70, -126, -1120, 3878, -4494, 2150, -383]
[R Mon Oct  9 02:55:28 2023] [1, 2, 0, -280, -140, 11956, 8232, -2520, -2030]
[R Mon Oct  9 03:01:12 2023] [1, 2, 0, 280, 140, 13468, 11256, -360, -1490]
[R Mon Oct  9 03:04:13 2023] [1, 2, 0, -280, -140, 12964, 10248, -1080, -1670]
[R Mon Oct  9 03:12:18 2023] [1, 2, 0, -280, -140, 12460, 9240, -1800, -1850]
[R Mon Oct  9 03:15:15 2023] [1, 2, -14, -70, -140, 6650, -5390, -6190, -1355]
[R Mon Oct  9 03:15:15 2023] [1, 2, -14, -70, -420, -1274, -1778, -11314, -1355]
[R Mon Oct  9 03:16:03 2023] [1, 2, 0, -280, -140, 13468, 11256, -360, -1490]
[R Mon Oct  9 03:18:40 2023] [1, 2, 0, 280, 140, 13972, 12264, 360, -1310]
[R Mon Oct  9 03:25:27 2023] [1, 2, -14, -70, -140, 30338, -36134, -6982, -1175]
[R Mon Oct  9 03:25:27 2023] [1, 2, -14, -70, -140, 98, 266, -822, -1175]
[R Mon Oct  9 03:32:26 2023] [1, 2, 0, 0, 0, -3668, -7336, -5240, -1310]
[R Mon Oct  9 03:34:25 2023] [1, 2, -42, -126, 980, 3346, -378, -862, 229]
[R Mon Oct  9 03:35:23 2023] [1, 2, 0, -280, -140, 13972, 12264, 360, -1310]
[R Mon Oct  9 03:46:03 2023] [1, 2, -14, -70, -140, 33110, -44450, 1550, -995]
[R Mon Oct  9 03:46:58 2023] [1, 2, -14, 210, 1120, -4214, -8918, -5254, -995]
[R Mon Oct  9 03:57:39 2023] [1, 2, 0, 280, 140, 14476, 13272, 1080, -1130]
[R Mon Oct  9 04:01:46 2023] [1, 2, 0, 0, 0, 1372, 2744, 1960, 490]
[R Mon Oct  9 04:12:29 2023] [1, 2, 0, 280, 140, 14980, 14280, 1800, -950]
[R Mon Oct  9 04:14:57 2023] [1, 2, 0, 0, 0, -3164, -6328, -4520, -1130]
[R Mon Oct  9 04:27:24 2023] [1, 2, 0, 280, 140, 15988, 16296, 3240, -590]
[R Mon Oct  9 04:29:46 2023] [1, 2, -42, 154, 560, -3066, 4858, 45742, 841]
[R Mon Oct  9 04:32:16 2023] [1, 2, 0, -280, -140, 14980, 14280, 1800, -950]
[R Mon Oct  9 04:36:39 2023] [1, 2, 0, 140, -1400, -2660, -3500, -600, -1130]
[R Mon Oct  9 04:41:41 2023] [1, 2, -14, -350, -1400, -13734, -8918, -2374, -275]
[R Mon Oct  9 04:45:28 2023] [1, 2, 0, -280, -140, 15988, 16296, 3240, -590]
[R Mon Oct  9 04:45:31 2023] [1, 2, 0, 0, 0, -1652, -3304, -2360, -590]
[R Mon Oct  9 04:52:33 2023] [1, 2, 0, -280, -140, 15484, 15288, 2520, -770]
[R Mon Oct  9 04:53:22 2023] [1, 2, 0, 140, 280, -2100, -6300, -5200, -950]
[R Mon Oct  9 04:53:51 2023] [1, 2, 0, 280, 140, 16492, 17304, 3960, -410]
[R Mon Oct  9 04:55:47 2023] [1, 2, -14, 42, 0, -322, 966, -1102, 841]
[R Mon Oct  9 05:06:49 2023] [1, 2, -14, -70, -140, 14658, -18774, -1302, -455]
[R Mon Oct  9 05:06:49 2023] [1, 2, -14, -70, -140, 2114, -1862, -2086, -455]
[R Mon Oct  9 05:06:49 2023] [1, 2, -14, -70, -140, 98, -854, 938, -455]
[R Mon Oct  9 05:09:24 2023] [1, 2, 0, -280, -140, 16492, 17304, 3960, -410]
[R Mon Oct  9 05:16:16 2023] [1, 2, 0, 0, 0, -1148, -2296, -1640, -410]
[R Mon Oct  9 05:17:12 2023] [1, 2, -14, -70, 0, 406, 742, -1954, -275]
[R Mon Oct  9 05:17:12 2023] [1, 2, -14, -70, -140, 3878, -4354, -1842, -275]
[R Mon Oct  9 05:18:24 2023] [1, 2, -14, 182, -140, -910, -350, 2090, 1345]
[R Mon Oct  9 05:19:55 2023] [1, 2, 0, 280, 140, 16996, 18312, 4680, -230]
[R Mon Oct  9 05:37:05 2023] [1, 2, -42, 154, -280, 13846, 39242, -12722, 1849]
[R Mon Oct  9 05:40:37 2023] [1, 2, 0, -280, -140, 16996, 18312, 4680, -230]
[R Mon Oct  9 05:48:24 2023] [1, 2, 0, 0, 0, -41216, -30912, 5520, -230]
[R Mon Oct  9 05:55:01 2023] [1, 2, -14, -70, -140, 2870, -4130, 110, -95]
[R Mon Oct  9 05:55:01 2023] [1, 2, -14, -70, -700, -2394, -3458, -44914, -95]
[R Mon Oct  9 05:58:34 2023] [1, 2, -14, 210, 1120, -8750, -5390, -1150, -95]
[R Mon Oct  9 06:09:23 2023] [1, 2, -14, -70, 420, 2086, 3262, -40114, 265]
[R Mon Oct  9 06:09:23 2023] [1, 2, -14, -70, -140, -4186, 4158, 1774, 265]
[R Mon Oct  9 06:11:15 2023] [1, 2, 0, 280, 140, 18508, 21336, 6840, 310]
[R Mon Oct  9 06:14:27 2023] [1, 2, -14, -70, -140, -3178, 3934, -178, 85]
[R Mon Oct  9 06:15:01 2023] [1, 2, -14, -70, 140, 546, -378, -874, 625]
[R Mon Oct  9 06:19:50 2023] [1, 2, 0, 280, 140, 19516, 23352, 8280, 670]
[R Mon Oct  9 06:29:51 2023] [1, 2, 0, -280, -140, 18508, 21336, 6840, 310]
[R Mon Oct  9 06:32:45 2023] [1, 2, -14, -350, -1400, -22806, -1862, 5834, 1525]
[R Mon Oct  9 06:35:34 2023] [1, 2, -14, -70, -140, -33418, 44254, -1618, 985]
[R Mon Oct  9 06:40:19 2023] [1, 2, 0, 280, 140, 17500, 19320, 5400, -50]
[R Mon Oct  9 06:44:59 2023] [1, 2, -14, -70, -140, -27370, 36190, -1330, 805]
[R Mon Oct  9 06:45:26 2023] [1, 2, -14, 210, 1120, -13286, -1862, 2954, 805]
[R Mon Oct  9 06:45:54 2023] [1, 2, -14, -70, -140, -406, -462, 754, 1165]
[R Mon Oct  9 06:45:54 2023] [1, 2, -14, -70, -140, -20566, 30898, -8206, 1165]
[R Mon Oct  9 06:48:30 2023] [1, 2, 0, 280, 980, 1372, 1064, 520, 130]
[R Mon Oct  9 06:48:45 2023] [1, 2, -14, -70, -140, -406, 658, -1006, 445]
[R Mon Oct  9 06:48:45 2023] [1, 2, -14, -70, -140, -2422, 1666, 2018, 445]
[R Mon Oct  9 06:48:45 2023] [1, 2, -14, -70, -140, -12502, 17346, -2462, 445]
[R Mon Oct  9 06:50:48 2023] [1, 2, 0, 280, 140, 20020, 24360, 9000, 850]
[R Mon Oct  9 06:52:25 2023] [1, 2, 0, 280, 140, 21028, 26376, 10440, 1210]
[R Mon Oct  9 06:52:49 2023] [1, 2, 70, 210, 1540, 1918, -3374, 1650, -95]
[R Mon Oct  9 06:52:49 2023] [1, 2, -42, 154, -560, 1414, -1862, 7342, 3001]
[R Mon Oct  9 06:53:21 2023] [1, 2, -14, -70, -140, -910, 2170, -2950, 1345]
[R Mon Oct  9 06:53:21 2023] [1, 2, -14, -70, -140, -6958, 5194, 6122, 1345]
[R Mon Oct  9 06:53:21 2023] [1, 2, -14, -70, -280, -714, -938, -3874, 1345]
[R Mon Oct  9 07:02:30 2023] [1, 2, -42, 154, -700, 1974, -2702, 14782, 3181]
[R Mon Oct  9 07:05:15 2023] [1, 2, 0, 280, 140, 22036, 28392, 11880, 1570]
[R Mon Oct  9 07:05:50 2023] [1, 2, 0, 0, 0, 32368, 17136, -10560, 1210]
[R Mon Oct  9 07:05:50 2023] [1, 2, 0, 0, 0, 23548, 30856, 11000, 1210]
[R Mon Oct  9 07:05:50 2023] [1, 2, 0, 0, 0, 17500, 7000, -7480, 1210]
[R Mon Oct  9 07:05:50 2023] [1, 2, 0, 0, 0, 11200, 16800, 7920, 1210]
[R Mon Oct  9 07:05:50 2023] [1, 2, 0, 0, 0, 3388, 6776, 4840, 1210]
[R Mon Oct  9 07:05:50 2023] [1, 2, 0, 0, 0, 1372, -1176, -1320, 1210]
[R Mon Oct  9 07:05:50 2023] [1, 2, 0, 0, 0, 112, 784, 1760, 1210]
[R Mon Oct  9 07:10:24 2023] [1, 2, 0, -280, -140, 20020, 24360, 9000, 850]
[R Mon Oct  9 07:10:40 2023] [1, 2, 0, -280, -140, 17500, 19320, 5400, -50]
[R Mon Oct  9 07:18:02 2023] [1, 2, 0, -280, -140, 22036, 28392, 11880, 1570]
[R Mon Oct  9 07:19:16 2023] [1, 2, 0, -56, -560, 4060, 16800, -17300, 3550]
[R Mon Oct  9 07:19:56 2023] [1, 2, -42, 154, -420, 854, -1022, 2782, 3541]
[R Mon Oct  9 07:20:52 2023] [1, 2, 0, 280, 140, 21532, 27384, 11160, 1390]
[R Mon Oct  9 07:21:01 2023] [1, 2, 0, 280, 140, 23044, 30408, 13320, 1930]
[R Mon Oct  9 07:21:56 2023] [1, 2, -42, 154, -280, 8106, 19782, -17422, 3649]
[R Mon Oct  9 07:26:53 2023] [1, 2, 0, 0, 0, 36400, 36400, 4160, 130]
[R Mon Oct  9 07:26:53 2023] [1, 2, 0, 0, 0, 364, 728, 520, 130]
[R Mon Oct  9 07:27:02 2023] [1, 2, 0, 0, 0, 5404, 10808, 7720, 1930]
[R Mon Oct  9 07:28:06 2023] [1, 2, -42, 154, 280, -1946, 3178, 20302, 3721]
[R Mon Oct  9 07:31:43 2023] [1, 2, 0, 0, 0, 3892, 7784, 5560, 1390]
[R Mon Oct  9 07:36:07 2023] [1, 2, 0, -280, -140, 23044, 30408, 13320, 1930]
[R Mon Oct  9 07:37:13 2023] [1, 2, 0, 0, 0, 5908, 11816, 8440, 2110]
[R Mon Oct  9 07:41:44 2023] [1, 2, -14, -70, 140, 966, 1582, -10354, 2245]
[R Mon Oct  9 07:43:22 2023] [1, 2, 0, 280, 140, 24052, 32424, 14760, 2290]
[R Mon Oct  9 07:43:46 2023] [1, 2, -14, -70, -140, -16282, 28126, -14002, 2425]
[R Mon Oct  9 07:44:58 2023] [1, 2, -14, -70, -140, -19054, 31402, -13174, 2065]
[R Mon Oct  9 07:44:58 2023] [1, 2, -14, -70, -420, -1274, -1778, -12754, 2065]
[R Mon Oct  9 07:47:31 2023] [1, 2, 0, 0, 0, 6412, 12824, 9160, 2290]
[R Mon Oct  9 07:49:23 2023] [1, 2, -14, -70, -140, -154, -98, -754, 1705]
[R Mon Oct  9 07:49:23 2023] [1, 2, -14, -70, -140, -4186, 1918, 5294, 1705]
[R Mon Oct  9 07:49:23 2023] [1, 2, -14, -70, -140, -25354, 39102, -11954, 1705]
[R Mon Oct  9 07:56:08 2023] [1, 2, 0, -280, -140, 24052, 32424, 14760, 2290]
[R Mon Oct  9 08:02:15 2023] [1, 2, 0, -280, -140, 24556, 33432, 15480, 2470]
[R Mon Oct  9 08:03:25 2023] [1, 2, -14, -98, 560, 1162, -3206, 482, 4009]
[R Mon Oct  9 08:23:07 2023] [1, 2, -14, -70, 0, 406, 742, -3394, 3145]
[R Mon Oct  9 08:26:38 2023] [1, 2, 0, 280, 140, 26068, 36456, 17640, 3010]
[R Mon Oct  9 08:28:29 2023] [1, 2, 0, 280, 140, 26572, 37464, 18360, 3190]
[R Mon Oct  9 08:30:34 2023] [1, 2, 0, 0, 0, 8932, 17864, 12760, 3190]
[R Mon Oct  9 08:32:30 2023] [1, 2, 0, 0, 0, 9436, 18872, 13480, 3370]
[R Mon Oct  9 08:33:46 2023] [1, 2, 0, -56, -840, -7728, -22596, -20320, 5098]
[R Mon Oct  9 08:33:56 2023] [1, 2, 56, -140, -2100, 700, 13160, 26140, 2650]
[R Mon Oct  9 08:37:51 2023] [1, 2, -14, -70, -140, -19866, 34398, -17106, 2965]
[R Mon Oct  9 08:39:59 2023] [1, 2, 0, -280, -140, 26068, 36456, 17640, 3010]
[R Mon Oct  9 08:41:57 2023] [1, 2, 0, -280, -140, 26572, 37464, 18360, 3190]
[R Mon Oct  9 08:42:59 2023] [1, 2, 0, 280, 140, 25060, 34440, 16200, 2650]
[R Mon Oct  9 08:46:09 2023] [1, 2, -42, 154, -980, 3094, -4382, 38302, 5701]
[R Mon Oct  9 08:49:52 2023] [1, 2, -14, -70, 420, 2086, 3262, -41554, 3685]
[R Mon Oct  9 09:02:20 2023] [1, 2, -14, -350, -700, -854, 11662, -14854, 4585]
[R Mon Oct  9 09:04:13 2023] [1, 2, 0, -280, -140, 25060, 34440, 16200, 2650]
[R Mon Oct  9 09:06:35 2023] [1, 2, 0, -280, -140, 27580, 39480, 19800, 3550]
[R Mon Oct  9 09:10:24 2023] [1, 2, 0, 0, 0, 10948, 21896, 15640, 3910]
[R Mon Oct  9 09:11:21 2023] [1, 2, 0, 140, -1400, 3388, -4564, 5380, 3550]
[R Mon Oct  9 09:18:58 2023] [1, 2, -14, -70, -280, -714, -938, -5314, 4765]
[R Mon Oct  9 09:21:44 2023] [1, 2, 0, 0, 0, 13468, 26936, 19240, 4810]
[R Mon Oct  9 09:22:57 2023] [1, 2, -42, 154, -280, 9366, 21322, -26162, 6889]
[R Mon Oct  9 09:23:13 2023] [1, 2, -14, -70, -140, -2926, 8218, -10726, 4945]
[R Mon Oct  9 09:25:43 2023] [1, 2, -14, -70, -140, -154, -98, -2194, 5125]
[R Mon Oct  9 09:25:43 2023] [1, 2, -14, -70, -140, -12250, 5950, 15950, 5125]
[R Mon Oct  9 09:27:14 2023] [1, 2, 0, 0, 0, 13972, 27944, 19960, 4990]
[R Mon Oct  9 09:48:47 2023] [1, 2, 0, 0, 0, 15988, 31976, 22840, 5710]
[R Mon Oct  9 09:49:34 2023] [1, 2, 0, -56, -700, -3864, -9968, -8240, 7474]
[R Mon Oct  9 09:49:54 2023] [1, 2, -14, -70, 140, 966, 1582, -11794, 5665]
[R Mon Oct  9 09:53:26 2023] [1, 2, 0, 0, 0, 16492, 32984, 23560, 5890]
[R Mon Oct  9 09:55:32 2023] [1, 2, -14, -70, -420, -1274, -1778, -14194, 5485]
[R Mon Oct  9 09:57:36 2023] [1, 2, -14, -70, -140, -3430, 9730, -12670, 5845]
[R Mon Oct  9 09:57:36 2023] [1, 2, -14, -70, -140, -12250, 26110, -21490, 5845]
[R Mon Oct  9 09:58:35 2023] [1, 2, -14, -70, -140, -6454, 16002, -17054, 6205]
[R Mon Oct  9 10:02:13 2023] [1, 2, 56, 280, 1400, 5712, 2324, 28912, 5170]
[R Mon Oct  9 10:10:35 2023] [1, 2, 0, 0, 0, 18508, 37016, 26440, 6610]
[R Mon Oct  9 10:11:11 2023] [1, 2, 0, 0, 0, 17500, 35000, 25000, 6250]
[R Mon Oct  9 10:11:11 2023] [1, 2, 0, 0, 0, 11200, -5600, -10000, 6250]
[R Mon Oct  9 10:11:11 2023] [1, 2, 0, 0, 0, 1372, 6664, 11000, 6250]
[R Mon Oct  9 10:19:58 2023] [1, 2, 0, 0, 0, 18004, 36008, 25720, 6430]
[R Mon Oct  9 10:21:21 2023] [1, 2, -42, -126, 420, 5026, 15862, 23378, 9229]
[R Mon Oct  9 10:24:37 2023] [1, 2, 0, -140, 280, 1260, 7700, -16240, 6790]
[R Mon Oct  9 10:28:09 2023] [1, 2, -14, -70, -140, 1106, -1358, 4646, 7465]
[R Mon Oct  9 10:28:09 2023] [1, 2, -14, -70, -140, -9226, 22078, -22066, 7465]
[R Mon Oct  9 10:28:53 2023] [1, 2, -14, -70, -140, -1162, -2114, 3278, 6745]
[R Mon Oct  9 10:28:53 2023] [1, 2, -14, -70, -140, -9226, 1918, 15374, 6745]
[R Mon Oct  9 10:31:35 2023] [1, 2, -14, -350, -840, -8974, 31682, -30414, 8185]
[R Mon Oct  9 10:31:41 2023] [1, 2, -42, 154, -280, 4326, 6762, -20242, 9769]
[R Mon Oct  9 10:34:13 2023] [1, 2, -42, 154, -700, 1974, -2702, 16222, 9841]
[R Mon Oct  9 10:34:14 2023] [1, 2, -14, -70, -140, -4438, 12754, -16558, 7645]
[R Mon Oct  9 10:42:22 2023] [1, 2, -14, -70, -280, -714, -938, -6754, 8185]
[R Mon Oct  9 10:43:53 2023] [1, 2, 0, 0, 420, 2240, -7280, -960, 8230]
[R Mon Oct  9 10:44:54 2023] [1, 2, -42, 154, 280, -1946, 3178, 21742, 10381]
[R Mon Oct  9 10:45:12 2023] [1, 2, 0, 0, 0, 21532, 43064, 30760, 7690]
[R Mon Oct  9 10:47:52 2023] [1, 2, 0, 0, 0, 3388, 12936, 17400, 8410]
[R Mon Oct  9 10:49:47 2023] [1, 2, -14, -70, -140, -154, -98, -3634, 8545]
[R Mon Oct  9 10:50:28 2023] [1, 2, 70, -126, -280, -1246, 6958, -18370, 10741]
[R Mon Oct  9 10:55:25 2023] [1, 2, -14, -70, -420, -1274, -1778, -15634, 8905]
[R Mon Oct  9 11:03:30 2023] [1, 2, -42, 154, -280, 294, -182, 2542, 11461]
[R Mon Oct  9 11:10:08 2023] [1, 2, 28, -196, 560, 1120, -4900, 1680, 11830]
[R Mon Oct  9 11:15:55 2023] [1, 2, -14, -70, 0, 1246, 2002, 6626, 10165]
[R Mon Oct  9 11:18:08 2023] [1, 2, -42, 154, -980, 3094, -4382, 39742, 12361]
[R Mon Oct  9 11:19:09 2023] [1, 2, -14, -70, -140, -5950, 17290, -22390, 10345]
[R Mon Oct  9 11:21:01 2023] [1, 2, -42, 154, -280, 994, 4718, 13162, 12541]
[R Mon Oct  9 11:26:03 2023] [1, 2, -42, 154, 140, -1386, 2338, 13342, 12901]
[R Mon Oct  9 11:27:53 2023] [1, 2, 0, -56, 560, 168, -11424, -14800, 12442]
[R Mon Oct  9 11:28:42 2023] [1, 2, -14, -70, 420, 2086, 3262, -44434, 10525]
[R Mon Oct  9 11:28:42 2023] [1, 2, -14, -70, -140, -2422, -3374, 7058, 10525]
[R Mon Oct  9 11:28:42 2023] [1, 2, -14, -70, -140, -12502, 1666, 22178, 10525]
[R Mon Oct  9 11:29:21 2023] [1, 2, -14, -70, 1120, -6454, -16478, -21274, 11065]
[R Mon Oct  9 11:30:07 2023] [1, 2, -14, -98, -700, -16730, 47950, -44050, 13225]
[R Mon Oct  9 11:33:46 2023] [1, 2, -42, 154, -140, -266, 658, 3742, 13441]
[R Mon Oct  9 11:38:55 2023] [1, 2, -14, -70, -280, -714, -938, -8194, 11605]
[R Mon Oct  9 11:45:16 2023] [1, 2, -14, -70, -420, -1274, -1778, -17074, 12325]
[R Mon Oct  9 11:49:11 2023] [1, 2, -14, -70, 140, 966, 1582, -14674, 12505]
[R Mon Oct  9 11:50:38 2023] [1, 2, -42, 154, -280, 2086, 10122, 21198, 14809]
[R Mon Oct  9 11:52:44 2023] [1, 2, -14, -70, -140, -15246, 2058, 27114, 12865]
[R Mon Oct  9 11:56:27 2023] [1, 2, 56, 140, -700, 1848, 1036, 1908, 13630]
[R Mon Oct  9 11:59:28 2023] [1, 2, -42, 14, 560, -574, -1778, -1962, 15529]
[R Mon Oct  9 12:01:09 2023] [1, 2, -42, -126, 700, 7994, 26558, 34362, 15601]
[R Mon Oct  9 12:01:14 2023] [1, 2, -42, 154, -280, 546, -1218, -3622, 15709]
[R Mon Oct  9 12:03:20 2023] [1, 2, -14, -70, 0, 406, 742, -7714, 13405]
[R Mon Oct  9 12:05:44 2023] [1, 2, -14, -70, 420, 2086, 3262, -45874, 13945]
[R Mon Oct  9 12:05:44 2023] [1, 2, -14, -70, -140, -7966, 23338, -30166, 13945]
[R Mon Oct  9 12:08:10 2023] [1, 2, 0, -56, -2100, -11172, -19964, -9420, 15502]
[R Mon Oct  9 12:08:22 2023] [1, 2, -42, 154, -560, 1414, -1862, 10222, 16321]
[R Mon Oct  9 12:09:56 2023] [1, 2, -42, 154, -700, 1974, -2702, 17662, 16501]
[R Mon Oct  9 12:15:09 2023] [1, 2, -14, -70, -140, -8470, 24850, -32110, 14845]
[R Mon Oct  9 12:15:15 2023] [1, 2, -42, 154, 280, -1946, 3178, 23182, 17041]
[R Mon Oct  9 12:15:43 2023] [1, 2, -14, -70, -280, -714, -938, -9634, 15025]
[R Mon Oct  9 12:15:51 2023] [1, 2, -14, -70, -280, -714, -938, 3306, 14305]
[R Mon Oct  9 12:17:20 2023] [1, 2, 56, 0, 700, 3500, -700, 8500, 15250]
[R Mon Oct  9 12:18:50 2023] [1, 2, -14, -70, -140, -3430, -4830, 10210, 15205]
[R Mon Oct  9 12:19:56 2023] [1, 2, 56, -140, 840, -5404, 14252, -45464, 15430]
[R Mon Oct  9 12:20:50 2023] [1, 2, -14, -70, -140, -154, -98, -6514, 15385]
[R Mon Oct  9 12:21:21 2023] [1, 2, 0, -196, 1540, -224, -8148, -17400, 17014]
[R Mon Oct  9 12:23:41 2023] [1, 2, -14, -70, -420, -1274, -1778, -18514, 15745]
[R Mon Oct  9 12:25:12 2023] [1, 2, -42, 154, -280, 294, -182, 3982, 18121]
[R Mon Oct  9 12:26:06 2023] [1, 2, -42, -126, 420, 5530, 19390, 32810, 18265]
[R Mon Oct  9 12:36:34 2023] [1, 2, -14, -70, 0, 406, 742, -9154, 16825]
[R Mon Oct  9 12:37:01 2023] [1, 2, -14, -70, 420, 2086, 3262, -47314, 17365]
[R Mon Oct  9 12:37:16 2023] [1, 2, 28, -196, -1260, 4676, 4872, -17932, 19534]
[R Mon Oct  9 12:41:30 2023] [1, 2, -42, 154, -140, -266, 658, 5182, 20101]
[R Mon Oct  9 12:44:18 2023] [1, 2, -14, 70, -420, -5250, 26530, -31630, 17905]
[R Mon Oct  9 12:46:53 2023] [1, 2, 0, 0, 0, 11200, -16800, -10320, 18490]
[R Mon Oct  9 12:46:53 2023] [1, 2, 0, 0, 0, 112, -2576, 13760, 18490]
[R Mon Oct  9 12:48:04 2023] [1, 2, -14, -70, -140, -154, -98, -7954, 18805]
[R Mon Oct  9 12:48:17 2023] [1, 2, -14, -70, -280, -714, -938, -11074, 18445]
[R Mon Oct  9 12:50:46 2023] [1, 2, -14, -70, -420, -1274, -1778, -19954, 19165]
[R Mon Oct  9 12:56:51 2023] [1, 2, -14, -70, 140, 966, 1582, -17554, 19345]
[R Mon Oct  9 12:56:51 2023] [1, 2, -14, -70, -140, -10990, 32410, -41830, 19345]
[R Mon Oct  9 12:58:00 2023] [1, 2, -14, -70, 0, 406, 742, -10594, 20245]
[R Mon Oct  9 12:58:00 2023] [1, 2, -14, -70, -140, -3178, -6146, 9902, 20245]
[R Mon Oct  9 13:03:51 2023] [1, 2, -14, -70, -140, -11998, 35434, -45718, 21145]
[R Mon Oct  9 13:04:18 2023] [1, 2, -42, 154, -420, 854, -1022, 7102, 23521]
[R Mon Oct  9 13:04:27 2023] [1, 2, -42, 154, -280, 1302, 7434, 22286, 23593]
[R Mon Oct  9 13:09:30 2023] [1, 2, -14, -70, -140, -7210, 24990, -38450, 22045]
[R Mon Oct  9 13:09:30 2023] [1, 2, -14, -70, -140, -12502, 36946, -47662, 22045]
[R Mon Oct  9 13:09:33 2023] [1, 2, 0, 0, 0, 3388, 19096, 35720, 22090]
[R Mon Oct  9 13:09:33 2023] [1, 2, 0, 0, 0, 112, 3024, 22560, 22090]
[R Mon Oct  9 13:10:48 2023] [1, 2, -14, -70, -140, -4942, -7014, 14938, 22225]
[R Mon Oct  9 13:11:34 2023] [1, 2, -42, 154, -280, 294, -182, 5422, 24781]
[R Mon Oct  9 13:11:53 2023] [1, 2, -14, -70, -420, -1274, -1778, -21394, 22585]
[R Mon Oct  9 13:12:33 2023] [1, 2, -14, -70, -140, -910, -1610, 7310, 21865]
[R Mon Oct  9 13:14:01 2023] [1, 2, -14, -70, -140, -13006, 38458, -49606, 22945]
[R Mon Oct  9 13:14:44 2023] [1, 2, 0, 0, 0, 2128, 14896, 33440, 22990]
[R Mon Oct  9 13:17:15 2023] [1, 2, -14, -70, 0, 406, 742, -12034, 23665]
[R Mon Oct  9 13:17:28 2023] [1, 2, 0, -140, -700, -392, 4536, -15920, 23530]
[R Mon Oct  9 13:18:58 2023] [1, 2, -42, 154, 140, -1386, 2338, 16222, 26221]
[R Mon Oct  9 13:21:35 2023] [1, 2, -42, 154, -140, -266, 658, 6622, 26761]
[R Mon Oct  9 13:22:28 2023] [1, 2, 0, 224, -280, -7812, -14924, -20140, 26122]
[R Mon Oct  9 13:24:07 2023] [1, 2, -42, -126, 420, 6034, 22918, 42242, 27301]
[R Mon Oct  9 13:25:18 2023] [1, 2, -14, -70, -280, -714, -938, -13954, 25285]
[R Mon Oct  9 13:29:28 2023] [1, 2, -14, -70, 140, 966, 1582, -20434, 26185]
[R Mon Oct  9 13:30:08 2023] [1, 2, -14, -70, -140, -154, -98, -10834, 25645]
[R Mon Oct  9 13:30:09 2023] [1, 2, -14, 182, -140, -7714, -11438, 10586, 28417]
[R Mon Oct  9 13:30:19 2023] [1, 2, -14, -70, -420, -1274, -1778, -22834, 26005]
[R Mon Oct  9 13:32:40 2023] [1, 2, -14, -70, 0, 406, 742, -13474, 27085]
[R Mon Oct  9 13:34:19 2023] [1, 2, -14, -70, -140, -1162, 7966, -24082, 27625]
[R Mon Oct  9 13:34:51 2023] [1, 2, -14, -70, -140, -5950, -8470, 18090, 26905]
[R Mon Oct  9 13:38:38 2023] [1, 2, -14, -70, -280, -714, -938, -15394, 28705]
[R Mon Oct  9 13:39:46 2023] [1, 2, -14, -70, -140, -154, -98, -12274, 29065]
[R Mon Oct  9 13:40:29 2023] [1, 2, -14, -70, -140, -6454, -9198, 19666, 29245]
[R Mon Oct  9 13:41:45 2023] [1, 2, -14, -70, 140, 966, 1582, -21874, 29605]
[R Mon Oct  9 13:43:37 2023] [1, 2, -14, -70, -420, -1274, -1778, -24274, 29425]
[R Mon Oct  9 13:44:33 2023] [1, 2, -42, 154, 140, -1386, 2338, 17662, 32881]
[R Mon Oct  9 13:44:45 2023] [1, 2, -14, -70, 0, 406, 742, -14914, 30505]
[R Mon Oct  9 13:45:54 2023] [1, 2, -14, -238, 700, 2058, -3934, 11398, 32701]
[R Mon Oct  9 13:47:44 2023] [1, 2, -14, -70, -140, -6958, -9926, 21242, 31585]
[R Mon Oct  9 13:50:25 2023] [1, 2, -14, -70, -140, -154, -98, -13714, 32485]
[R Mon Oct  9 13:51:01 2023] [1, 2, -14, -70, -140, -910, 7210, -25270, 32305]
[R Mon Oct  9 13:51:01 2023] [1, 2, -14, -70, -420, 1190, 1890, 10850, 32305]
[R Mon Oct  9 13:51:31 2023] [1, 2, -14, -70, -420, -1274, -1778, -25714, 32845]
[R Mon Oct  9 13:53:51 2023] [1, 2, -14, -70, -140, -7462, -10654, 22818, 33925]
[R Mon Oct  9 13:55:04 2023] [1, 2, -14, -70, -140, -2422, -8414, 6338, 34285]
[R Mon Oct  9 13:55:16 2023] [1, 2, 28, 84, 0, 1904, -3612, 24912, 36706]
[R Mon Oct  9 13:59:44 2023] [1, 2, -14, -70, -140, -7966, -11382, 24394, 36265]
[R Mon Oct  9 13:59:44 2023] [1, 2, -14, -70, -420, -1274, -1778, -27154, 36265]
[R Mon Oct  9 14:00:13 2023] [1, 2, -14, -70, 140, 966, 1582, -24754, 36445]
[R Mon Oct  9 14:01:11 2023] [1, 2, -42, 154, 140, -1386, 2338, 19102, 39541]
[R Mon Oct  9 14:01:41 2023] [1, 2, 0, 0, 0, 7168, 36736, 63440, 37210]
[R Mon Oct  9 14:01:41 2023] [1, 2, 0, 0, 0, 112, -3696, 29280, 37210]
[R Mon Oct  9 14:02:18 2023] [1, 2, 0, 0, 0, 364, -6552, 26520, 37570]
[R Mon Oct  9 14:03:26 2023] [1, 2, -14, -70, 0, 406, 742, -17794, 37345]
[R Mon Oct  9 14:03:42 2023] [1, 2, -42, 154, 560, -3066, 4858, 54382, 40801]
[R Mon Oct  9 14:04:55 2023] [1, 2, -14, -70, -280, -714, -938, -19714, 38965]
[R Mon Oct  9 14:05:30 2023] [1, 2, -14, -70, -140, -154, -98, -16594, 39325]
[R Mon Oct  9 14:06:11 2023] [1, 2, -14, -70, -420, -1274, -1778, -28594, 39685]
[R Mon Oct  9 14:07:13 2023] [1, 2, -14, -70, 140, 966, 1582, -26194, 39865]
[R Mon Oct  9 14:09:22 2023] [1, 2, -14, -70, 0, 406, 742, -19234, 40765]
[R Mon Oct  9 14:11:10 2023] [1, 2, -42, -126, 420, 7042, 29974, 61106, 45373]
[R Mon Oct  9 14:11:19 2023] [1, 2, -14, -70, -140, -154, -98, -18034, 42745]
[R Mon Oct  9 14:11:31 2023] [1, 2, 0, 0, 0, 1372, -12936, 23400, 42250]
[R Mon Oct  9 14:11:31 2023] [1, 2, 0, 0, 0, 112, 4144, 41600, 42250]
[R Mon Oct  9 14:11:46 2023] [1, 2, -14, -70, -420, -1274, -1778, -30034, 43105]
[R Mon Oct  9 14:13:20 2023] [1, 2, -14, -70, 0, 406, 742, -20674, 44185]
[R Mon Oct  9 14:13:35 2023] [1, 2, -14, -70, 140, 966, 1582, -27634, 43285]
[R Mon Oct  9 14:13:57 2023] [1, 2, -42, 154, 560, -3066, 4858, 55822, 47461]
[R Mon Oct  9 14:14:24 2023] [1, 2, 0, 0, 0, 4144, 29008, 65120, 44770]
[R Mon Oct  9 14:16:13 2023] [1, 2, -14, -70, -140, -406, 4578, -27326, 45805]
[R Mon Oct  9 14:16:27 2023] [1, 2, 0, 0, 0, 364, 8008, 49400, 46930]
[R Mon Oct  9 14:18:52 2023] [1, 2, -14, -70, -280, -714, -938, -24034, 49225]
[R Mon Oct  9 14:19:30 2023] [1, 2, -14, -70, 140, 966, 1582, -30514, 50125]
[R Mon Oct  9 14:19:55 2023] [1, 2, -14, -70, -420, -1274, -1778, -32914, 49945]
[R Mon Oct  9 14:19:57 2023] [1, 2, -14, -70, -140, -154, -98, 15626, 49585]
[R Mon Oct  9 14:19:57 2023] [1, 2, -14, -70, -140, -154, -98, -20914, 49585]
[R Mon Oct  9 14:20:24 2023] [1, 2, -42, 154, 560, -3066, 4858, 57262, 54121]
[R Mon Oct  9 14:20:35 2023] [1, 2, -42, -126, 420, 7546, 33502, 70538, 54409]
[R Mon Oct  9 14:20:54 2023] [1, 2, -14, -70, -140, -406, -4382, -13246, 51565]
[R Mon Oct  9 14:21:43 2023] [1, 2, -14, -70, -280, -714, -938, -25474, 52645]
[R Mon Oct  9 14:21:58 2023] [1, 2, -14, -70, -140, -154, -98, -22354, 53005]
[R Mon Oct  9 14:22:16 2023] [1, 2, -14, -70, 140, 966, 1582, -31954, 53545]
[R Mon Oct  9 14:22:46 2023] [1, 2, -14, -70, -420, -1274, -1778, -34354, 53365]
[R Mon Oct  9 14:22:53 2023] [1, 2, -14, -70, 0, 406, 742, -24994, 54445]
[R Mon Oct  9 14:23:29 2023] [1, 2, -14, -70, -140, 2114, -602, 2774, 54625]
[R Mon Oct  9 14:23:53 2023] [1, 2, -14, -70, -280, -714, -938, -26914, 56065]
[R Mon Oct  9 14:24:00 2023] [1, 2, -14, -70, -140, -154, -98, -23794, 56425]
[R Mon Oct  9 14:24:19 2023] [1, 2, -14, -70, -420, -1274, -1778, -35794, 56785]
[R Mon Oct  9 14:25:52 2023] [1, 2, -14, -70, -280, -714, -938, -28354, 59485]
[R Mon Oct  9 14:26:14 2023] [1, 2, -14, -70, -420, -1274, -1778, -37234, 60205]
[R Mon Oct  9 14:26:18 2023] [1, 2, -14, -70, 140, 966, 1582, -34834, 60385]
[R Mon Oct  9 14:26:58 2023] [1, 2, -14, -70, 0, 406, 742, -27874, 61285]
[R Mon Oct  9 14:27:10 2023] [1, 2, 0, 0, 0, 112, -4816, 50560, 62410]
[R Mon Oct  9 14:27:24 2023] [1, 2, -14, -70, -280, -714, -938, -29794, 62905]
[R Mon Oct  9 14:27:31 2023] [1, 2, -14, -70, -140, -910, -7910, -10150, 62545]
[R Mon Oct  9 14:27:33 2023] [1, 2, -14, -70, -140, -154, -98, -26674, 63265]
[R Mon Oct  9 14:27:50 2023] [1, 2, -14, -70, 140, 966, 1582, -36274, 63805]
[R Mon Oct  9 14:28:20 2023] [1, 2, -14, -70, 0, 406, 742, -29314, 64705]
[R Mon Oct  9 14:28:41 2023] [1, 2, -14, -70, -280, -714, -938, -31234, 66325]
[R Mon Oct  9 14:28:52 2023] [1, 2, -14, -70, -420, -1274, -1778, -40114, 67045]
[R Mon Oct  9 14:28:52 2023] [1, 2, -14, -98, 420, -2562, -11354, 15978, 70141]
[R Mon Oct  9 14:29:04 2023] [1, 2, -14, -70, 140, 966, 1582, -37714, 67225]
[R Mon Oct  9 14:29:04 2023] [1, 2, -14, -70, 0, 406, 742, -30754, 68125]
[R Mon Oct  9 14:29:33 2023] [1, 2, -14, -70, -140, -1750, -12670, -5150, 68485]
[R Mon Oct  9 14:29:47 2023] [1, 2, -14, -70, -420, -1274, -1778, -41554, 70465]
[R Mon Oct  9 14:30:03 2023] [1, 2, -14, -70, 0, 406, 742, -32194, 71545]
[R Mon Oct  9 14:30:07 2023] [1, 2, -42, -126, 420, 3990, 14070, 32070, 75865]
[R Mon Oct  9 14:30:25 2023] [1, 2, -14, -70, -280, -714, -938, -34114, 73165]
[R Mon Oct  9 14:30:37 2023] [1, 2, -14, -70, 140, 966, 1582, -40594, 74065]
[R Mon Oct  9 14:30:41 2023] [1, 2, -14, -70, -140, -154, -98, -30994, 73525]
[R Mon Oct  9 14:30:43 2023] [1, 2, -14, -70, -420, -1274, -1778, -42994, 73885]
[R Mon Oct  9 14:30:51 2023] [1, 2, -14, -70, 0, 406, 742, -33634, 74965]
[R Mon Oct  9 14:31:04 2023] [1, 2, -14, -70, -280, -714, -938, -35554, 76585]
[R Mon Oct  9 14:31:11 2023] [1, 2, -14, -70, 140, 966, 1582, -42034, 77485]
[R Mon Oct  9 14:31:18 2023] [1, 2, -14, -70, 0, 406, 742, -35074, 78385]
[R Mon Oct  9 14:31:21 2023] [1, 2, -14, -70, -420, -1274, -1778, -44434, 77305]
[R Mon Oct  9 14:31:30 2023] [1, 2, -14, -70, -140, -406, -5502, -23006, 79645]
[R Mon Oct  9 14:31:33 2023] [1, 2, -14, -70, -280, -714, -938, -36994, 80005]
[R Mon Oct  9 14:31:36 2023] [1, 2, -14, -70, -140, -154, -98, -33874, 80365]
[R Mon Oct  9 14:31:37 2023] [1, 2, -14, -70, -420, -1274, -1778, -45874, 80725]
[R Mon Oct  9 14:31:48 2023] [1, 2, -14, -70, -140, -3178, -16226, 2702, 81445]
[R Mon Oct  9 14:31:55 2023] [1, 2, -14, -70, -280, -714, -938, -38434, 83425]
[R Mon Oct  9 14:31:59 2023] [1, 2, -14, -70, -140, -154, -98, -35314, 83785]
[R Mon Oct  9 14:32:01 2023] [1, 2, -14, -70, 140, 966, 1582, -44914, 84325]
[R Mon Oct  9 14:32:01 2023] [1, 2, -14, -70, -420, -1274, -1778, -47314, 84145]
[R Mon Oct  9 14:32:10 2023] [1, 2, -14, -70, 0, 406, 742, -37954, 85225]
[R Mon Oct  9 14:32:18 2023] [1, 2, -14, -70, -140, -154, -98, -36754, 87205]
[R Mon Oct  9 14:32:18 2023] [1, 2, -14, -70, -280, -714, -938, -39874, 86845]
[R Mon Oct  9 14:32:19 2023] [1, 2, -14, -70, -420, -1274, -1778, -48754, 87565]
[R Mon Oct  9 14:32:24 2023] [1, 2, -14, -70, 140, 966, 1582, -46354, 87745]
[R Mon Oct  9 14:32:31 2023] [1, 2, -14, -70, -140, -154, -98, -38194, 90625]
[R Mon Oct  9 14:32:31 2023] [1, 2, -14, -70, 0, 406, 742, -39394, 88645]
[R Mon Oct  9 14:32:34 2023] [1, 2, -14, -70, -280, -714, -938, -41314, 90265]
[R Mon Oct  9 14:32:37 2023] [1, 2, -14, -70, 0, 406, 742, -40834, 92065]
[R Mon Oct  9 14:32:48 2023] [1, 2, -14, -70, -280, -714, -938, -42754, 93685]
Total elapsed time: 75677982223us
Server			Amount			Total Time (us)		Fastest Time (us)	Slowest Time (us)	Approx Avg Time (us)
Idle:           217912049       75339557855         0                   28107191            345             
Generate:       108954868       6733822             0                   5348                0               

Workers			Amount			Total Time (us)		Fastest Time (us)	Slowest Time (us)	Approx Avg Time (us)
Workers:        511             38668758587356      75672400274         75677038597         75672717392     
Read input:     511             6078953288          11376586            11995715            11896190        
Idle:           108955379       30292637467         1                   5673717             278             
Work units:     108954868       38635715405830      1                   18114664487         354602          
Init:           108954868       2960051122          0                   151445              27              
Generate:       29557281413252  13192993072247      0                   3412680             0               
Last coeff.:    1746380974209   7616450304461       0                   45015               4               
Disc. eval.:    30635734938068  1402065427723       0                   129965              0               
Lagrange:       109203532       250998358           0                   13038               2               
Send results:   722             45516               3                   166                 63              
Disc. sq. test: 29557281413252  11503520611         0                   42027               0               
Saved:          780             5347                1                   38                  6               
