[I Fri Oct 20 22:14:46 2023] Program launch: 512 workers
[A Fri Oct 20 22:14:46 2023] ./bin/enum-stats -coeffs -2 -divisors 2,14,14,140,14,14,2,1 -discriminant -210827008000000 -input data/257/p2e14mod4_2ds1.txt,data/257/p5e6mod25_s1eq2.txt,data/257/p7e7mod49_s1eq2.txt,data/257/p3e0mod9_s1eq2_a8eq8.txt -output data/output/257/output1467_s1eq2_a8eq8m9.txt -tree data/257/treea8.txt -locked 3 -filter 11 
[R Fri Oct 20 22:15:45 2023] [1, 2, -14, -70, 420, 2086, 3262, 11406, -122095]
[R Fri Oct 20 22:15:51 2023] [1, 2, -14, -70, 420, 2086, 3262, 9966, -118675]
[R Fri Oct 20 22:15:58 2023] [1, 2, -14, -70, 420, 2086, 3262, 8526, -115255]
[R Fri Oct 20 22:16:03 2023] [1, 2, -14, -70, 280, 1526, 2422, 25566, -113095]
[R Fri Oct 20 22:16:05 2023] [1, 2, -14, -70, 420, 2086, 3262, 7086, -111835]
[R Fri Oct 20 22:16:08 2023] [1, 2, -14, -70, 280, 1526, 2422, 24126, -109675]
[R Fri Oct 20 22:16:10 2023] [1, 2, -14, -70, 420, 2086, 3262, 5646, -108415]
[R Fri Oct 20 22:16:18 2023] [1, 2, -14, -70, 420, 2086, 3262, 4206, -104995]
[R Fri Oct 20 22:16:22 2023] [1, 2, -14, -70, 280, 1526, 2422, 21246, -102835]
[R Fri Oct 20 22:16:25 2023] [1, 2, -14, -70, 420, 2086, 3262, 2766, -101575]
[R Fri Oct 20 22:16:27 2023] [1, 2, -14, -70, -560, -1834, -2618, 16926, -101395]
[R Fri Oct 20 22:16:30 2023] [1, 2, -14, -70, -140, 1638, 14686, 10478, -99955]
[R Fri Oct 20 22:16:30 2023] [1, 2, -14, -70, -420, -1274, -1778, 30126, -99775]
[R Fri Oct 20 22:16:32 2023] [1, 2, -14, -70, 280, 1526, 2422, 19806, -99415]
[R Fri Oct 20 22:16:34 2023] [1, 2, -14, -70, 0, 406, 742, 39486, -98695]
[R Fri Oct 20 22:16:36 2023] [1, 2, -14, -70, 420, 2086, 3262, 1326, -98155]
[R Fri Oct 20 22:16:39 2023] [1, 2, -14, -70, -560, -1834, -2618, 15486, -97975]
[R Fri Oct 20 22:16:43 2023] [1, 2, -14, -70, 280, 1526, 2422, 18366, -95995]
[R Fri Oct 20 22:16:44 2023] [1, 2, -14, -70, -420, -1274, -1778, 28686, -96355]
[R Fri Oct 20 22:16:44 2023] [1, 2, -14, -70, 0, 406, 742, 38046, -95275]
[R Fri Oct 20 22:16:45 2023] [1, 2, -14, -70, -140, -154, -98, 40686, -96715]
[R Fri Oct 20 22:16:48 2023] [1, 2, -14, -70, 420, 2086, 3262, -114, -94735]
[R Fri Oct 20 22:16:48 2023] [1, 2, -14, -70, -560, -1834, -2618, 14046, -94555]
[R Fri Oct 20 22:16:54 2023] [1, 2, -14, -70, -140, -154, -98, 39246, -93295]
[R Fri Oct 20 22:16:58 2023] [1, 2, -14, -70, 280, 1526, 2422, 16926, -92575]
[R Fri Oct 20 22:17:00 2023] [1, 2, -14, -70, 0, 406, 742, 36606, -91855]
[R Fri Oct 20 22:17:01 2023] [1, 2, -14, -70, -420, -1274, -1778, 27246, -92935]
[R Fri Oct 20 22:17:03 2023] [1, 2, 0, 84, 980, -112, -18704, -61840, -87238]
[R Fri Oct 20 22:17:05 2023] [1, 2, -14, -70, -560, -1834, -2618, 12606, -91135]
[R Fri Oct 20 22:17:05 2023] [1, 2, -14, -70, -840, -2954, -4298, -31074, -91135]
[R Fri Oct 20 22:17:06 2023] [1, 2, -14, -70, 420, 2086, 3262, -1554, -91315]
[R Fri Oct 20 22:17:06 2023] [1, 2, -14, -70, -140, 2646, 16702, 686, -91315]
[R Fri Oct 20 22:17:08 2023] [1, 2, -14, -70, -140, -154, -98, 37806, -89875]
[R Fri Oct 20 22:17:21 2023] [1, 2, -14, -70, -560, -1834, -2618, 11166, -87715]
[R Fri Oct 20 22:17:22 2023] [1, 2, -14, -70, 280, 1526, 2422, 15486, -89155]
[R Fri Oct 20 22:17:27 2023] [1, 2, -14, -70, 420, 2086, 3262, -2994, -87895]
[R Fri Oct 20 22:17:30 2023] [1, 2, -14, -70, -420, -1274, -1778, 24366, -86095]
[R Fri Oct 20 22:17:32 2023] [1, 2, -14, -70, 280, 1526, 2422, 14046, -85735]
[R Fri Oct 20 22:17:33 2023] [1, 2, -14, -70, 700, 3206, 4942, -55794, -85555]
[R Fri Oct 20 22:17:36 2023] [1, 2, 56, 112, 1120, 644, -2912, 16224, -80182]
[R Fri Oct 20 22:17:38 2023] [1, 2, -14, -70, 420, 2086, 3262, -4434, -84475]
[R Fri Oct 20 22:17:42 2023] [1, 2, -14, -70, -560, -1834, -2618, 9726, -84295]
[R Fri Oct 20 22:17:51 2023] [1, 2, -14, -70, -420, -1274, -1778, 22926, -82675]
[R Fri Oct 20 22:18:08 2023] [1, 2, -14, -70, -560, -1834, -2618, 8286, -80875]
[R Fri Oct 20 22:18:08 2023] [1, 2, -14, -70, -840, -2954, -4298, -35394, -80875]
[R Fri Oct 20 22:18:11 2023] [1, 2, -14, -70, 0, 406, 742, 32286, -81595]
[R Fri Oct 20 22:18:18 2023] [1, 2, 28, 84, -280, 1848, -2744, 47004, -74818]
[R Fri Oct 20 22:18:21 2023] [1, 2, -14, -70, -140, -154, -98, 33486, -79615]
[R Fri Oct 20 22:18:28 2023] [1, 2, -14, -70, -420, -1274, -1778, 21486, -79255]
[R Fri Oct 20 22:18:28 2023] [1, 2, -14, -70, 280, 1526, 2422, 11166, -78895]
[R Fri Oct 20 22:18:32 2023] [1, 2, -14, -70, 0, 406, 742, 30846, -78175]
[R Fri Oct 20 22:18:39 2023] [1, 2, -14, -70, 420, 2086, 3262, -7314, -77635]
[R Fri Oct 20 22:18:48 2023] [1, 2, -14, -70, -560, -1834, -2618, 6846, -77455]
[R Fri Oct 20 22:18:48 2023] [1, 2, -14, -70, -840, -2954, -4298, -36834, -77455]
[R Fri Oct 20 22:19:00 2023] [1, 2, -14, -70, -420, -1274, -1778, 20046, -75835]
[R Fri Oct 20 22:19:01 2023] [1, 2, -14, -70, 280, 1526, 2422, 9726, -75475]
[R Fri Oct 20 22:19:12 2023] [1, 2, -14, -70, 0, 406, 742, 29406, -74755]
[R Fri Oct 20 22:19:19 2023] [1, 2, -14, -70, 420, 2086, 3262, -8754, -74215]
[R Fri Oct 20 22:19:31 2023] [1, 2, 0, -140, -840, 2212, 14784, -11660, -74350]
[R Fri Oct 20 22:19:37 2023] [1, 2, -14, -70, -560, -1834, -2618, 5406, -74035]
[R Fri Oct 20 22:19:37 2023] [1, 2, -14, -70, -840, -2954, -4298, -38274, -74035]
[R Fri Oct 20 22:19:46 2023] [1, 2, -14, -70, 280, 1526, 2422, 8286, -72055]
[R Fri Oct 20 22:19:48 2023] [1, 2, -14, -70, -140, -154, -98, 30606, -72775]
[R Fri Oct 20 22:19:50 2023] [1, 2, -14, -70, -420, -1274, -1778, 18606, -72415]
[R Fri Oct 20 22:20:01 2023] [1, 2, -14, -70, 0, 406, 742, 27966, -71335]
[R Fri Oct 20 22:20:04 2023] [1, 2, -14, -70, 420, 2086, 3262, -10194, -70795]
[R Fri Oct 20 22:20:06 2023] [1, 2, -14, -70, -560, -1834, -2618, 3966, -70615]
[R Fri Oct 20 22:20:25 2023] [1, 2, -14, 182, 1400, 602, -16366, -56258, -65791]
[R Fri Oct 20 22:20:31 2023] [1, 2, -14, -70, -140, -154, -98, 29166, -69355]
[R Fri Oct 20 22:20:47 2023] [1, 2, -14, -70, 280, 1526, 2422, 6846, -68635]
[R Fri Oct 20 22:20:52 2023] [1, 2, -14, -70, -420, -1274, -1778, 17166, -68995]
[R Fri Oct 20 22:21:02 2023] [1, 2, -14, -70, -560, -1834, -2618, 2526, -67195]
[R Fri Oct 20 22:21:32 2023] [1, 2, -14, -70, -140, -154, -98, 27726, -65935]
[R Fri Oct 20 22:21:33 2023] [1, 2, -14, -70, -420, -1274, -1778, 15726, -65575]
[R Fri Oct 20 22:22:05 2023] [1, 2, -14, -70, -140, 98, 4746, 17738, -64855]
[R Fri Oct 20 22:22:08 2023] [1, 2, -14, -70, -840, -2954, -4298, -42594, -63775]
[R Fri Oct 20 22:22:09 2023] [1, 2, -14, -70, 280, 1526, 2422, 5406, -65215]
[R Fri Oct 20 22:22:37 2023] [1, 2, -14, -70, 420, 2086, 3262, -13074, -63955]
[R Fri Oct 20 22:22:56 2023] [1, 2, -14, -70, -420, -1274, -1778, 14286, -62155]
[R Fri Oct 20 22:23:32 2023] [1, 2, -14, -70, 0, 406, 742, 23646, -61075]
[R Fri Oct 20 22:23:36 2023] [1, 2, -14, -70, 420, 2086, 3262, -14514, -60535]
[R Fri Oct 20 22:23:42 2023] [1, 2, -14, -70, -560, -1834, -2618, -354, -60355]
[R Fri Oct 20 22:24:16 2023] [1, 2, -14, -70, -140, -154, -98, 24846, -59095]
[R Fri Oct 20 22:24:26 2023] [1, 2, -14, -70, -420, -1274, -1778, 12846, -58735]
[R Fri Oct 20 22:24:29 2023] [1, 2, -14, -70, -140, 98, -5334, 33578, -58375]
[R Fri Oct 20 22:24:44 2023] [1, 2, -14, -238, -1120, -3850, -7350, -27550, -53875]
[R Fri Oct 20 22:24:58 2023] [1, 2, 0, 0, -140, 2772, 4844, -15040, -56890]
[R Fri Oct 20 22:25:15 2023] [1, 2, -14, -70, 420, 2086, 3262, -15954, -57115]
[R Fri Oct 20 22:25:19 2023] [1, 2, -14, -70, -560, -1834, -2618, -1794, -56935]
[R Fri Oct 20 22:25:30 2023] [1, 2, -14, -70, 0, 406, 742, 22206, -57655]
[R Fri Oct 20 22:26:00 2023] [1, 2, -14, -70, -140, -154, -98, 23406, -55675]
[R Fri Oct 20 22:26:22 2023] [1, 2, -14, -70, -420, -1274, -1778, 11406, -55315]
[R Fri Oct 20 22:26:28 2023] [1, 2, -42, 154, 560, -3066, 4858, 34542, -50959]
[R Fri Oct 20 22:26:34 2023] [1, 2, -14, -70, 280, 1526, 2422, 1086, -54955]
[R Fri Oct 20 22:27:01 2023] [1, 2, -14, -70, 0, 406, 742, 20766, -54235]
[R Fri Oct 20 22:27:12 2023] [1, 2, -42, 154, 420, -2506, 4018, 20382, -49879]
[R Fri Oct 20 22:27:21 2023] [1, 2, -14, -70, 420, 2086, 3262, -17394, -53695]
[R Fri Oct 20 22:27:31 2023] [1, 2, -14, -98, -700, -6230, -27650, -59250, -49375]
[R Fri Oct 20 22:27:54 2023] [1, 2, 0, 140, 0, -3276, -8652, 3320, -54190]
[R Fri Oct 20 22:28:03 2023] [1, 2, -14, -70, -560, -1834, -2618, -3234, -53515]
[R Fri Oct 20 22:28:03 2023] [1, 2, -14, -70, -840, -2954, -4298, -46914, -53515]
[R Fri Oct 20 22:28:19 2023] [1, 2, 0, 0, 0, -4816, -33712, -75680, -52030]
[R Fri Oct 20 22:28:28 2023] [1, 2, -14, -210, 0, 4858, 1526, -21742, -50995]
[R Fri Oct 20 22:28:36 2023] [1, 2, -14, -70, -420, -1274, -1778, 9966, -51895]
[R Fri Oct 20 22:29:07 2023] [1, 2, -14, -70, 280, 1526, 2422, -354, -51535]
[R Fri Oct 20 22:29:21 2023] [1, 2, -42, -266, 140, 4158, 5726, -17206, -46963]
[R Fri Oct 20 22:29:26 2023] [1, 2, -14, -70, 0, 406, 742, 19326, -50815]
[R Fri Oct 20 22:29:42 2023] [1, 2, -14, -70, 420, 2086, 3262, -18834, -50275]
[R Fri Oct 20 22:30:00 2023] [1, 2, 0, 0, 0, -2800, 19600, -22720, -50410]
[R Fri Oct 20 22:30:49 2023] [1, 2, -14, -70, -560, -1834, -2618, -4674, -50095]
[R Fri Oct 20 22:30:49 2023] [1, 2, -14, -70, -840, -2954, -4298, -48354, -50095]
[R Fri Oct 20 22:31:35 2023] [1, 2, -14, -70, -420, -1274, -1778, 8526, -48475]
[R Fri Oct 20 22:31:39 2023] [1, 2, -14, -70, 280, 1526, 2422, -1794, -48115]
[R Fri Oct 20 22:31:52 2023] [1, 2, -14, -70, -140, -154, -98, 20526, -48835]
[R Fri Oct 20 22:31:52 2023] [1, 2, -42, 154, 560, -3066, 4858, 35982, -44299]
[R Fri Oct 20 22:32:18 2023] [1, 2, -14, -70, 0, 406, 742, 17886, -47395]
[R Fri Oct 20 22:32:50 2023] [1, 2, -14, -70, 420, 2086, 3262, -20274, -46855]
[R Fri Oct 20 22:33:01 2023] [1, 2, -42, 154, 420, -2506, 4018, 21822, -43219]
[R Fri Oct 20 22:33:02 2023] [1, 2, -14, -70, -560, -1834, -2618, -6114, -46675]
[R Fri Oct 20 22:34:34 2023] [1, 2, -14, -70, -140, 546, 6202, 5786, -45415]
[R Fri Oct 20 22:34:34 2023] [1, 2, -14, -70, -140, -154, -98, 19086, -45415]
[R Fri Oct 20 22:35:59 2023] [1, 2, -14, -70, 280, 1526, 2422, -3234, -44695]
[R Fri Oct 20 22:36:04 2023] [1, 2, -14, -70, -420, -1274, -1778, 7086, -45055]
[R Fri Oct 20 22:36:06 2023] [1, 2, -14, -70, 0, 406, 742, 16446, -43975]
[R Fri Oct 20 22:37:19 2023] [1, 2, -14, -70, -560, -1834, -2618, -7554, -43255]
[R Fri Oct 20 22:37:19 2023] [1, 2, -14, -70, -840, -2954, -4298, -51234, -43255]
[R Fri Oct 20 22:37:43 2023] [1, 2, -14, -70, 420, 2086, 3262, -21714, -43435]
[R Fri Oct 20 22:38:34 2023] [1, 2, -42, 154, 140, -1386, 2338, 2142, -38899]
[R Fri Oct 20 22:38:56 2023] [1, 2, -14, -70, -140, -154, -98, 17646, -41995]
[R Fri Oct 20 22:39:51 2023] [1, 2, -14, -70, -420, -1274, -1778, 5646, -41635]
[R Fri Oct 20 22:40:27 2023] [1, 2, -42, 154, 560, -3066, 4858, 37422, -37639]
[R Fri Oct 20 22:41:03 2023] [1, 2, -14, -70, 280, 1526, 2422, -4674, -41275]
[R Fri Oct 20 22:42:08 2023] [1, 2, -42, 154, 420, -2506, 4018, 23262, -36559]
[R Fri Oct 20 22:42:08 2023] [1, 2, -14, -70, -560, -1834, -2618, -8994, -39835]
[R Fri Oct 20 22:42:08 2023] [1, 2, -14, -70, -840, -2954, -4298, -52674, -39835]
[R Fri Oct 20 22:43:10 2023] [1, 2, -14, -70, 420, 2086, 3262, -23154, -40015]
[R Fri Oct 20 22:45:09 2023] [1, 2, -14, -70, -420, -1274, -1778, 4206, -38215]
[R Fri Oct 20 22:45:48 2023] [1, 2, -14, -70, 280, 1526, 2422, -6114, -37855]
[R Fri Oct 20 22:47:40 2023] [1, 2, 0, -196, 1120, -1148, -4116, 18020, -34282]
[R Fri Oct 20 22:48:17 2023] [1, 2, -14, -70, 0, 406, 742, 13566, -37135]
[R Fri Oct 20 22:48:44 2023] [1, 2, -14, -70, -560, -1834, -2618, -10434, -36415]
[R Fri Oct 20 22:51:19 2023] [1, 2, -14, -70, -140, -154, -98, 14766, -35155]
[R Fri Oct 20 22:52:07 2023] [1, 2, -14, -70, -420, -1274, -1778, 2766, -34795]
[R Fri Oct 20 22:55:31 2023] [1, 2, -14, -70, 420, 2086, 3262, -26034, -33175]
[R Fri Oct 20 22:56:22 2023] [1, 2, -14, -70, -560, -1834, -2618, -11874, -32995]
[R Fri Oct 20 22:56:35 2023] [1, 2, -42, 154, 420, -2506, 4018, 24702, -29899]
[R Fri Oct 20 22:57:17 2023] [1, 2, -14, -70, 0, 406, 742, 12126, -33715]
[R Fri Oct 20 22:59:01 2023] [1, 2, -42, 154, 0, -826, 1498, -1938, -28999]
[R Fri Oct 20 23:00:32 2023] [1, 2, -14, -70, -280, 126, 4662, 5366, -31555]
[R Fri Oct 20 23:00:37 2023] [1, 2, -14, -70, -140, -154, -98, 13326, -31735]
[R Fri Oct 20 23:00:47 2023] [1, 2, -14, -70, -420, -1274, -1778, 1326, -31375]
[R Fri Oct 20 23:01:55 2023] [1, 2, -14, 42, 700, 2758, 966, -8002, -28639]
[R Fri Oct 20 23:02:12 2023] [1, 2, -14, -70, 280, 1526, 2422, -8994, -31015]
[R Fri Oct 20 23:04:20 2023] [1, 2, -14, -70, 0, 406, 742, 10686, -30295]
[R Fri Oct 20 23:05:16 2023] [1, 2, -42, 154, -280, 294, -182, -5778, -27019]
[R Fri Oct 20 23:06:39 2023] [1, 2, -14, -70, 420, 2086, 3262, -27474, -29755]
[R Fri Oct 20 23:07:19 2023] [1, 2, -14, -70, -140, 98, 3066, 5978, -29575]
[R Fri Oct 20 23:07:19 2023] [1, 2, -14, -70, -560, -1834, -2618, -13314, -29575]
[R Fri Oct 20 23:07:57 2023] [1, 2, 0, 0, 0, -28, -1736, -28600, -30250]
[R Fri Oct 20 23:07:57 2023] [1, 2, 0, 0, 0, -2800, -19600, -44000, -30250]
[R Fri Oct 20 23:08:05 2023] [1, 2, -42, -126, 700, -4606, -33642, -53438, -26299]
[R Fri Oct 20 23:09:57 2023] [1, 2, 0, 0, 0, -8092, -35224, -53000, -28090]
[R Fri Oct 20 23:10:22 2023] [1, 2, -42, 154, 140, -1386, 2338, 5022, -25579]
[R Fri Oct 20 23:10:36 2023] [1, 2, -42, -266, -1120, 966, 7462, 7218, -25471]
[R Fri Oct 20 23:10:53 2023] [1, 2, -14, 210, 840, 8834, -39102, 57474, -27775]
[R Fri Oct 20 23:11:23 2023] [1, 2, 56, 112, 2660, 11172, 15624, 9312, -25966]
[R Fri Oct 20 23:16:23 2023] [1, 2, -42, 154, -280, -9814, -17738, 50498, -24031]
[R Fri Oct 20 23:18:02 2023] [1, 2, -14, 210, 840, 7826, -36078, 53586, -25975]
[R Fri Oct 20 23:19:13 2023] [1, 2, -14, -70, 420, 2086, 3262, -28914, -26335]
[R Fri Oct 20 23:20:07 2023] [1, 2, 0, -56, -1960, -11788, -30016, -41420, -23662]
[R Fri Oct 20 23:20:11 2023] [1, 2, -42, 154, 420, -2506, 4018, 26142, -23239]
[R Fri Oct 20 23:21:58 2023] [1, 2, -14, 210, 840, 7322, -34566, 51642, -25075]
[R Fri Oct 20 23:23:05 2023] [1, 2, -14, -70, -560, -1834, -2618, -14754, -26155]
[R Fri Oct 20 23:23:51 2023] [1, 2, -14, -70, -140, 98, -3654, 16538, -25255]
[R Fri Oct 20 23:25:45 2023] [1, 2, -42, -266, -1120, -4410, -10010, -16590, -22015]
[R Fri Oct 20 23:26:20 2023] [1, 2, -14, -350, -1120, 4130, -32270, 48530, -23095]
[R Fri Oct 20 23:27:56 2023] [1, 2, -14, -70, -140, 13482, -41006, 52562, -24355]
[R Fri Oct 20 23:27:59 2023] [1, 2, -14, -70, 280, 1526, 2422, -11874, -24175]
[R Fri Oct 20 23:28:05 2023] [1, 2, -42, 154, -420, 854, -1022, -2658, -21619]
[R Fri Oct 20 23:28:54 2023] [1, 2, -14, -70, -140, -154, -98, 10446, -24895]
[R Fri Oct 20 23:29:07 2023] [1, 2, -14, -70, -420, -1274, -1778, -1554, -24535]
[R Fri Oct 20 23:31:21 2023] [1, 2, -14, -350, -1120, 3626, -30758, 46586, -22195]
[R Fri Oct 20 23:33:03 2023] [1, 2, -70, -70, 1540, -1050, -11550, 28450, -22375]
[R Fri Oct 20 23:34:50 2023] [1, 2, -42, 154, -280, 294, -182, -4338, -20359]
[R Fri Oct 20 23:35:45 2023] [1, 2, -14, -70, 420, 2086, 3262, -30354, -22915]
[R Fri Oct 20 23:36:29 2023] [1, 2, -14, -350, -1120, 3122, -29246, 44642, -21295]
[R Fri Oct 20 23:36:48 2023] [1, 2, -14, -70, -560, -1834, -2618, -16194, -22735]
[R Fri Oct 20 23:37:46 2023] [1, 2, 0, -56, 280, 868, 3136, -7560, -20818]
[R Fri Oct 20 23:41:49 2023] [1, 2, -14, -350, -1120, 2618, -27734, 42698, -20395]
[R Fri Oct 20 23:42:44 2023] [1, 2, -42, 154, -280, 266, -938, -6622, -18991]
[R Fri Oct 20 23:43:32 2023] [1, 2, -14, -70, -140, -154, -98, 9006, -21475]
[R Fri Oct 20 23:43:39 2023] [1, 2, -42, 154, 140, -1386, 2338, 6462, -18919]
[R Fri Oct 20 23:45:03 2023] [1, 2, 0, 0, 980, 2968, -1624, -37840, -21430]
[R Fri Oct 20 23:47:15 2023] [1, 2, -42, 154, -280, -11242, -23254, 47854, -18343]
[R Fri Oct 20 23:49:04 2023] [1, 2, -14, -350, -1120, 2114, -26222, 40754, -19495]
[R Fri Oct 20 23:49:18 2023] [1, 2, 56, -140, 560, -5320, 9380, 6060, -19450]
[R Fri Oct 20 23:50:54 2023] [1, 2, -14, -70, -420, -1274, -1778, -2994, -21115]
[R Fri Oct 20 23:51:18 2023] [1, 2, -14, -70, 280, 1526, 2422, -13314, -20755]
[R Fri Oct 20 23:52:25 2023] [1, 2, -42, 154, 560, -3066, 4858, 41742, -17659]
[R Fri Oct 20 23:52:57 2023] [1, 2, -14, 210, 840, 4298, -25494, 39978, -19675]
[R Fri Oct 20 23:53:33 2023] [1, 2, -14, -70, 0, 406, 742, 6366, -20035]
[R Fri Oct 20 23:56:54 2023] [1, 2, -42, -126, 1540, -406, -17682, 37882, -17119]
[R Fri Oct 20 23:59:28 2023] [1, 2, -14, 210, 840, 3794, -23982, 38034, -18775]
[R Sat Oct 21 00:00:02 2023] [1, 2, -14, -70, 420, 2086, 3262, -31794, -19495]
[R Sat Oct 21 00:00:55 2023] [1, 2, -42, 154, 420, -2506, 4018, 27582, -16579]
[R Sat Oct 21 00:01:09 2023] [1, 2, -14, -70, -140, 10962, -33446, 42842, -19855]
[R Sat Oct 21 00:01:47 2023] [1, 2, -14, -350, -1120, 1106, -23198, 36866, -17695]
[R Sat Oct 21 00:06:56 2023] [1, 2, 70, 210, 980, 1862, 16254, 13050, -17335]
[R Sat Oct 21 00:09:29 2023] [1, 2, -14, -70, -140, 9954, -30422, 38954, -18055]
[R Sat Oct 21 00:09:29 2023] [1, 2, -14, -70, -140, -154, -98, 7566, -18055]
[R Sat Oct 21 00:09:37 2023] [1, 2, -14, -350, -1120, 602, -21686, 34922, -16795]
[R Sat Oct 21 00:09:58 2023] [1, 2, -42, 154, -560, 1414, -1862, 3342, -15499]
[R Sat Oct 21 00:11:54 2023] [1, 2, -42, 154, -700, 1974, -2702, 10782, -15319]
[R Sat Oct 21 00:12:19 2023] [1, 2, -14, -70, -420, -1274, -1778, -4434, -17695]
[R Sat Oct 21 00:13:58 2023] [1, 2, -14, -70, 700, -14, 10682, -6374, -17515]
[R Sat Oct 21 00:15:12 2023] [1, 2, -42, 154, -420, 854, -1022, -1218, -14959]
[R Sat Oct 21 00:16:56 2023] [1, 2, -14, -70, -140, 9450, -28910, 37010, -17155]
[R Sat Oct 21 00:18:22 2023] [1, 2, 0, 0, 1120, -6160, 21420, -22300, -17650]
[R Sat Oct 21 00:19:05 2023] [1, 2, -14, -350, -1120, 98, -20174, 32978, -15895]
[R Sat Oct 21 00:21:03 2023] [1, 2, -14, -70, 280, 1526, 2422, -14754, -17335]
[R Sat Oct 21 00:22:04 2023] [1, 2, -42, 154, -280, -406, 518, 8242, -14239]
[R Sat Oct 21 00:25:17 2023] [1, 2, -14, -70, -140, 8946, -27398, 35066, -16255]
[R Sat Oct 21 00:27:11 2023] [1, 2, 70, 210, 1260, 3066, 6482, 13030, -14995]
[R Sat Oct 21 00:27:48 2023] [1, 2, -42, 154, -280, 294, -182, -2898, -13699]
[R Sat Oct 21 00:27:56 2023] [1, 2, -14, -350, -1120, -406, -18662, 31034, -14995]
[R Sat Oct 21 00:31:35 2023] [1, 2, -14, -70, -560, -1834, -2618, -19074, -15895]
[R Sat Oct 21 00:32:10 2023] [1, 2, 56, -168, 840, -4144, 4872, 1976, -13618]
[R Sat Oct 21 00:32:26 2023] [1, 2, -14, -70, 420, 2086, 3262, -33234, -16075]
[R Sat Oct 21 00:32:37 2023] [1, 2, -14, 210, 840, 1778, -17934, 30258, -15175]
[R Sat Oct 21 00:33:23 2023] [1, 2, 0, -196, -140, 672, 3164, 1560, -13582]
[R Sat Oct 21 00:42:27 2023] [1, 2, -42, 154, -280, -20118, -77546, -52254, -12367]
[R Sat Oct 21 00:42:44 2023] [1, 2, -14, 210, 840, 1274, -16422, 28314, -14275]
[R Sat Oct 21 00:44:43 2023] [1, 2, -42, 154, 140, -1386, 2338, 7902, -12259]
[R Sat Oct 21 00:44:46 2023] [1, 2, -42, 154, -280, -1498, -1526, 14126, -12187]
[R Sat Oct 21 00:46:14 2023] [1, 2, -14, -70, -420, -1274, -1778, -5874, -14275]
[R Sat Oct 21 00:49:48 2023] [1, 2, 0, 0, 0, -2800, -14000, -23680, -13690]
[R Sat Oct 21 00:49:48 2023] [1, 2, 0, 0, 0, -8092, 12376, 7400, -13690]
[R Sat Oct 21 00:51:18 2023] [1, 2, -14, -350, -1120, -1414, -15638, 27146, -13195]
[R Sat Oct 21 00:54:00 2023] [1, 2, -14, -70, 280, 1526, 2422, -16194, -13915]
[R Sat Oct 21 01:01:50 2023] [1, 2, -42, 154, 560, -3066, 4858, 43182, -10999]
[R Sat Oct 21 01:03:54 2023] [1, 2, 28, 364, 1540, 1204, -15092, -23768, -10954]
[R Sat Oct 21 01:04:33 2023] [1, 2, -14, -70, -140, 7434, -22862, 29234, -13555]
[R Sat Oct 21 01:05:01 2023] [1, 2, 0, 280, 140, -18172, -52024, -45560, -12790]
[R Sat Oct 21 01:05:01 2023] [1, 2, 0, 280, -280, -16408, -18256, 35920, -12790]
[R Sat Oct 21 01:06:30 2023] [1, 2, -14, -70, 0, 406, 742, 3486, -13195]
[R Sat Oct 21 01:10:46 2023] [1, 2, -14, -70, 420, 2086, 3262, -34674, -12655]
[R Sat Oct 21 01:11:15 2023] [1, 2, -14, -70, -560, -1834, -2618, -20514, -12475]
[R Sat Oct 21 01:11:59 2023] [1, 2, 0, 280, 140, -17164, -50008, -44120, -12430]
[R Sat Oct 21 01:15:35 2023] [1, 2, -14, -350, -1120, -2422, -12614, 23258, -11395]
[R Sat Oct 21 01:15:41 2023] [1, 2, 0, 280, 140, -17668, -51016, -44840, -12610]
[R Sat Oct 21 01:16:01 2023] [1, 2, 0, 280, 140, -16156, -47992, -42680, -12070]
[R Sat Oct 21 01:17:41 2023] [1, 2, 0, -280, -140, -17164, -50008, -44120, -12430]
[R Sat Oct 21 01:21:17 2023] [1, 2, 0, 280, 140, -15148, -45976, -41240, -11710]
[R Sat Oct 21 01:27:17 2023] [1, 2, 0, -280, -140, -15148, -45976, -41240, -11710]
[R Sat Oct 21 01:31:03 2023] [1, 2, -14, -350, -1120, -2926, -11102, 21314, -10495]
[R Sat Oct 21 01:32:21 2023] [1, 2, -14, -70, -140, -154, -98, 4686, -11215]
[R Sat Oct 21 01:34:22 2023] [1, 2, -42, 154, 0, -826, 1498, 2382, -9019]
[R Sat Oct 21 01:35:33 2023] [1, 2, 0, -280, -140, -13636, -42952, -39080, -11170]
[R Sat Oct 21 01:37:49 2023] [1, 2, 0, 280, 140, -13132, -41944, -38360, -10990]
[R Sat Oct 21 01:38:37 2023] [1, 2, 0, 280, 140, -12628, -40936, -37640, -10810]
[R Sat Oct 21 01:38:40 2023] [1, 2, -14, 210, 840, -742, -10374, 20538, -10675]
[R Sat Oct 21 01:40:26 2023] [1, 2, -42, 154, -280, -18102, -47194, 41234, -8623]
[R Sat Oct 21 01:40:55 2023] [1, 2, -42, 154, -700, 1974, -2702, 12222, -8659]
[R Sat Oct 21 01:42:17 2023] [1, 2, 0, 280, 140, -12124, -39928, -36920, -10630]
[R Sat Oct 21 01:44:03 2023] [1, 2, 0, -280, -140, -12628, -40936, -37640, -10810]
[R Sat Oct 21 01:44:49 2023] [1, 2, 0, 280, 140, -14140, -43960, -39800, -11350]
[R Sat Oct 21 01:45:10 2023] [1, 2, 0, -280, -140, -13132, -41944, -38360, -10990]
[R Sat Oct 21 01:48:14 2023] [1, 2, -14, -350, -1120, -3430, -9590, 19370, -9595]
[R Sat Oct 21 01:54:07 2023] [1, 2, 0, -280, -140, -11116, -37912, -35480, -10270]
[R Sat Oct 21 01:55:23 2023] [1, 2, 0, 280, 140, -11620, -38920, -36200, -10450]
[R Sat Oct 21 01:56:02 2023] [1, 2, 0, 280, 140, -10108, -35896, -34040, -9910]
[R Sat Oct 21 02:02:58 2023] [1, 2, 0, 280, 140, -10612, -36904, -34760, -10090]
[R Sat Oct 21 02:03:06 2023] [1, 2, 0, -280, -140, -11620, -38920, -36200, -10450]
[R Sat Oct 21 02:04:39 2023] [1, 2, -42, 154, -280, -24906, -89782, -40018, -7579]
[R Sat Oct 21 02:05:23 2023] [1, 2, 0, 280, 140, -9604, -34888, -33320, -9730]
[R Sat Oct 21 02:08:06 2023] [1, 2, -14, -70, 0, 406, 742, 2046, -9775]
[R Sat Oct 21 02:08:45 2023] [1, 2, -14, -350, -1120, -3934, -8078, 17426, -8695]
[R Sat Oct 21 02:08:52 2023] [1, 2, 0, -280, -140, -10612, -36904, -34760, -10090]
[R Sat Oct 21 02:08:56 2023] [1, 2, -42, 154, -280, -7798, -18746, 25586, -7327]
[R Sat Oct 21 02:10:03 2023] [1, 2, -14, 210, 840, -1750, -7350, 16650, -8875]
[R Sat Oct 21 02:10:48 2023] [1, 2, -14, 42, -140, -518, 1274, 4062, -8011]
[R Sat Oct 21 02:10:54 2023] [1, 2, 0, 280, 140, -8092, -31864, -31160, -9190]
[R Sat Oct 21 02:11:21 2023] [1, 2, -14, -70, 420, 2086, 3262, -36114, -9235]
[R Sat Oct 21 02:11:21 2023] [1, 2, -14, -70, -140, 15974, -5922, -24466, -9235]
[R Sat Oct 21 02:11:21 2023] [1, 2, -14, -70, -140, 294, 1918, -946, -9235]
[R Sat Oct 21 02:11:37 2023] [1, 2, 0, 280, 140, -9100, -33880, -32600, -9550]
[R Sat Oct 21 02:12:20 2023] [1, 2, 0, -280, -140, -9604, -34888, -33320, -9730]
[R Sat Oct 21 02:13:11 2023] [1, 2, 0, -280, -140, -8596, -32872, -31880, -9370]
[R Sat Oct 21 02:16:34 2023] [1, 2, 0, -280, -140, -8092, -31864, -31160, -9190]
[R Sat Oct 21 02:16:48 2023] [1, 2, -14, -70, -560, -1834, -2618, -21954, -9055]
[R Sat Oct 21 02:17:12 2023] [1, 2, -42, 154, -280, 294, -182, -1458, -7039]
[R Sat Oct 21 02:18:45 2023] [1, 2, 0, -280, -140, -9100, -33880, -32600, -9550]
[R Sat Oct 21 02:22:44 2023] [1, 2, 0, -280, -140, -7588, -30856, -30440, -9010]
[R Sat Oct 21 02:30:55 2023] [1, 2, -14, -350, -1120, -4438, -6566, 15482, -7795]
[R Sat Oct 21 02:31:46 2023] [1, 2, -42, 154, -280, -8778, -35126, -25554, -6427]
[R Sat Oct 21 02:32:04 2023] [1, 2, 0, 280, 140, -7084, -29848, -29720, -8830]
[R Sat Oct 21 02:34:09 2023] [1, 2, 0, 280, 140, -5572, -26824, -27560, -8290]
[R Sat Oct 21 02:34:18 2023] [1, 2, 0, 280, 140, -6580, -28840, -29000, -8650]
[R Sat Oct 21 02:35:36 2023] [1, 2, -14, 210, 840, -2254, -5838, 14706, -7975]
[R Sat Oct 21 02:39:17 2023] [1, 2, 0, 280, 140, -5068, -25816, -26840, -8110]
[R Sat Oct 21 02:41:18 2023] [1, 2, 0, -280, -140, -5572, -26824, -27560, -8290]
[R Sat Oct 21 02:42:52 2023] [1, 2, 0, -280, -140, -6580, -28840, -29000, -8650]
[R Sat Oct 21 02:43:42 2023] [1, 2, 0, 280, 140, -4564, -24808, -26120, -7930]
[R Sat Oct 21 02:44:38 2023] [1, 2, -14, -70, -140, 98, 1386, -22, -7975]
[R Sat Oct 21 02:46:29 2023] [1, 2, -14, -70, -140, 4410, -13790, 17570, -8155]
[R Sat Oct 21 02:47:18 2023] [1, 2, -42, 154, -280, -20118, -72506, -31374, -5887]
[R Sat Oct 21 02:49:01 2023] [1, 2, -14, -70, -140, 18214, -9282, -24306, -7795]
[R Sat Oct 21 02:49:17 2023] [1, 2, 0, 0, 0, -21700, -43400, -31000, -7750]
[R Sat Oct 21 02:51:40 2023] [1, 2, 0, -280, -140, -4564, -24808, -26120, -7930]
[R Sat Oct 21 02:56:29 2023] [1, 2, 0, 0, 0, -21196, -42392, -30280, -7570]
[R Sat Oct 21 02:56:48 2023] [1, 2, -42, 154, 140, -1386, 2338, 9342, -5599]
[R Sat Oct 21 03:00:34 2023] [1, 2, -14, -70, -420, -1274, -1778, -8754, -7435]
[R Sat Oct 21 03:07:09 2023] [1, 2, 0, 280, 140, -3556, -22792, -24680, -7570]
[R Sat Oct 21 03:07:53 2023] [1, 2, -42, 154, -280, -14518, -39466, 28066, -5167]
[R Sat Oct 21 03:13:22 2023] [1, 2, 0, 280, 140, -2548, -20776, -23240, -7210]
[R Sat Oct 21 03:17:44 2023] [1, 2, -14, -350, -1400, 16002, -32046, -29278, -6175]
[R Sat Oct 21 03:18:56 2023] [1, 2, -42, 154, -280, -6006, -24682, -18718, -4879]
[R Sat Oct 21 03:21:09 2023] [1, 2, 0, -280, -140, -2044, -19768, -22520, -7030]
[R Sat Oct 21 03:24:19 2023] [1, 2, 0, -280, -140, -2548, -20776, -23240, -7210]
[R Sat Oct 21 03:26:08 2023] [1, 2, -14, 210, 840, -3262, -2814, 10818, -6175]
[R Sat Oct 21 03:27:02 2023] [1, 2, 0, 280, 140, -1540, -18760, -21800, -6850]
[R Sat Oct 21 03:30:48 2023] [1, 2, 0, 0, 0, -17164, -34328, -24520, -6130]
[R Sat Oct 21 03:31:10 2023] [1, 2, 0, 280, 140, -532, -16744, -20360, -6490]
[R Sat Oct 21 03:33:06 2023] [1, 2, -42, 154, -280, -15834, -57078, -23762, -4411]
[R Sat Oct 21 03:33:06 2023] [1, 2, -42, 154, -280, -18634, -52598, 27758, -4411]
[R Sat Oct 21 03:34:33 2023] [1, 2, -14, -70, 0, 406, 742, 606, -6355]
[R Sat Oct 21 03:34:33 2023] [1, 2, -14, -70, -140, 3402, -10766, 13682, -6355]
[R Sat Oct 21 03:37:26 2023] [1, 2, 0, 0, 0, -17668, -35336, -25240, -6310]
[R Sat Oct 21 03:39:33 2023] [1, 2, 0, -280, -140, -1540, -18760, -21800, -6850]
[R Sat Oct 21 03:40:16 2023] [1, 2, 0, 280, 140, 476, -14728, -18920, -6130]
[R Sat Oct 21 03:42:30 2023] [1, 2, 0, -280, -140, -532, -16744, -20360, -6490]
[R Sat Oct 21 03:45:26 2023] [1, 2, 0, 0, 0, -16156, -32312, -23080, -5770]
[R Sat Oct 21 03:47:36 2023] [1, 2, 0, 84, -280, 700, -1960, 1580, -4330]
[R Sat Oct 21 03:47:59 2023] [1, 2, -14, -350, -1400, 11466, -28518, -25174, -5275]
[R Sat Oct 21 03:49:28 2023] [1, 2, 0, 280, 140, -28, -15736, -19640, -6310]
[R Sat Oct 21 03:50:50 2023] [1, 2, 0, 0, 0, -15652, -31304, -22360, -5590]
[R Sat Oct 21 03:52:21 2023] [1, 2, -14, 210, 1120, 20986, -28518, -28054, -5995]
[R Sat Oct 21 03:54:01 2023] [1, 2, -14, -70, 420, 2086, 3262, -37554, -5815]
[R Sat Oct 21 03:55:26 2023] [1, 2, 70, 14, 700, -18774, -25718, -9070, -4231]
[R Sat Oct 21 03:55:33 2023] [1, 2, -14, -238, 280, 8078, 24626, 21878, -4159]
[R Sat Oct 21 03:55:33 2023] [1, 2, -14, -238, 140, 6538, 12726, 10118, -4159]
[R Sat Oct 21 03:57:01 2023] [1, 2, -14, -350, -1120, -5950, -2030, 9650, -5095]
[R Sat Oct 21 03:57:07 2023] [1, 2, 0, 0, 0, -15148, -30296, -21640, -5410]
[R Sat Oct 21 04:05:37 2023] [1, 2, -14, 210, 1120, 16450, -24990, -23950, -5095]
[R Sat Oct 21 04:06:48 2023] [1, 2, -42, 154, -280, -3738, -16086, -12914, -3547]
[R Sat Oct 21 04:06:48 2023] [1, 2, -42, 154, -280, -28378, -84406, 24046, -3547]
[R Sat Oct 21 04:07:02 2023] [1, 2, 0, -280, -140, 1484, -12712, -17480, -5770]
[R Sat Oct 21 04:09:20 2023] [1, 2, 0, 280, 140, 2492, -10696, -16040, -5410]
[R Sat Oct 21 04:10:08 2023] [1, 2, 0, 84, 1400, -6860, 14700, -6860, -3430]
[R Sat Oct 21 04:11:37 2023] [1, 2, 0, 280, 140, 980, -13720, -18200, -5950]
[R Sat Oct 21 04:11:42 2023] [1, 2, -14, 350, -1820, 5222, -10206, 10682, -4375]
[R Sat Oct 21 04:12:02 2023] [1, 2, 0, -280, -140, 1988, -11704, -16760, -5590]
[R Sat Oct 21 04:12:59 2023] [1, 2, -42, 154, -280, -34006, -103082, 20642, -3439]
[R Sat Oct 21 04:14:16 2023] [1, 2, 0, 280, 140, 2996, -9688, -15320, -5230]
[R Sat Oct 21 04:18:53 2023] [1, 2, 0, -280, -140, 2492, -10696, -16040, -5410]
[R Sat Oct 21 04:24:29 2023] [1, 2, 0, -280, -140, 2996, -9688, -15320, -5230]
[R Sat Oct 21 04:26:36 2023] [1, 2, 0, -280, -140, 980, -13720, -18200, -5950]
[R Sat Oct 21 04:26:41 2023] [1, 2, -42, 154, -280, -37002, -116214, 6574, -3043]
[R Sat Oct 21 04:36:42 2023] [1, 2, 0, 0, 0, -12628, -25256, -18040, -4510]
[R Sat Oct 21 04:37:39 2023] [1, 2, 0, -280, -140, 4004, -7672, -13880, -4870]
[R Sat Oct 21 04:41:58 2023] [1, 2, -14, 210, 1120, 11914, -21462, -19846, -4195]
[R Sat Oct 21 04:42:10 2023] [1, 2, -70, 210, 280, 1274, -1722, -5670, -3115]
[R Sat Oct 21 04:46:56 2023] [1, 2, 0, 280, 140, 4508, -6664, -13160, -4690]
[R Sat Oct 21 04:47:44 2023] [1, 2, 0, 280, 140, 5012, -5656, -12440, -4510]
[R Sat Oct 21 04:50:37 2023] [1, 2, 0, 280, 140, 5516, -4648, -11720, -4330]
[R Sat Oct 21 04:53:43 2023] [1, 2, -42, -266, -700, 14, 1918, 1562, -2539]
[R Sat Oct 21 04:55:22 2023] [1, 2, 0, 0, 0, -11116, -22232, -15880, -3970]
[R Sat Oct 21 04:55:25 2023] [1, 2, 70, 210, 0, 42, 2954, -4070, -3835]
[R Sat Oct 21 04:56:45 2023] [1, 2, 0, 280, 140, 3500, -8680, -14600, -5050]
[R Sat Oct 21 04:57:21 2023] [1, 2, -14, -70, -140, 10150, -5250, -13650, -4375]
[R Sat Oct 21 04:59:34 2023] [1, 2, -14, -70, -140, 25046, -44898, 23246, -4195]
[R Sat Oct 21 05:00:24 2023] [1, 2, 0, 0, 0, 18592, -9296, 6640, -4150]
[R Sat Oct 21 05:00:58 2023] [1, 2, -42, 154, -280, -1162, -3094, 6094, -2323]
[R Sat Oct 21 05:01:31 2023] [1, 2, 0, -280, -140, 4508, -6664, -13160, -4690]
[R Sat Oct 21 05:02:10 2023] [1, 2, -42, 154, 0, -826, 1498, 3822, -2359]
[R Sat Oct 21 05:03:11 2023] [1, 2, 0, -280, -140, 5012, -5656, -12440, -4510]
[R Sat Oct 21 05:03:46 2023] [1, 2, -42, 154, -280, -4494, -12418, 10778, -2251]
[R Sat Oct 21 05:04:40 2023] [1, 2, 0, -280, -140, 5516, -4648, -11720, -4330]
[R Sat Oct 21 05:10:05 2023] [1, 2, -42, 154, -560, 1414, -1862, 6222, -2179]
[R Sat Oct 21 05:11:29 2023] [1, 2, 0, 364, -2240, 4564, -4312, 4100, -2314]
[R Sat Oct 21 05:12:12 2023] [1, 2, 56, -168, 3640, 15624, 10108, -17416, -2422]
[R Sat Oct 21 05:12:42 2023] [1, 2, -14, -70, -420, -1274, -1778, -10194, -4015]
[R Sat Oct 21 05:13:46 2023] [1, 2, 0, -420, -3780, -12376, -17612, -11560, -2890]
[R Sat Oct 21 05:14:01 2023] [1, 2, 0, 0, 0, -18928, -1456, 12160, -3610]
[R Sat Oct 21 05:14:51 2023] [1, 2, 0, 280, 140, 6020, -3640, -11000, -4150]
[R Sat Oct 21 05:15:01 2023] [1, 2, -14, -350, -1120, -6958, 994, 5762, -3295]
[R Sat Oct 21 05:18:52 2023] [1, 2, -42, 154, -700, 1974, -2702, 13662, -1999]
[R Sat Oct 21 05:19:27 2023] [1, 2, -14, -350, -1400, 2394, -21462, -16966, -3475]
[R Sat Oct 21 05:22:51 2023] [1, 2, 0, 0, 0, -10612, -21224, -15160, -3790]
[R Sat Oct 21 05:25:49 2023] [1, 2, 0, 280, 140, 7532, -616, -8840, -3610]
[R Sat Oct 21 05:28:07 2023] [1, 2, -14, 210, 840, -4774, 1722, 4986, -3475]
[R Sat Oct 21 05:28:27 2023] [1, 2, 0, -140, 0, 700, -2520, 5020, -3610]
[R Sat Oct 21 05:29:30 2023] [1, 2, -14, -70, 280, 1526, 2422, -20514, -3655]
[R Sat Oct 21 05:29:30 2023] [1, 2, -14, -70, -140, 1890, -6230, 7850, -3655]
[R Sat Oct 21 05:29:39 2023] [1, 2, 0, -280, -140, 6020, -3640, -11000, -4150]
[R Sat Oct 21 05:33:14 2023] [1, 2, -70, 154, 1400, -8890, -43050, -4950, -1675]
[R Sat Oct 21 05:33:19 2023] [1, 2, 0, 364, 1120, -3724, -12348, -9800, -1666]
[R Sat Oct 21 05:37:06 2023] [1, 2, 0, 280, 140, 7028, -1624, -9560, -3790]
[R Sat Oct 21 05:39:22 2023] [1, 2, -42, 154, -420, 854, -1022, 1662, -1639]
[R Sat Oct 21 05:39:41 2023] [1, 2, 0, 0, 0, -8596, -17192, -12280, -3070]
[R Sat Oct 21 05:40:40 2023] [1, 2, 0, -280, -140, 7532, -616, -8840, -3610]
[R Sat Oct 21 05:42:05 2023] [1, 2, -42, 154, -280, -714, -4438, -4402, -1531]
[R Sat Oct 21 05:43:49 2023] [1, 2, 0, 0, 0, -9100, -18200, -13000, -3250]
[R Sat Oct 21 05:50:09 2023] [1, 2, 0, 280, 140, 9044, 2408, -6680, -3070]
[R Sat Oct 21 05:50:53 2023] [1, 2, -14, -350, -1400, -2142, -17934, -12862, -2575]
[R Sat Oct 21 05:52:41 2023] [1, 2, 0, 0, 0, -2800, 2800, 2720, -2890]
[R Sat Oct 21 05:58:43 2023] [1, 2, -14, 210, 840, -5278, 3234, 3042, -2575]
[R Sat Oct 21 06:00:15 2023] [1, 2, -42, 154, -280, -6006, -21882, -7118, -1279]
[R Sat Oct 21 06:01:23 2023] [1, 2, 70, 70, 1400, -5138, 6594, -3470, -3475]
[R Sat Oct 21 06:03:22 2023] [1, 2, 0, 0, 0, -7588, -15176, -10840, -2710]
[R Sat Oct 21 06:05:05 2023] [1, 2, -14, -70, 0, 406, 742, -834, -2935]
[R Sat Oct 21 06:06:32 2023] [1, 2, 0, -280, -140, 9044, 2408, -6680, -3070]
[R Sat Oct 21 06:11:12 2023] [1, 2, -70, -70, 2100, -3150, -11130, -2210, -2215]
[R Sat Oct 21 06:11:56 2023] [1, 2, -42, -406, -1680, 5558, -33054, -2166, -1063]
[R Sat Oct 21 06:12:53 2023] [1, 2, -42, 154, -840, 2534, -3542, 23982, -1099]
[R Sat Oct 21 06:13:12 2023] [1, 2, 0, 280, 140, 10052, 4424, -5240, -2710]
[R Sat Oct 21 06:27:40 2023] [1, 2, -42, 154, -280, 42, -1386, -1694, -847]
[R Sat Oct 21 06:34:23 2023] [1, 2, 0, -56, 140, 476, -588, -2040, -1126]
[R Sat Oct 21 06:38:19 2023] [1, 2, 0, 0, 0, -308, -336, 6400, -2530]
[R Sat Oct 21 06:43:36 2023] [1, 2, -70, 154, -140, 182, -1666, 2050, -667]
[R Sat Oct 21 06:47:03 2023] [1, 2, -42, -266, -3220, -9730, -16450, 3850, -595]
[R Sat Oct 21 06:47:36 2023] [1, 2, 28, -56, -980, 3080, -2100, -800, -550]
[R Sat Oct 21 06:47:47 2023] [1, 2, -14, -350, -1400, -6678, -14406, -8758, -1675]
[R Sat Oct 21 06:50:59 2023] [1, 2, 0, 280, 140, 11060, 6440, -3800, -2350]
[R Sat Oct 21 06:55:29 2023] [1, 2, 0, 280, 140, 12068, 8456, -2360, -1990]
[R Sat Oct 21 07:00:00 2023] [1, 2, 0, 0, 0, -5068, -10136, -7240, -1810]
[R Sat Oct 21 07:05:40 2023] [1, 2, 28, -336, -420, 504, -252, -1188, -514]
[R Sat Oct 21 07:07:49 2023] [1, 2, 0, 280, 140, 12572, 9464, -1640, -1810]
[R Sat Oct 21 07:09:51 2023] [1, 2, -70, 70, 140, 322, -1526, 1850, -955]
[R Sat Oct 21 07:10:19 2023] [1, 2, 0, -280, -140, 11060, 6440, -3800, -2350]
[R Sat Oct 21 07:12:04 2023] [1, 2, 0, 0, 0, -4564, -9128, -6520, -1630]
[R Sat Oct 21 07:13:34 2023] [1, 2, 0, -280, -140, 12068, 8456, -2360, -1990]
[R Sat Oct 21 07:14:51 2023] [1, 2, -14, -70, -560, -1834, -2618, -24834, -2215]
[R Sat Oct 21 07:16:19 2023] [1, 2, 0, -280, -140, 11564, 7448, -3080, -2170]
[R Sat Oct 21 07:21:32 2023] [1, 2, 0, 280, 140, 13076, 10472, -920, -1630]
[R Sat Oct 21 07:25:40 2023] [1, 2, -14, -70, -140, 9170, -7350, -8470, -1855]
[R Sat Oct 21 07:25:40 2023] [1, 2, -14, -70, -140, 882, -3206, 3962, -1855]
[R Sat Oct 21 07:26:54 2023] [1, 2, -42, 154, -280, 42, -826, 626, -127]
[R Sat Oct 21 07:27:41 2023] [1, 2, 0, -280, -140, 12572, 9464, -1640, -1810]
[R Sat Oct 21 07:29:57 2023] [1, 2, -42, 154, -280, -714, -3318, 238, -91]
[R Sat Oct 21 07:50:51 2023] [1, 2, -14, 42, -840, 2282, -3766, -1098, -271]
[R Sat Oct 21 07:53:16 2023] [1, 2, -14, -70, -140, 25046, -28098, -8914, -1315]
[R Sat Oct 21 07:56:20 2023] [1, 2, 0, 280, 140, 13580, 11480, -200, -1450]
[R Sat Oct 21 08:01:17 2023] [1, 2, -14, -350, -1400, -11214, -10878, -4654, -775]
[R Sat Oct 21 08:05:26 2023] [1, 2, 0, 280, 140, 14588, 13496, 1240, -1090]
[R Sat Oct 21 08:06:55 2023] [1, 2, -42, 294, -980, 2170, -1890, 590, 305]
[R Sat Oct 21 08:08:37 2023] [1, 2, 0, 0, 0, -3556, -7112, -5080, -1270]
[R Sat Oct 21 08:18:51 2023] [1, 2, 0, -280, -140, 13580, 11480, -200, -1450]
[R Sat Oct 21 08:38:12 2023] [1, 2, -14, -350, -1120, -8470, 5530, -70, -595]
[R Sat Oct 21 08:38:44 2023] [1, 2, 0, 280, 140, 15092, 14504, 1960, -910]
[R Sat Oct 21 08:40:27 2023] [1, 2, 0, 280, 140, 15596, 15512, 2680, -730]
[R Sat Oct 21 08:41:24 2023] [1, 2, 0, -280, -140, 14084, 12488, 520, -1270]
[R Sat Oct 21 08:43:02 2023] [1, 2, 56, -28, 140, -14728, 644, 12, -46]
[R Sat Oct 21 08:43:25 2023] [1, 2, -14, -98, 140, 154, 798, 1274, 413]
[R Sat Oct 21 08:48:23 2023] [1, 2, -14, -490, -3500, -6202, 4186, 738, 125]
[R Sat Oct 21 08:48:55 2023] [1, 2, -14, 210, 1120, -6230, -7350, -3430, -595]
[R Sat Oct 21 08:59:49 2023] [1, 2, -14, -70, -140, 4634, -3822, -4366, -955]
[R Sat Oct 21 08:59:49 2023] [1, 2, -14, -70, -140, -154, -98, 366, -955]
[R Sat Oct 21 09:01:34 2023] [1, 2, 0, -280, -140, 15596, 15512, 2680, -730]
[R Sat Oct 21 09:03:04 2023] [1, 2, 0, -280, -140, 15092, 14504, 1960, -910]
[R Sat Oct 21 09:03:13 2023] [1, 2, -14, 182, 280, -14, -518, 386, 737]
[R Sat Oct 21 09:24:46 2023] [1, 2, -14, -70, -140, 11046, -16898, 4046, -595]
[R Sat Oct 21 09:24:46 2023] [1, 2, -14, -70, -420, -1274, -1778, -11634, -595]
[R Sat Oct 21 09:26:35 2023] [1, 2, 0, 0, 0, -1036, -2072, -1480, -370]
[R Sat Oct 21 09:30:15 2023] [1, 2, 0, 0, 0, 2464, -1232, 880, -550]
[R Sat Oct 21 09:35:13 2023] [1, 2, 0, 280, 140, 16100, 16520, 3400, -550]
[R Sat Oct 21 09:45:33 2023] [1, 2, -70, -70, 2100, -1050, -3990, 21050, 485]
[R Sat Oct 21 09:50:10 2023] [1, 2, 0, -280, -140, 16604, 17528, 4120, -370]
[R Sat Oct 21 09:53:48 2023] [1, 2, -14, -350, -1400, -15750, -7350, -550, 125]
[R Sat Oct 21 09:56:39 2023] [1, 2, -14, -70, 280, 1526, 2422, -21954, -235]
[R Sat Oct 21 10:05:58 2023] [1, 2, 0, -280, -140, 16100, 16520, 3400, -550]
[R Sat Oct 21 10:07:29 2023] [1, 2, 0, -56, 0, -252, 336, 2040, 1322]
[R Sat Oct 21 10:21:38 2023] [1, 2, 0, -280, -140, 17108, 18536, 4840, -190]
[R Sat Oct 21 10:32:41 2023] [1, 2, -14, -350, -1400, -20286, -3822, 3554, 1025]
[R Sat Oct 21 10:33:58 2023] [1, 2, 0, 280, 140, 18116, 20552, 6280, 170]
[R Sat Oct 21 10:38:45 2023] [1, 2, -14, 210, 840, -7294, 9282, -4734, 1025]
[R Sat Oct 21 10:39:23 2023] [1, 2, -14, -70, -140, -2422, 3346, -942, 125]
[R Sat Oct 21 10:40:46 2023] [1, 2, -14, 210, 1120, -10766, -3822, 674, 305]
[R Sat Oct 21 10:47:48 2023] [1, 2, -14, -350, -1120, -9478, 8554, -3958, 1205]
[R Sat Oct 21 10:50:46 2023] [1, 2, -14, -70, 0, 406, 742, -2274, 485]
[R Sat Oct 21 10:51:46 2023] [1, 2, 0, 280, 140, 19628, 23576, 8440, 710]
[R Sat Oct 21 10:54:57 2023] [1, 2, -14, 210, 1120, -15302, -294, 4778, 1205]
[R Sat Oct 21 10:56:00 2023] [1, 2, 0, 0, 0, 2492, 4984, 3560, 890]
[R Sat Oct 21 10:57:12 2023] [1, 2, -14, -70, -140, 98, -294, -262, -55]
[R Sat Oct 21 10:57:12 2023] [1, 2, -14, -70, -140, -126, -182, 74, -55]
[R Sat Oct 21 11:00:07 2023] [1, 2, 0, 280, 140, 20132, 24584, 9160, 890]
[R Sat Oct 21 11:02:33 2023] [1, 2, 0, -280, -140, 18116, 20552, 6280, 170]
[R Sat Oct 21 11:05:33 2023] [1, 2, -14, -70, -140, -630, 1330, -1870, 845]
[R Sat Oct 21 11:07:21 2023] [1, 2, 0, 280, 140, 20636, 25592, 9880, 1070]
[R Sat Oct 21 11:21:40 2023] [1, 2, 0, -280, -140, 20132, 24584, 9160, 890]
[R Sat Oct 21 11:23:04 2023] [1, 2, -14, -70, -560, -1834, -2618, -26274, 1205]
[R Sat Oct 21 11:23:17 2023] [1, 2, -14, 182, -1400, 4466, -6118, 2306, 2897]
[R Sat Oct 21 11:27:22 2023] [1, 2, 0, -280, -140, 20636, 25592, 9880, 1070]
[R Sat Oct 21 11:28:26 2023] [1, 2, 0, 280, 140, 18620, 21560, 7000, 350]
[R Sat Oct 21 11:29:57 2023] [1, 2, 56, 140, 1120, 3164, 4508, 4064, 890]
[R Sat Oct 21 11:34:50 2023] [1, 2, -14, -350, -1400, -24822, -294, 7658, 1925]
[R Sat Oct 21 11:38:00 2023] [1, 2, 0, 0, 0, 5012, 10024, 7160, 1790]
[R Sat Oct 21 11:39:08 2023] [1, 2, -42, 154, 420, -2506, 4018, 31902, 3401]
[R Sat Oct 21 11:41:32 2023] [1, 2, -14, 210, 1120, -19838, 3234, 8882, 2105]
[R Sat Oct 21 11:45:56 2023] [1, 2, 0, 280, 140, 22652, 29624, 12760, 1790]
[R Sat Oct 21 11:46:14 2023] [1, 2, 56, 112, 3920, 18312, 26964, 14772, 3014]
[R Sat Oct 21 11:47:20 2023] [1, 2, 0, 224, -1400, -13832, -26824, -9960, 2942]
[R Sat Oct 21 11:50:12 2023] [1, 2, 0, 280, 140, 17612, 19544, 5560, -10]
[R Sat Oct 21 11:51:03 2023] [1, 2, 0, -280, -140, 21644, 27608, 11320, 1430]
[R Sat Oct 21 11:52:56 2023] [1, 2, 28, 84, 0, 672, 2184, 3956, 3698]
[R Sat Oct 21 11:58:31 2023] [1, 2, -42, -126, 700, 4466, 9702, 9778, 3869]
[R Sat Oct 21 12:02:04 2023] [1, 2, 0, -280, -140, 22652, 29624, 12760, 1790]
[R Sat Oct 21 12:02:22 2023] [1, 2, 0, 0, 0, 3500, 7000, 5000, 1250]
[R Sat Oct 21 12:02:22 2023] [1, 2, 0, 0, -280, -1400, -1400, 800, 1250]
[R Sat Oct 21 12:03:03 2023] [1, 2, 0, -280, -140, 18620, 21560, 7000, 350]
[R Sat Oct 21 12:05:49 2023] [1, 2, -14, -70, -140, -8246, 14658, -8286, 1565]
[R Sat Oct 21 12:05:49 2023] [1, 2, -14, -70, -140, -20566, 20818, 10194, 1565]
[R Sat Oct 21 12:07:22 2023] [1, 2, 0, 0, 0, -28, 84, -40, -10]
[R Sat Oct 21 12:07:22 2023] [1, 2, 0, 0, 0, -28, -56, -40, -10]
[R Sat Oct 21 12:07:22 2023] [1, 2, 0, 0, 0, -21952, -20384, -880, -10]
[R Sat Oct 21 12:07:33 2023] [1, 2, -42, 154, -280, 2870, 4970, -10610, 4085]
[R Sat Oct 21 12:08:50 2023] [1, 2, 0, 0, 0, -9632, 4816, -3440, 2150]
[R Sat Oct 21 12:09:23 2023] [1, 2, 0, -280, -140, 23156, 30632, 13480, 1970]
[R Sat Oct 21 12:14:42 2023] [1, 2, -14, -70, -140, -854, -798, 1986, 2285]
[R Sat Oct 21 12:14:42 2023] [1, 2, -14, -70, -140, -2422, -14, 4338, 2285]
[R Sat Oct 21 12:18:24 2023] [1, 2, -42, 154, 0, -826, 1498, 5262, 4301]
[R Sat Oct 21 12:20:06 2023] [1, 2, -14, -350, -1120, -10486, 11578, -7846, 3005]
[R Sat Oct 21 12:20:45 2023] [1, 2, 0, 0, 0, 7532, 15064, 10760, 2690]
[R Sat Oct 21 12:29:28 2023] [1, 2, 0, -280, -140, 24164, 32648, 14920, 2330]
[R Sat Oct 21 12:30:33 2023] [1, 2, 0, 280, 140, 25172, 34664, 16360, 2690]
[R Sat Oct 21 12:32:39 2023] [1, 2, -42, 154, -700, 1974, -2702, 15102, 4661]
[R Sat Oct 21 12:33:30 2023] [1, 2, -14, 210, 840, -8302, 12306, -8622, 2825]
[R Sat Oct 21 12:33:34 2023] [1, 2, -14, -70, -140, -1638, 4354, -5758, 2645]
[R Sat Oct 21 12:40:43 2023] [1, 2, 0, 0, 0, 9044, 18088, 12920, 3230]
[R Sat Oct 21 12:42:27 2023] [1, 2, 70, -70, -1120, -518, 3794, 5690, 3365]
[R Sat Oct 21 12:45:53 2023] [1, 2, 0, -280, -140, 25172, 34664, 16360, 2690]
[R Sat Oct 21 12:45:55 2023] [1, 2, 0, 280, 140, 24668, 33656, 15640, 2510]
[R Sat Oct 21 12:46:11 2023] [1, 2, -42, 154, -420, 854, -1022, 3102, 5021]
[R Sat Oct 21 12:50:44 2023] [1, 2, -14, 210, 840, -8806, 13818, -10566, 3725]
[R Sat Oct 21 12:50:56 2023] [1, 2, 0, 280, 140, 25676, 35672, 17080, 2870]
[R Sat Oct 21 12:51:03 2023] [1, 2, 28, -336, 700, -5208, -9856, 1456, 5138]
[R Sat Oct 21 12:52:03 2023] [1, 2, 0, 0, 0, 9548, 19096, 13640, 3410]
[R Sat Oct 21 12:54:06 2023] [1, 2, -42, -266, 140, 574, 1358, -6818, 5201]
[R Sat Oct 21 12:55:36 2023] [1, 2, 0, 0, 0, 10052, 20104, 14360, 3590]
[R Sat Oct 21 12:58:09 2023] [1, 2, -14, -350, -1120, -10990, 13090, -9790, 3905]
[R Sat Oct 21 12:58:43 2023] [1, 2, 0, 0, 0, 15092, 30184, 21560, 5390]
[R Sat Oct 21 12:59:29 2023] [1, 2, -14, -70, -420, -1274, -1778, -13074, 2825]
[R Sat Oct 21 13:04:50 2023] [1, 2, -42, 154, -840, 2534, -3542, 25422, 5561]
[R Sat Oct 21 13:05:41 2023] [1, 2, 0, -280, -2380, -280, 15260, -7880, 2510]
[R Sat Oct 21 13:06:22 2023] [1, 2, 0, -280, -140, 26684, 37688, 18520, 3230]
[R Sat Oct 21 13:08:28 2023] [1, 2, -14, -70, -140, -9226, 18718, -14226, 3545]
[R Sat Oct 21 13:13:37 2023] [1, 2, 56, 392, 700, 5432, 5544, 15872, 5354]
[R Sat Oct 21 13:18:39 2023] [1, 2, 0, 0, 0, -17696, 8848, -6320, 3950]
[R Sat Oct 21 13:19:01 2023] [1, 2, 0, 0, 0, 12068, 24136, 17240, 4310]
[R Sat Oct 21 13:19:23 2023] [1, 2, 0, -280, -140, 26180, 36680, 17800, 3050]
[R Sat Oct 21 13:19:58 2023] [1, 2, 0, -280, -140, 27188, 38696, 19240, 3410]
[R Sat Oct 21 13:21:04 2023] [1, 2, 0, -280, -140, 27692, 39704, 19960, 3590]
[R Sat Oct 21 13:24:55 2023] [1, 2, -14, -350, -1120, -11494, 14602, -11734, 4805]
[R Sat Oct 21 13:25:23 2023] [1, 2, -14, -70, 0, 406, 742, -3714, 3905]
[R Sat Oct 21 13:25:43 2023] [1, 2, 0, 0, 0, 12572, 25144, 17960, 4490]
[R Sat Oct 21 13:27:23 2023] [1, 2, 0, 140, 0, 392, -336, 100, -10]
[R Sat Oct 21 13:28:28 2023] [1, 2, -42, 154, -280, 294, -182, 1422, 6281]
[R Sat Oct 21 13:39:28 2023] [1, 2, -14, -70, -560, -1834, -2618, -27714, 4625]
[R Sat Oct 21 13:47:46 2023] [1, 2, -14, -70, 420, 2086, 3262, -41874, 4445]
[R Sat Oct 21 13:47:46 2023] [1, 2, -14, -70, -140, -2646, 7378, -9646, 4445]
[R Sat Oct 21 13:47:50 2023] [1, 2, -14, -70, -140, -350, 350, 4030, 4805]
[R Sat Oct 21 13:55:39 2023] [1, 2, 0, 0, 0, 14084, 28168, 20120, 5030]
[R Sat Oct 21 13:59:02 2023] [1, 2, -14, -350, -1120, -11998, 16114, -13678, 5705]
[R Sat Oct 21 14:08:17 2023] [1, 2, -42, 154, 140, -1386, 2338, 12222, 7721]
[R Sat Oct 21 14:10:16 2023] [1, 2, 0, 0, 0, 17108, 34216, 24440, 6110]
[R Sat Oct 21 14:13:43 2023] [1, 2, 0, 0, 0, 16100, 32200, 23000, 5750]
[R Sat Oct 21 14:20:16 2023] [1, 2, -14, -70, -140, -154, -98, -2514, 5885]
[R Sat Oct 21 14:20:16 2023] [1, 2, -14, -70, -140, -14042, 6846, 18318, 5885]
[R Sat Oct 21 14:20:38 2023] [1, 2, -14, -70, -140, -3150, 8890, -11590, 5345]
[R Sat Oct 21 14:22:23 2023] [1, 2, -70, 14, 1400, -14854, 31682, -8390, 8189]
[R Sat Oct 21 14:26:17 2023] [1, 2, -14, -70, -140, -3654, 10402, -13534, 6245]
[R Sat Oct 21 14:26:17 2023] [1, 2, -14, -70, -420, -1274, -1778, -14514, 6245]
[R Sat Oct 21 14:27:09 2023] [1, 2, 0, 0, 0, 17612, 35224, 25160, 6290]
[R Sat Oct 21 14:36:36 2023] [1, 2, -14, 210, 840, -10822, 19866, -18342, 7325]
[R Sat Oct 21 14:36:58 2023] [1, 2, 56, 0, 1120, -700, 1540, -9220, 6830]
[R Sat Oct 21 14:37:39 2023] [1, 2, 0, 0, 0, 20132, 40264, 28760, 7190]
[R Sat Oct 21 14:42:54 2023] [1, 2, 0, 0, 0, 20636, 41272, 29480, 7370]
[R Sat Oct 21 14:49:06 2023] [1, 2, -14, -70, 280, 1526, 2422, -24834, 6605]
[R Sat Oct 21 14:49:06 2023] [1, 2, -14, -70, -140, -14966, 31458, -25086, 6605]
[R Sat Oct 21 14:57:36 2023] [1, 2, -14, -350, -1120, -13510, 20650, -19510, 8405]
[R Sat Oct 21 15:00:09 2023] [1, 2, -42, 154, 420, -2506, 4018, 33342, 10061]
[R Sat Oct 21 15:02:12 2023] [1, 2, -14, 210, 840, -11326, 21378, -20286, 8225]
[R Sat Oct 21 15:03:31 2023] [1, 2, -14, -70, -560, -1834, -2618, -29154, 8045]
[R Sat Oct 21 15:04:26 2023] [1, 2, -70, 70, 1680, -5194, -2198, 23630, 9845]
[R Sat Oct 21 15:10:22 2023] [1, 2, 0, 0, 0, 3500, -7000, -2600, 8450]
[R Sat Oct 21 15:16:11 2023] [1, 2, -42, 154, 0, -826, 1498, 6702, 10961]
[R Sat Oct 21 15:17:15 2023] [1, 2, -14, -70, 420, 2086, 3262, -43314, 7865]
[R Sat Oct 21 15:19:49 2023] [1, 2, -42, 154, -560, 1414, -1862, 9102, 11141]
[R Sat Oct 21 15:19:51 2023] [1, 2, -14, -70, -140, -5166, 14938, -19366, 8945]
[R Sat Oct 21 15:24:38 2023] [1, 2, -14, -70, -140, -154, -98, -3954, 9305]
[R Sat Oct 21 15:24:38 2023] [1, 2, -14, -70, -140, -16030, 35770, -31590, 9305]
[R Sat Oct 21 15:28:40 2023] [1, 2, -42, 154, -420, 854, -1022, 4542, 11681]
[R Sat Oct 21 15:29:42 2023] [1, 2, -14, 210, 840, -12334, 24402, -24174, 10025]
[R Sat Oct 21 15:30:48 2023] [1, 2, -14, -70, -420, -1274, -1778, -15954, 9665]
[R Sat Oct 21 15:34:53 2023] [1, 2, -14, -70, 280, 1526, 2422, -26274, 10025]
[R Sat Oct 21 15:36:25 2023] [1, 2, -42, 154, -840, 2534, -3542, 26862, 12221]
[R Sat Oct 21 15:36:57 2023] [1, 2, -70, 70, 560, -4130, 18270, -28950, 11645]
[R Sat Oct 21 15:36:59 2023] [1, 2, -14, -70, -140, -5670, 16450, -21310, 9845]
[R Sat Oct 21 15:41:53 2023] [1, 2, -14, -378, -560, 1582, 27594, 35162, 12329]
[R Sat Oct 21 15:43:25 2023] [1, 2, -14, -350, -1120, -15022, 25186, -25342, 11105]
[R Sat Oct 21 15:52:16 2023] [1, 2, -14, -70, 0, 406, 742, -6594, 10745]
[R Sat Oct 21 15:52:27 2023] [1, 2, -14, -70, -700, -910, 12250, 27750, 10385]
[R Sat Oct 21 15:54:36 2023] [1, 2, -14, -70, 420, 2086, 3262, -44754, 11285]
[R Sat Oct 21 15:57:01 2023] [1, 2, -14, -70, -560, -1834, -2618, -30594, 11465]
[R Sat Oct 21 15:58:51 2023] [1, 2, -14, 210, 840, -13342, 27426, -28062, 11825]
[R Sat Oct 21 16:02:54 2023] [1, 2, -42, 154, -280, 4578, 20286, 29914, 14237]
[R Sat Oct 21 16:04:56 2023] [1, 2, -42, 154, 140, -1386, 2338, 13662, 14381]
[R Sat Oct 21 16:08:40 2023] [1, 2, -14, -70, -140, -6678, 19474, -25198, 11645]
[R Sat Oct 21 16:11:26 2023] [1, 2, -14, -70, -140, -154, -98, -5394, 12725]
[R Sat Oct 21 16:14:42 2023] [1, 2, 0, 0, 0, 1232, 8624, 19360, 13310]
[R Sat Oct 21 16:16:27 2023] [1, 2, -14, -70, -420, -1274, -1778, -17394, 13085]
[R Sat Oct 21 16:18:18 2023] [1, 2, -14, 210, 840, -14350, 30450, -31950, 13625]
[R Sat Oct 21 16:19:13 2023] [1, 2, 0, 0, -2100, -15400, 52220, -30800, 12950]
[R Sat Oct 21 16:20:54 2023] [1, 2, 0, -196, -2240, 6888, 31556, 39960, 15002]
[R Sat Oct 21 16:22:10 2023] [1, 2, -14, -70, 980, 2282, -6146, -10638, 12905]
[R Sat Oct 21 16:22:16 2023] [1, 2, 0, 224, 280, -1288, 2604, -9480, 15578]
[R Sat Oct 21 16:30:18 2023] [1, 2, -42, 154, 420, -2506, 4018, 34782, 16721]
[R Sat Oct 21 16:30:59 2023] [1, 2, -14, 210, 840, -14854, 31962, -33894, 14525]
[R Sat Oct 21 16:33:25 2023] [1, 2, -14, -70, 420, 2086, 3262, -46194, 14705]
[R Sat Oct 21 16:35:25 2023] [1, 2, -14, -70, -560, -1834, -2618, -32034, 14885]
[R Sat Oct 21 16:35:31 2023] [1, 2, -14, -70, 0, 406, 742, -8034, 14165]
[R Sat Oct 21 16:42:10 2023] [1, 2, -42, 154, -700, 1974, -2702, 17982, 17981]
[R Sat Oct 21 16:45:01 2023] [1, 2, -14, 210, 840, -15862, 34986, -37782, 16325]
[R Sat Oct 21 16:45:26 2023] [1, 2, -42, 154, -420, 854, -1022, 5982, 18341]
[R Sat Oct 21 16:46:39 2023] [1, 2, -14, -70, -140, -154, -98, -6834, 16145]
[R Sat Oct 21 16:48:52 2023] [1, 2, -14, -70, -420, -1274, -1778, -18834, 16505]
[R Sat Oct 21 16:52:11 2023] [1, 2, -14, -70, 280, 1526, 2422, -29154, 16865]
[R Sat Oct 21 16:53:10 2023] [1, 2, -14, 210, 840, -16366, 36498, -39726, 17225]
[R Sat Oct 21 16:54:06 2023] [1, 2, -70, -210, 980, 4914, 8638, 14770, 18305]
[R Sat Oct 21 16:55:32 2023] [1, 2, -42, 154, -280, 294, -182, 4302, 19601]
[R Sat Oct 21 16:56:40 2023] [1, 2, -14, -70, -140, -9702, 28546, -36862, 17045]
[R Sat Oct 21 16:57:55 2023] [1, 2, -14, -70, 0, 406, 742, -9474, 17585]
[R Sat Oct 21 17:01:34 2023] [1, 2, -14, -70, 420, 2086, 3262, -47634, 18125]
[R Sat Oct 21 17:02:28 2023] [1, 2, 0, 280, 1400, 8400, 40600, 43200, 17450]
[R Sat Oct 21 17:03:13 2023] [1, 2, 28, 84, 560, -2828, -4256, 33416, 20618]
[R Sat Oct 21 17:05:55 2023] [1, 2, -14, -70, -140, -13706, -2562, 29454, 18665]
[R Sat Oct 21 17:06:13 2023] [1, 2, -42, 154, 140, -1386, 2338, 15102, 21041]
[R Sat Oct 21 17:06:17 2023] [1, 2, -14, -70, -140, -10206, 30058, -38806, 17945]
[R Sat Oct 21 17:06:30 2023] [1, 2, -14, -70, -560, -1834, -2618, -33474, 18305]
[R Sat Oct 21 17:07:06 2023] [1, 2, -14, 210, 840, -17374, 39522, -43614, 19025]
[R Sat Oct 21 17:07:30 2023] [1, 2, -14, -70, -140, -10710, 31570, -40750, 18845]
[R Sat Oct 21 17:13:23 2023] [1, 2, -14, -70, -420, -1274, -1778, -20274, 19925]
[R Sat Oct 21 17:15:43 2023] [1, 2, -14, -98, 700, -6538, 2534, 26282, 21869]
[R Sat Oct 21 17:16:50 2023] [1, 2, -14, -70, 280, 1526, 2422, -30594, 20285]
[R Sat Oct 21 17:20:34 2023] [1, 2, -42, 154, 420, -2506, 4018, 36222, 23381]
[R Sat Oct 21 17:21:34 2023] [1, 2, -14, -70, 0, 406, 742, -10914, 21005]
[R Sat Oct 21 17:25:48 2023] [1, 2, -42, 154, 0, -826, 1498, 9582, 24281]
[R Sat Oct 21 17:29:47 2023] [1, 2, -14, -70, -560, -1834, -2618, -34914, 21725]
[R Sat Oct 21 17:35:00 2023] [1, 2, -14, -70, -420, -1274, -1778, -21714, 23345]
[R Sat Oct 21 17:35:42 2023] [1, 2, -14, -70, -140, -154, -98, -9714, 22985]
[R Sat Oct 21 17:35:54 2023] [1, 2, -42, 154, -280, 294, -182, 5742, 26261]
[R Sat Oct 21 17:37:13 2023] [1, 2, -70, 14, 980, 322, 9534, -35250, 26513]
[R Sat Oct 21 17:37:45 2023] [1, 2, 0, -280, -140, 0, 18200, -31800, 22850]
[R Sat Oct 21 17:37:56 2023] [1, 2, -14, -70, 0, 406, 742, -12354, 24425]
[R Sat Oct 21 17:39:27 2023] [1, 2, 56, 0, 560, -2380, 4060, -18840, 24830]
[R Sat Oct 21 17:42:18 2023] [1, 2, -42, 154, 140, -1386, 2338, 16542, 27701]
[R Sat Oct 21 17:47:34 2023] [1, 2, -14, -70, -140, -154, -98, -11154, 26405]
[R Sat Oct 21 17:50:51 2023] [1, 2, -14, -70, 280, 1526, 2422, -33474, 27125]
[R Sat Oct 21 17:51:31 2023] [1, 2, -14, -70, -420, -1274, -1778, -23154, 26765]
[R Sat Oct 21 17:51:33 2023] [1, 2, -42, 154, 420, -2506, 4018, 37662, 30041]
[R Sat Oct 21 17:52:32 2023] [1, 2, -14, -70, 0, 406, 742, -13794, 27845]
[R Sat Oct 21 17:54:33 2023] [1, 2, -42, 154, 0, -826, 1498, 11022, 30941]
[R Sat Oct 21 17:55:06 2023] [1, 2, -14, -70, -560, -1834, -2618, -37794, 28565]
[R Sat Oct 21 18:00:13 2023] [1, 2, -14, 42, -280, -3318, 25914, -53218, 32129]
[R Sat Oct 21 18:00:32 2023] [1, 2, -14, -70, -420, -1274, -1778, -24594, 30185]
[R Sat Oct 21 18:01:06 2023] [1, 2, -14, -70, -140, -4886, 21378, -40926, 30365]
[R Sat Oct 21 18:01:12 2023] [1, 2, -70, 14, 1260, -3234, 6902, -29010, 33029]
[R Sat Oct 21 18:01:17 2023] [1, 2, -42, -266, -280, 2898, 15106, 32994, 33137]
[R Sat Oct 21 18:04:04 2023] [1, 2, -14, -70, 280, 1526, 2422, -34914, 30545]
[R Sat Oct 21 18:04:36 2023] [1, 2, -14, -70, -140, -7322, -9954, 22158, 31625]
[R Sat Oct 21 18:05:33 2023] [1, 2, -14, -70, -560, -1834, -2618, -39234, 31985]
[R Sat Oct 21 18:10:37 2023] [1, 2, -14, -70, 280, 1526, 2422, -36354, 33965]
[R Sat Oct 21 18:12:09 2023] [1, 2, 0, 0, 0, 3248, 22736, 51040, 35090]
[R Sat Oct 21 18:13:16 2023] [1, 2, -14, -70, 0, 406, 742, -16674, 34685]
[R Sat Oct 21 18:13:54 2023] [1, 2, -14, -70, -560, -1834, -2618, -40674, 35405]
[R Sat Oct 21 18:16:50 2023] [1, 2, -14, -70, -140, -154, -98, -15474, 36665]
[R Sat Oct 21 18:17:11 2023] [1, 2, -14, -70, -420, -1274, -1778, -27474, 37025]
[R Sat Oct 21 18:20:20 2023] [1, 2, -14, -70, -560, -1834, -2618, -42114, 38825]
[R Sat Oct 21 18:20:51 2023] [1, 2, -14, -70, 0, 406, 742, -18114, 38105]
[R Sat Oct 21 18:22:29 2023] [1, 2, -14, -70, -140, -1610, 11550, -34770, 39905]
[R Sat Oct 21 18:22:43 2023] [1, 2, -14, -70, -140, -154, -98, -16914, 40085]
[R Sat Oct 21 18:23:24 2023] [1, 2, -14, -70, -420, -1274, -1778, -28914, 40445]
[R Sat Oct 21 18:23:35 2023] [1, 2, -42, 154, 420, -2506, 4018, 40542, 43361]
[R Sat Oct 21 18:23:58 2023] [1, 2, -14, -70, 280, 1526, 2422, -39234, 40805]
[R Sat Oct 21 18:24:36 2023] [1, 2, -42, 14, 840, -1806, -8022, 23662, 43901]
[R Sat Oct 21 18:26:48 2023] [1, 2, -14, -70, -560, -1834, -2618, -43554, 42245]
[R Sat Oct 21 18:28:31 2023] [1, 2, -14, -70, -420, -1274, -1778, -30354, 43865]
[R Sat Oct 21 18:28:44 2023] [1, 2, -14, -70, 280, 1526, 2422, -40674, 44225]
[R Sat Oct 21 18:29:42 2023] [1, 2, -14, -70, 0, 406, 742, -20994, 44945]
[R Sat Oct 21 18:30:52 2023] [1, 2, -42, 154, 560, -3066, 4858, 56142, 48941]
[R Sat Oct 21 18:31:36 2023] [1, 2, -14, -70, -560, -1834, -2618, -44994, 45665]
[R Sat Oct 21 18:31:53 2023] [1, 2, -42, 154, 420, -2506, 4018, 41982, 50021]
[R Sat Oct 21 18:32:32 2023] [1, 2, -14, -70, -140, -154, -98, -19794, 46925]
[R Sat Oct 21 18:32:38 2023] [1, 2, -14, -70, 280, 1526, 2422, -42114, 47645]
[R Sat Oct 21 18:33:21 2023] [1, 2, -14, -70, 0, 406, 742, -22434, 48365]
[R Sat Oct 21 18:33:58 2023] [1, 2, -14, -70, -560, -1834, -2618, -46434, 49085]
[R Sat Oct 21 18:34:03 2023] [1, 2, -14, -70, -140, -2954, -11298, 7086, 48185]
[R Sat Oct 21 18:35:07 2023] [1, 2, -14, -70, -140, -154, -98, -21234, 50345]
[R Sat Oct 21 18:36:06 2023] [1, 2, -14, -70, 280, 1526, 2422, -43554, 51065]
[R Sat Oct 21 18:36:13 2023] [1, 2, -14, -70, -420, -1274, -1778, -33234, 50705]
[R Sat Oct 21 18:36:15 2023] [1, 2, -14, -70, 0, 406, 742, -23874, 51785]
[R Sat Oct 21 18:36:29 2023] [1, 2, -42, 154, 560, -3066, 4858, 57582, 55601]
[R Sat Oct 21 18:36:47 2023] [1, 2, -14, -70, -560, -1834, -2618, -47874, 52505]
[R Sat Oct 21 18:37:31 2023] [1, 2, -14, -70, -140, -154, -98, -22674, 53765]
[R Sat Oct 21 18:37:37 2023] [1, 2, -14, -70, -420, -1274, -1778, -34674, 54125]
[R Sat Oct 21 18:38:15 2023] [1, 2, -14, -98, 560, 2002, -8946, -4218, 57329]
[R Sat Oct 21 18:38:24 2023] [1, 2, -70, -126, 1400, 294, -16982, -5470, 58661]
[R Sat Oct 21 18:38:39 2023] [1, 2, -14, -70, 280, 1526, 2422, -44994, 54485]
[R Sat Oct 21 18:38:43 2023] [1, 2, -14, -70, -560, -1834, -2618, -49314, 55925]
[R Sat Oct 21 18:39:03 2023] [1, 2, -70, -210, 1540, 6398, -15834, -34650, 58625]
[R Sat Oct 21 18:39:46 2023] [1, 2, -14, -70, -420, -1274, -1778, -36114, 57545]
[R Sat Oct 21 18:39:46 2023] [1, 2, -14, -70, -140, -2422, -11774, 2658, 57725]
[R Sat Oct 21 18:39:57 2023] [1, 2, -14, -70, 280, 1526, 2422, -46434, 57905]
[R Sat Oct 21 18:40:29 2023] [1, 2, -14, -70, 0, 406, 742, -26754, 58625]
[R Sat Oct 21 18:41:15 2023] [1, 2, -14, -70, -140, -154, -98, -25554, 60605]
[R Sat Oct 21 18:41:24 2023] [1, 2, -14, -70, -420, -1274, -1778, -37554, 60965]
[R Sat Oct 21 18:42:21 2023] [1, 2, -14, -70, 0, 406, 742, -28194, 62045]
[R Sat Oct 21 18:42:27 2023] [1, 2, -14, -70, -140, -154, -98, -26994, 64025]
[R Sat Oct 21 18:42:48 2023] [1, 2, -14, -70, 280, 1526, 2422, -49314, 64745]
[R Sat Oct 21 18:43:02 2023] [1, 2, -14, -70, 0, 406, 742, -29634, 65465]
[R Sat Oct 21 18:43:30 2023] [1, 2, -14, -70, -560, -1834, -2618, -53634, 66185]
[R Sat Oct 21 18:43:43 2023] [1, 2, -14, -70, -420, -1274, -1778, -40434, 67805]
[R Sat Oct 21 18:43:47 2023] [1, 2, -14, 42, 280, -1358, -4046, 23902, 71009]
[R Sat Oct 21 18:43:50 2023] [1, 2, -14, -70, 280, 1526, 2422, -50754, 68165]
[R Sat Oct 21 18:44:02 2023] [1, 2, -14, -70, 0, 406, 742, -31074, 68885]
[R Sat Oct 21 18:44:14 2023] [1, 2, -14, -70, -140, -602, -6594, -15762, 68345]
[R Sat Oct 21 18:44:34 2023] [1, 2, -14, -70, -560, -1834, -2618, -55074, 69605]
[R Sat Oct 21 18:44:44 2023] [1, 2, -14, -70, 280, 1526, 2422, -52194, 71585]
[R Sat Oct 21 18:44:48 2023] [1, 2, -14, -70, -420, -1274, -1778, -41874, 71225]
[R Sat Oct 21 18:44:51 2023] [1, 2, -14, -70, -140, -154, -98, -29874, 70865]
[R Sat Oct 21 18:44:53 2023] [1, 2, -14, -70, 0, 406, 742, -32514, 72305]
[R Sat Oct 21 18:44:59 2023] [1, 2, -14, -70, -560, -1834, -2618, -56514, 73025]
[R Sat Oct 21 18:45:16 2023] [1, 2, -14, -70, -140, -154, -98, -31314, 74285]
[R Sat Oct 21 18:45:29 2023] [1, 2, -14, -70, 0, 406, 742, -33954, 75725]
[R Sat Oct 21 18:45:32 2023] [1, 2, -14, -70, 280, 1526, 2422, -53634, 75005]
[R Sat Oct 21 18:45:36 2023] [1, 2, -14, -70, -420, -1274, -1778, -43314, 74645]
[R Sat Oct 21 18:45:48 2023] [1, 2, -14, -70, -140, -154, -98, -32754, 77705]
[R Sat Oct 21 18:46:02 2023] [1, 2, -14, 182, -280, -7714, 182, 63786, 83717]
[R Sat Oct 21 18:46:03 2023] [1, 2, -14, -70, 280, 1526, 2422, -55074, 78425]
[R Sat Oct 21 18:46:16 2023] [1, 2, -14, -70, -420, -1274, -1778, -46194, 81485]
[R Sat Oct 21 18:46:38 2023] [1, 2, -14, -70, -420, -1274, -1778, -47634, 84905]
[R Sat Oct 21 18:46:52 2023] [1, 2, -14, -70, 0, 406, 742, -38274, 85985]
[R Sat Oct 21 18:46:52 2023] [1, 2, -14, -70, -140, -154, -98, -37074, 87965]
[R Sat Oct 21 18:46:52 2023] [1, 2, -14, -70, -420, -1274, -1778, -49074, 88325]
[R Sat Oct 21 18:46:57 2023] [1, 2, -14, -70, -140, -2422, -15134, -3582, 87245]
[R Sat Oct 21 18:46:59 2023] [1, 2, -14, -70, 0, 406, 742, -39714, 89405]
[R Sat Oct 21 18:47:09 2023] [1, 2, -14, -70, 0, 406, 742, -41154, 92825]
[R Sat Oct 21 18:47:19 2023] [1, 2, -14, -70, -140, -154, -98, -39954, 94805]
[R Sat Oct 21 18:47:30 2023] [1, 2, 0, -56, -280, 2408, -3164, 1600, 106982]
Total elapsed time: 73977115625us
Server			Amount			Total Time (us)		Fastest Time (us)	Slowest Time (us)	Approx Avg Time (us)
Idle:           217912018       73634641022         0                   30017921            337             
Generate:       108954868       6628505             0                   3509                0               

Workers			Amount			Total Time (us)		Fastest Time (us)	Slowest Time (us)	Approx Avg Time (us)
Workers:        511             37800208276750      73972685491         73976211387         73973010326     
Read input:     511             6025685905          11181059            11899930            11791948        
Idle:           108955379       29046473848         1                   5724910             266             
Work units:     108954868       37768408008593      1                   21957849168         346642          
Init:           108954868       2922750239          0                   141084              26              
Generate:       28756177916984  12999859487783      0                   3454698             0               
Last coeff.:    1716284074839   7422896233950       0                   44024               4               
Disc. eval.:    29812326605721  1364239313570       0                   57503               0               
Lagrange:       109203532       231474653           0                   18039               2               
Send results:   713             44091               4                   155                 61              
Disc. sq. test: 28756177916984  11226018998         0                   46007               0               
Saved:          749             4631                1                   14                  6               
