[I Sun Oct 15 13:09:43 2023] Program launch: 512 workers
[A Sun Oct 15 13:09:43 2023] ./bin/enum-stats -coeffs -2 -divisors 2,14,14,140,14,14,2,1 -discriminant -210827008000000 -input data/257/p2e14mod4_2ds1.txt,data/257/p5e6mod25_s1eq2.txt,data/257/p7e7mod49_s1eq2.txt,data/257/p3e0mod9_s1eq2_a8eq7.txt -output data/output/257/output1467_s1eq2_a8eq7m9.txt -tree data/257/treea8.txt -locked 3 -filter 11 
[R Sun Oct 15 13:10:26 2023] [1, 2, -14, -70, 420, 2086, 3262, 12206, -123995]
[R Sun Oct 15 13:11:17 2023] [1, 2, -14, -70, 420, 2086, 3262, 10766, -120575]
[R Sun Oct 15 13:11:32 2023] [1, 2, -14, -70, 420, 2086, 3262, 9326, -117155]
[R Sun Oct 15 13:11:37 2023] [1, 2, -14, -70, 420, 2086, 3262, 7886, -113735]
[R Sun Oct 15 13:11:44 2023] [1, 2, -14, -70, 420, 2086, 3262, 6446, -110315]
[R Sun Oct 15 13:11:46 2023] [1, 2, -14, -70, -140, 378, 8946, 27858, -108875]
[R Sun Oct 15 13:11:50 2023] [1, 2, -14, -70, -700, -2394, -3458, 206, -107255]
[R Sun Oct 15 13:11:56 2023] [1, 2, -14, -70, -700, -2394, -3458, -1234, -103835]
[R Sun Oct 15 13:11:57 2023] [1, 2, -14, -70, 420, 2086, 3262, 3566, -103475]
[R Sun Oct 15 13:11:58 2023] [1, 2, -14, -70, 560, 2646, 4102, -19234, -104555]
[R Sun Oct 15 13:12:03 2023] [1, 2, -14, -70, 560, 2646, 4102, -20674, -101135]
[R Sun Oct 15 13:12:06 2023] [1, 2, -14, -70, 420, 2086, 3262, 2126, -100055]
[R Sun Oct 15 13:12:07 2023] [1, 2, -14, -70, -700, -2394, -3458, -2674, -100415]
[R Sun Oct 15 13:12:12 2023] [1, 2, -14, -70, 140, 966, 1582, 31886, -98075]
[R Sun Oct 15 13:12:15 2023] [1, 2, -14, -70, 0, 406, 742, 38846, -97175]
[R Sun Oct 15 13:12:16 2023] [1, 2, -14, -70, -420, -1274, -1778, 29486, -98255]
[R Sun Oct 15 13:12:20 2023] [1, 2, -14, -70, -700, -2394, -3458, -4114, -96995]
[R Sun Oct 15 13:12:21 2023] [1, 2, -14, -70, 420, 2086, 3262, 686, -96635]
[R Sun Oct 15 13:12:21 2023] [1, 2, -14, -70, -140, 1610, 14210, 9570, -95555]
[R Sun Oct 15 13:12:21 2023] [1, 2, -14, -70, -280, -714, -938, 36926, -95555]
[R Sun Oct 15 13:12:24 2023] [1, 2, -14, -70, -420, -1274, -1778, 28046, -94835]
[R Sun Oct 15 13:12:27 2023] [1, 2, -14, -70, 560, 2646, 4102, -23554, -94295]
[R Sun Oct 15 13:12:29 2023] [1, 2, -14, -70, -700, -2394, -3458, -5554, -93575]
[R Sun Oct 15 13:12:32 2023] [1, 2, -14, -70, -840, -2954, -4298, -30274, -93035]
[R Sun Oct 15 13:12:36 2023] [1, 2, -14, -70, -280, -714, -938, 35486, -92135]
[R Sun Oct 15 13:12:37 2023] [1, 2, -14, -70, 420, 2086, 3262, -754, -93215]
[R Sun Oct 15 13:12:39 2023] [1, 2, -14, -70, -420, -1274, -1778, 26606, -91415]
[R Sun Oct 15 13:12:40 2023] [1, 2, -14, -70, 560, 2646, 4102, -24994, -90875]
[R Sun Oct 15 13:12:47 2023] [1, 2, -14, -70, 420, 2086, 3262, -2194, -89795]
[R Sun Oct 15 13:12:48 2023] [1, 2, -14, -70, 0, 406, 742, 35966, -90335]
[R Sun Oct 15 13:12:57 2023] [1, 2, -14, -70, -420, -1274, -1778, 25166, -87995]
[R Sun Oct 15 13:13:00 2023] [1, 2, -14, -70, 560, 2646, 4102, -26434, -87455]
[R Sun Oct 15 13:13:01 2023] [1, 2, -14, -70, 140, 966, 1582, 27566, -87815]
[R Sun Oct 15 13:13:05 2023] [1, 2, -14, -70, 420, 2086, 3262, -3634, -86375]
[R Sun Oct 15 13:13:06 2023] [1, 2, -14, -70, -700, -2394, -3458, -8434, -86735]
[R Sun Oct 15 13:13:07 2023] [1, 2, -14, -70, -840, -2954, -4298, -33154, -86195]
[R Sun Oct 15 13:13:10 2023] [1, 2, -14, -70, 0, 406, 742, 34526, -86915]
[R Sun Oct 15 13:13:17 2023] [1, 2, -14, -70, -280, -714, -938, 32606, -85295]
[R Sun Oct 15 13:13:25 2023] [1, 2, -14, -70, 0, 406, 742, 33086, -83495]
[R Sun Oct 15 13:13:26 2023] [1, 2, -14, -70, -700, -2394, -3458, -9874, -83315]
[R Sun Oct 15 13:13:28 2023] [1, 2, -14, -70, 140, 966, 1582, 26126, -84395]
[R Sun Oct 15 13:13:29 2023] [1, 2, -14, -70, 420, 2086, 3262, -5074, -82955]
[R Sun Oct 15 13:13:35 2023] [1, 2, -14, -70, -840, -2954, -4298, -34594, -82775]
[R Sun Oct 15 13:13:43 2023] [1, 2, -14, -70, -420, -1274, -1778, 22286, -81155]
[R Sun Oct 15 13:13:53 2023] [1, 2, -14, -70, 0, 406, 742, 31646, -80075]
[R Sun Oct 15 13:13:57 2023] [1, 2, -14, -70, -700, -2394, -3458, -11314, -79895]
[R Sun Oct 15 13:14:01 2023] [1, 2, -14, -70, 420, 2086, 3262, -6514, -79535]
[R Sun Oct 15 13:14:02 2023] [1, 2, -14, -70, 560, 2646, 4102, -29314, -80615]
[R Sun Oct 15 13:14:14 2023] [1, 2, -14, -70, -840, -2954, -4298, -36034, -79355]
[R Sun Oct 15 13:14:20 2023] [1, 2, -14, -70, 140, 966, 1582, 23246, -77555]
[R Sun Oct 15 13:14:23 2023] [1, 2, -14, -70, 560, 2646, 4102, -30754, -77195]
[R Sun Oct 15 13:14:24 2023] [1, 2, -14, -70, -420, -1274, -1778, 20846, -77735]
[R Sun Oct 15 13:14:31 2023] [1, 2, -14, -70, 0, 406, 742, 30206, -76655]
[R Sun Oct 15 13:14:37 2023] [1, 2, -14, -70, 420, 2086, 3262, -7954, -76115]
[R Sun Oct 15 13:14:37 2023] [1, 2, -14, -70, -700, -2394, -3458, -12754, -76475]
[R Sun Oct 15 13:14:48 2023] [1, 2, -14, -70, -280, -714, -938, 28286, -75035]
[R Sun Oct 15 13:14:55 2023] [1, 2, -14, -70, -140, 210, 6090, 19050, -74495]
[R Sun Oct 15 13:14:59 2023] [1, 2, -14, -70, 140, 966, 1582, 21806, -74135]
[R Sun Oct 15 13:15:01 2023] [1, 2, -14, -70, 560, 2646, 4102, -32194, -73775]
[R Sun Oct 15 13:15:10 2023] [1, 2, -14, -70, 0, 406, 742, 28766, -73235]
[R Sun Oct 15 13:15:11 2023] [1, 2, -14, -70, -420, -1274, -1778, 19406, -74315]
[R Sun Oct 15 13:15:21 2023] [1, 2, -14, -70, -840, -2954, -4298, -38914, -72515]
[R Sun Oct 15 13:15:26 2023] [1, 2, -14, -70, 420, 2086, 3262, -9394, -72695]
[R Sun Oct 15 13:15:29 2023] [1, 2, -14, -70, -700, -2394, -3458, -14194, -73055]
[R Sun Oct 15 13:15:33 2023] [1, 2, -14, -70, -280, -714, -938, 26846, -71615]
[R Sun Oct 15 13:15:52 2023] [1, 2, -14, -70, 560, 2646, 4102, -33634, -70355]
[R Sun Oct 15 13:15:52 2023] [1, 2, -42, -126, 420, 826, -13538, -55222, -66071]
[R Sun Oct 15 13:16:21 2023] [1, 2, -14, -70, 420, 2086, 3262, -10834, -69275]
[R Sun Oct 15 13:16:26 2023] [1, 2, -14, -70, -280, -714, -938, 25406, -68195]
[R Sun Oct 15 13:16:32 2023] [1, 2, 0, -140, -140, 2632, -2996, 7940, -68330]
[R Sun Oct 15 13:16:35 2023] [1, 2, -14, -70, -420, -1274, -1778, 16526, -67475]
[R Sun Oct 15 13:16:42 2023] [1, 2, -14, -70, 140, 966, 1582, 18926, -67295]
[R Sun Oct 15 13:17:16 2023] [1, 2, -14, -70, 420, 2086, 3262, -12274, -65855]
[R Sun Oct 15 13:17:21 2023] [1, 2, -14, 42, 700, 602, -14966, -57358, -63371]
[R Sun Oct 15 13:17:33 2023] [1, 2, -14, -70, -280, -714, -938, 23966, -64775]
[R Sun Oct 15 13:17:52 2023] [1, 2, -14, -70, -420, -1274, -1778, 15086, -64055]
[R Sun Oct 15 13:18:04 2023] [1, 2, -14, -70, 140, 966, 1582, 17486, -63875]
[R Sun Oct 15 13:18:09 2023] [1, 2, -14, -70, 560, 2646, 4102, -36514, -63515]
[R Sun Oct 15 13:18:25 2023] [1, 2, -14, -70, -700, -2394, -3458, -18514, -62795]
[R Sun Oct 15 13:18:37 2023] [1, 2, -14, -70, -840, -2954, -4298, -43234, -62255]
[R Sun Oct 15 13:18:49 2023] [1, 2, -14, -70, 0, 406, 742, 24446, -62975]
[R Sun Oct 15 13:19:07 2023] [1, 2, -42, -126, 420, 1330, -10010, -45790, -57035]
[R Sun Oct 15 13:19:14 2023] [1, 2, -14, -70, -280, -714, -938, 22526, -61355]
[R Sun Oct 15 13:19:19 2023] [1, 2, -14, -70, -420, -1274, -1778, 13646, -60635]
[R Sun Oct 15 13:19:47 2023] [1, 2, -14, -70, -700, -2394, -3458, -19954, -59375]
[R Sun Oct 15 13:19:49 2023] [1, 2, -14, -70, 0, 406, 742, 23006, -59555]
[R Sun Oct 15 13:19:50 2023] [1, 2, -14, -70, 560, 2646, 4102, -37954, -60095]
[R Sun Oct 15 13:19:53 2023] [1, 2, -14, -70, 140, 966, 1582, 16046, -60455]
[R Sun Oct 15 13:20:12 2023] [1, 2, -14, -70, 420, 2086, 3262, -15154, -59015]
[R Sun Oct 15 13:20:17 2023] [1, 2, -42, 154, 560, -3066, 4858, 33742, -54659]
[R Sun Oct 15 13:20:26 2023] [1, 2, -14, -70, -840, -2954, -4298, -44674, -58835]
[R Sun Oct 15 13:20:44 2023] [1, 2, 28, 84, 140, 336, -448, -5752, -53966]
[R Sun Oct 15 13:20:58 2023] [1, 2, -14, -70, -420, -1274, -1778, 12206, -57215]
[R Sun Oct 15 13:21:35 2023] [1, 2, -14, -70, 0, 406, 742, 21566, -56135]
[R Sun Oct 15 13:21:41 2023] [1, 2, -14, -70, 560, 2646, 4102, -39394, -56675]
[R Sun Oct 15 13:21:42 2023] [1, 2, -14, -70, -700, -2394, -3458, -21394, -55955]
[R Sun Oct 15 13:21:59 2023] [1, 2, -14, -70, 420, 2086, 3262, -16594, -55595]
[R Sun Oct 15 13:22:38 2023] [1, 2, -14, -70, -140, 1638, 10206, -402, -54515]
[R Sun Oct 15 13:22:38 2023] [1, 2, -14, -70, -280, -714, -938, 19646, -54515]
[R Sun Oct 15 13:22:41 2023] [1, 2, -14, -70, -840, -2954, -4298, -46114, -55415]
[R Sun Oct 15 13:23:13 2023] [1, 2, -14, -70, 140, 966, 1582, 13166, -53615]
[R Sun Oct 15 13:23:27 2023] [1, 2, -14, -70, -420, -1274, -1778, 10766, -53795]
[R Sun Oct 15 13:23:55 2023] [1, 2, -14, -70, 0, 406, 742, 20126, -52715]
[R Sun Oct 15 13:24:06 2023] [1, 2, -14, -70, 420, 2086, 3262, -18034, -52175]
[R Sun Oct 15 13:24:23 2023] [1, 2, -14, -70, -700, -2394, -3458, -22834, -52535]
[R Sun Oct 15 13:24:36 2023] [1, 2, -42, 154, 560, -3066, 4858, 35182, -47999]
[R Sun Oct 15 13:24:47 2023] [1, 2, -42, -126, 420, 1834, -6482, -36358, -47999]
[R Sun Oct 15 13:25:13 2023] [1, 2, -42, -126, 1540, -1414, -15778, 51018, -47351]
[R Sun Oct 15 13:25:15 2023] [1, 2, -14, -70, -280, -714, -938, 18206, -51095]
[R Sun Oct 15 13:25:32 2023] [1, 2, -42, 154, 420, -2506, 4018, 21022, -46919]
[R Sun Oct 15 13:25:46 2023] [1, 2, -14, -70, 140, 966, 1582, 11726, -50195]
[R Sun Oct 15 13:26:04 2023] [1, 2, -14, -70, 560, 2646, 4102, -42274, -49835]
[R Sun Oct 15 13:26:10 2023] [1, 2, -14, -70, -420, -1274, -1778, 9326, -50375]
[R Sun Oct 15 13:26:41 2023] [1, 2, 0, 0, 0, -4592, -32144, -72160, -49610]
[R Sun Oct 15 13:27:45 2023] [1, 2, -14, -70, -700, -2394, -3458, -24274, -49115]
[R Sun Oct 15 13:27:47 2023] [1, 2, -14, -70, -280, -714, -938, 16766, -47675]
[R Sun Oct 15 13:28:39 2023] [1, 2, -14, -70, -420, -1274, -1778, 7886, -46955]
[R Sun Oct 15 13:29:30 2023] [1, 2, -14, -70, 560, 2646, 4102, -43714, -46415]
[R Sun Oct 15 13:30:17 2023] [1, 2, -14, -70, -700, -2394, -3458, -25714, -45695]
[R Sun Oct 15 13:31:07 2023] [1, 2, -14, -70, -840, -2954, -4298, -50434, -45155]
[R Sun Oct 15 13:31:30 2023] [1, 2, -42, 154, 560, -3066, 4858, 36622, -41339]
[R Sun Oct 15 13:31:40 2023] [1, 2, -14, -70, 420, 2086, 3262, -20914, -45335]
[R Sun Oct 15 13:32:03 2023] [1, 2, -14, -70, -280, -714, -938, 15326, -44255]
[R Sun Oct 15 13:32:54 2023] [1, 2, -14, -70, -420, -1274, -1778, 6446, -43535]
[R Sun Oct 15 13:32:55 2023] [1, 2, -14, -98, 420, 4046, 8722, -8254, -40763]
[R Sun Oct 15 13:32:58 2023] [1, 2, -42, 154, 420, -2506, 4018, 22462, -40259]
[R Sun Oct 15 13:33:09 2023] [1, 2, -14, -70, 140, 966, 1582, 8846, -43355]
[R Sun Oct 15 13:33:37 2023] [1, 2, -14, -70, 560, 2646, 4102, -45154, -42995]
[R Sun Oct 15 13:33:44 2023] [1, 2, -14, -98, -700, 2702, -24066, 44242, -41051]
[R Sun Oct 15 13:34:59 2023] [1, 2, -14, -70, 0, 406, 742, 15806, -42455]
[R Sun Oct 15 13:35:10 2023] [1, 2, -14, -70, 420, 2086, 3262, -22354, -41915]
[R Sun Oct 15 13:35:34 2023] [1, 2, -42, 154, 280, -1946, 3178, 11182, -38459]
[R Sun Oct 15 13:36:42 2023] [1, 2, 0, 0, 0, -8624, 25872, 0, -37730]
[R Sun Oct 15 13:36:47 2023] [1, 2, -14, -70, -280, -714, -938, 13886, -40835]
[R Sun Oct 15 13:37:52 2023] [1, 2, -14, -70, -420, -1274, -1778, 5006, -40115]
[R Sun Oct 15 13:38:22 2023] [1, 2, -14, -70, 560, 2646, 4102, -46594, -39575]
[R Sun Oct 15 13:38:51 2023] [1, 2, -14, -70, -140, 4130, -22470, 47770, -40295]
[R Sun Oct 15 13:40:17 2023] [1, 2, -14, -70, -700, -2394, -3458, -28594, -38855]
[R Sun Oct 15 13:40:52 2023] [1, 2, -14, -70, 420, 2086, 3262, -23794, -38495]
[R Sun Oct 15 13:41:21 2023] [1, 2, -14, -70, 0, 406, 742, 14366, -39035]
[R Sun Oct 15 13:42:08 2023] [1, 2, -42, 154, 560, -3066, 4858, 38062, -34679]
[R Sun Oct 15 13:43:51 2023] [1, 2, -14, -70, -280, -714, -938, 12446, -37415]
[R Sun Oct 15 13:44:23 2023] [1, 2, -42, 154, 420, -2506, 4018, 23902, -33599]
[R Sun Oct 15 13:44:24 2023] [1, 2, -14, -70, -420, -1274, -1778, 3566, -36695]
[R Sun Oct 15 13:46:22 2023] [1, 2, -14, -70, 140, 966, 1582, 5966, -36515]
[R Sun Oct 15 13:46:35 2023] [1, 2, -14, -70, 0, 406, 742, 12926, -35615]
[R Sun Oct 15 13:46:45 2023] [1, 2, -70, -70, 1260, -2842, -11074, 41230, -33635]
[R Sun Oct 15 13:47:27 2023] [1, 2, -14, -70, 420, 2086, 3262, -25234, -35075]
[R Sun Oct 15 13:50:46 2023] [1, 2, -14, -70, -140, 2982, -17346, 38382, -33815]
[R Sun Oct 15 13:51:48 2023] [1, 2, 56, 252, 420, 4032, -5236, 22232, -30926]
[R Sun Oct 15 13:52:11 2023] [1, 2, -14, -70, -420, -1274, -1778, 2126, -33275]
[R Sun Oct 15 13:53:19 2023] [1, 2, -42, -126, 420, 2842, 574, -17494, -29927]
[R Sun Oct 15 13:55:07 2023] [1, 2, -42, 154, 140, -1386, 2338, 4222, -29279]
[R Sun Oct 15 13:55:09 2023] [1, 2, -14, -70, 0, 406, 742, 11486, -32195]
[R Sun Oct 15 13:55:16 2023] [1, 2, 0, 224, -1260, -13916, -21952, -25800, -29774]
[R Sun Oct 15 13:55:43 2023] [1, 2, -14, -70, -700, -2394, -3458, -31474, -32015]
[R Sun Oct 15 13:56:39 2023] [1, 2, -14, -70, 420, 2086, 3262, -26674, -31655]
[R Sun Oct 15 13:59:20 2023] [1, 2, -14, -70, -280, -714, -938, 9566, -30575]
[R Sun Oct 15 14:02:07 2023] [1, 2, -14, -70, 140, 966, 1582, 3086, -29675]
[R Sun Oct 15 14:02:41 2023] [1, 2, -42, 154, 420, -2506, 4018, 25342, -26939]
[R Sun Oct 15 14:03:27 2023] [1, 2, -14, -70, -420, -1274, -1778, 686, -29855]
[R Sun Oct 15 14:03:42 2023] [1, 2, 28, 84, 980, 3584, 8428, 7112, -26894]
[R Sun Oct 15 14:05:00 2023] [1, 2, -14, -238, -840, -434, -1218, -19694, -26543]
[R Sun Oct 15 14:05:06 2023] [1, 2, -14, -70, 0, 406, 742, 10046, -28775]
[R Sun Oct 15 14:06:20 2023] [1, 2, 0, 0, 0, -7616, -34272, -53040, -28730]
[R Sun Oct 15 14:07:31 2023] [1, 2, -14, -70, 420, 2086, 3262, -28114, -28235]
[R Sun Oct 15 14:07:32 2023] [1, 2, -14, -70, -700, -2394, -3458, -32914, -28595]
[R Sun Oct 15 14:09:13 2023] [1, 2, -42, 154, 280, -1946, 3178, 14062, -25139]
[R Sun Oct 15 14:10:17 2023] [1, 2, 0, 0, 0, -2576, -18032, -40480, -27830]
[R Sun Oct 15 14:12:08 2023] [1, 2, -14, -70, -280, -714, -938, 8126, -27155]
[R Sun Oct 15 14:14:35 2023] [1, 2, -14, -350, -840, -5446, 13258, 8954, -24995]
[R Sun Oct 15 14:14:45 2023] [1, 2, -14, -238, 1540, -2758, -4326, 20602, -24491]
[R Sun Oct 15 14:16:08 2023] [1, 2, -14, -70, 140, 966, 1582, 1646, -26255]
[R Sun Oct 15 14:17:49 2023] [1, 2, -14, -70, -140, 2618, -14574, 30898, -26075]
[R Sun Oct 15 14:18:24 2023] [1, 2, -14, -70, -420, -1274, -1778, -754, -26435]
[R Sun Oct 15 14:20:40 2023] [1, 2, -42, 154, 140, -1386, 2338, 5662, -22619]
[R Sun Oct 15 14:20:48 2023] [1, 2, -14, -70, 0, 406, 742, 8606, -25355]
[R Sun Oct 15 14:22:22 2023] [1, 2, -42, 154, -280, -13706, -28182, 58062, -22259]
[R Sun Oct 15 14:22:45 2023] [1, 2, 0, 84, -420, -1512, -784, 28200, -23078]
[R Sun Oct 15 14:23:03 2023] [1, 2, -14, -70, -700, -2394, -3458, -34354, -25175]
[R Sun Oct 15 14:23:08 2023] [1, 2, 0, 0, 0, -868, -6496, -17680, -25490]
[R Sun Oct 15 14:23:12 2023] [1, 2, -42, 154, -140, -266, 658, -3938, -22079]
[R Sun Oct 15 14:24:06 2023] [1, 2, -14, -70, 420, 2086, 3262, -29554, -24815]
[R Sun Oct 15 14:29:28 2023] [1, 2, -42, -126, 420, 3346, 4102, -8062, -20891]
[R Sun Oct 15 14:32:16 2023] [1, 2, -14, -70, -420, -1274, -1778, -2194, -23015]
[R Sun Oct 15 14:32:19 2023] [1, 2, 0, 84, -700, 1148, -3164, 16760, -21458]
[R Sun Oct 15 14:36:46 2023] [1, 2, -42, -126, 840, -126, -3962, -1298, -19739]
[R Sun Oct 15 14:39:43 2023] [1, 2, -14, -70, -700, -2394, -3458, -35794, -21755]
[R Sun Oct 15 14:40:29 2023] [1, 2, -42, 154, -280, -11690, -24150, 49710, -19055]
[R Sun Oct 15 14:41:07 2023] [1, 2, -42, 154, -700, 1974, -2702, 9982, -19019]
[R Sun Oct 15 14:47:28 2023] [1, 2, -14, -70, 420, 2086, 3262, -30994, -21395]
[R Sun Oct 15 14:49:00 2023] [1, 2, 70, 70, 700, -5502, 2926, -30690, -19415]
[R Sun Oct 15 14:52:28 2023] [1, 2, -42, 154, -280, 294, -182, -3698, -17399]
[R Sun Oct 15 14:53:48 2023] [1, 2, -14, -70, -420, -1274, -1778, -3634, -19595]
[R Sun Oct 15 14:56:47 2023] [1, 2, -14, -70, 140, 966, 1582, -1234, -19415]
[R Sun Oct 15 14:56:54 2023] [1, 2, -14, -70, -140, 854, -7042, 18414, -19235]
[R Sun Oct 15 14:57:12 2023] [1, 2, -42, 154, -280, -10794, -46998, -49042, -16751]
[R Sun Oct 15 15:04:35 2023] [1, 2, -42, 154, 140, -1386, 2338, 7102, -15959]
[R Sun Oct 15 15:05:18 2023] [1, 2, -14, -70, 0, 406, 742, 5726, -18515]
[R Sun Oct 15 15:14:19 2023] [1, 2, 56, 140, 1260, -2604, -12768, 30696, -16490]
[R Sun Oct 15 15:16:17 2023] [1, 2, -14, -70, -140, 1806, -3738, 9926, -17255]
[R Sun Oct 15 15:16:17 2023] [1, 2, -14, -70, -140, 98, -3094, 12138, -17255]
[R Sun Oct 15 15:16:28 2023] [1, 2, -42, 154, 560, -3066, 4858, 42382, -14699]
[R Sun Oct 15 15:16:37 2023] [1, 2, -14, -70, -280, -714, -938, 3806, -16895]
[R Sun Oct 15 15:17:38 2023] [1, 2, 0, 140, -1680, -980, -28980, -32340, -17570]
[R Sun Oct 15 15:23:26 2023] [1, 2, -14, -70, -420, -1274, -1778, -5074, -16175]
[R Sun Oct 15 15:23:37 2023] [1, 2, -42, -126, 0, -1050, -13510, 27590, -14015]
[R Sun Oct 15 15:28:20 2023] [1, 2, -42, 154, 420, -2506, 4018, 28222, -13619]
[R Sun Oct 15 15:28:58 2023] [1, 2, -70, -350, 700, 6174, -12642, 4410, -13475]
[R Sun Oct 15 15:29:37 2023] [1, 2, -14, -350, -1680, -9310, -27790, -34830, -15095]
[R Sun Oct 15 15:29:48 2023] [1, 2, -14, -70, 140, 966, 1582, -2674, -15995]
[R Sun Oct 15 15:38:47 2023] [1, 2, -42, 154, -280, -7658, -16086, 33006, -12647]
[R Sun Oct 15 15:42:50 2023] [1, 2, -14, -70, 420, 2086, 3262, -33874, -14555]
[R Sun Oct 15 15:42:55 2023] [1, 2, -42, 154, -700, 1974, -2702, 11422, -12359]
[R Sun Oct 15 15:43:26 2023] [1, 2, -14, -70, 0, 406, 742, 4286, -15095]
[R Sun Oct 15 15:48:00 2023] [1, 2, -42, 154, -280, -25158, -65226, 57026, -11927]
[R Sun Oct 15 15:49:27 2023] [1, 2, -42, -126, 420, 3850, 7630, 1370, -11855]
[R Sun Oct 15 15:50:27 2023] [1, 2, -42, 154, 280, -1946, 3178, 16942, -11819]
[R Sun Oct 15 15:50:59 2023] [1, 2, 0, 84, -980, 56, -8708, -22000, -12206]
[R Sun Oct 15 15:55:15 2023] [1, 2, -42, 154, -840, 2534, -3542, 21742, -11459]
[R Sun Oct 15 16:00:57 2023] [1, 2, 56, -28, 560, 1232, -7476, 24952, -11486]
[R Sun Oct 15 16:02:19 2023] [1, 2, 0, -140, -700, 1400, 11200, 7800, -14150]
[R Sun Oct 15 16:07:24 2023] [1, 2, -14, -70, -140, 16982, -3906, -29138, -12755]
[R Sun Oct 15 16:07:24 2023] [1, 2, -14, -70, -420, -1274, -1778, -6514, -12755]
[R Sun Oct 15 16:08:51 2023] [1, 2, -14, -98, -560, 5474, 3458, -11146, -10847]
[R Sun Oct 15 16:11:36 2023] [1, 2, -70, -70, 420, -1274, -9058, -16210, -11315]
[R Sun Oct 15 16:16:05 2023] [1, 2, -14, -70, 140, 966, 1582, -4114, -12575]
[R Sun Oct 15 16:17:29 2023] [1, 2, 0, -280, -140, -17444, -50568, -44520, -12530]
[R Sun Oct 15 16:17:46 2023] [1, 2, 0, -280, -140, -16436, -48552, -43080, -12170]
[R Sun Oct 15 16:17:58 2023] [1, 2, -14, -70, -140, 18774, -5922, -30066, -12035]
[R Sun Oct 15 16:21:54 2023] [1, 2, -14, -70, 0, 406, 742, 2846, -11675]
[R Sun Oct 15 16:21:55 2023] [1, 2, 0, -280, -140, -16940, -49560, -43800, -12350]
[R Sun Oct 15 16:23:08 2023] [1, 2, 0, -280, -140, -15932, -47544, -42360, -11990]
[R Sun Oct 15 16:23:54 2023] [1, 2, 0, -280, -140, -15428, -46536, -41640, -11810]
[R Sun Oct 15 16:25:01 2023] [1, 2, -14, -350, -840, -6958, 21154, -7918, -10775]
[R Sun Oct 15 16:28:55 2023] [1, 2, -14, -70, -700, -2394, -3458, -40114, -11495]
[R Sun Oct 15 16:29:51 2023] [1, 2, -42, 154, 140, -1386, 2338, 8542, -9299]
[R Sun Oct 15 16:33:15 2023] [1, 2, -14, -70, 420, 2086, 3262, -35314, -11135]
[R Sun Oct 15 16:36:39 2023] [1, 2, -14, -98, -1260, -6706, -14462, -15166, -9227]
[R Sun Oct 15 16:37:12 2023] [1, 2, 0, -280, -140, -14420, -44520, -40200, -11450]
[R Sun Oct 15 16:37:43 2023] [1, 2, 0, 0, -2380, -22008, -51996, -7380, -10910]
[R Sun Oct 15 16:40:05 2023] [1, 2, -42, 154, -140, -266, 658, -1058, -8759]
[R Sun Oct 15 16:40:28 2023] [1, 2, 0, -280, -140, -12908, -41496, -38040, -10910]
[R Sun Oct 15 16:44:18 2023] [1, 2, 0, -280, -140, -12404, -40488, -37320, -10730]
[R Sun Oct 15 16:55:09 2023] [1, 2, 0, -280, 980, 3612, -9296, -35440, -10190]
[R Sun Oct 15 16:55:09 2023] [1, 2, 0, -280, -140, -10892, -37464, -35160, -10190]
[R Sun Oct 15 16:55:27 2023] [1, 2, -42, 154, 560, -3066, 4858, 43822, -8039]
[R Sun Oct 15 17:02:34 2023] [1, 2, 0, -280, -140, -9884, -35448, -33720, -9830]
[R Sun Oct 15 17:08:35 2023] [1, 2, 0, -280, -140, -10388, -36456, -34440, -10010]
[R Sun Oct 15 17:13:31 2023] [1, 2, 0, -280, -140, -9380, -34440, -33000, -9650]
[R Sun Oct 15 17:13:51 2023] [1, 2, -14, -70, -140, 3878, 2366, -10482, -9155]
[R Sun Oct 15 17:14:25 2023] [1, 2, 0, -280, -140, -8372, -32424, -31560, -9290]
[R Sun Oct 15 17:21:01 2023] [1, 2, -42, 154, 420, -2506, 4018, 29662, -6959]
[R Sun Oct 15 17:22:55 2023] [1, 2, -42, -126, 980, -11774, -39018, 32978, -6851]
[R Sun Oct 15 17:23:37 2023] [1, 2, -14, -350, -1680, -10822, -29974, -30102, -8075]
[R Sun Oct 15 17:25:50 2023] [1, 2, 70, 154, 420, 854, -2422, -9090, -6959]
[R Sun Oct 15 17:30:44 2023] [1, 2, 0, -280, -140, -7868, -31416, -30840, -9110]
[R Sun Oct 15 17:34:03 2023] [1, 2, 0, -280, -140, -6356, -28392, -28680, -8570]
[R Sun Oct 15 17:35:12 2023] [1, 2, 56, 280, -700, 476, -5488, -2404, -8210]
[R Sun Oct 15 17:36:29 2023] [1, 2, -14, -70, -140, 10934, -2562, -18866, -8255]
[R Sun Oct 15 17:38:16 2023] [1, 2, -14, -70, -700, -2394, -3458, -41554, -8075]
[R Sun Oct 15 17:43:25 2023] [1, 2, 0, -280, -140, -5348, -26376, -27240, -8210]
[R Sun Oct 15 17:45:12 2023] [1, 2, -14, -70, -140, 6146, 602, -13254, -7895]
[R Sun Oct 15 17:45:12 2023] [1, 2, -14, -70, -140, 3234, 2058, -8886, -7895]
[R Sun Oct 15 17:48:44 2023] [1, 2, -14, -210, -2380, -8078, -5026, 11142, -8075]
[R Sun Oct 15 17:50:03 2023] [1, 2, -14, -70, 420, 2086, 3262, -36754, -7715]
[R Sun Oct 15 17:50:30 2023] [1, 2, -42, 154, -560, 1414, -1862, 5422, -5879]
[R Sun Oct 15 17:50:57 2023] [1, 2, -70, 14, 1680, -3514, -2758, 10090, -5951]
[R Sun Oct 15 17:51:27 2023] [1, 2, 0, -280, -140, -4844, -25368, -26520, -8030]
[R Sun Oct 15 17:53:14 2023] [1, 2, -14, -350, -1400, 21042, -35966, -33838, -7175]
[R Sun Oct 15 17:56:08 2023] [1, 2, -42, 154, -700, 1974, -2702, 12862, -5699]
[R Sun Oct 15 17:57:09 2023] [1, 2, 0, -280, -140, -3836, -23352, -25080, -7670]
[R Sun Oct 15 17:57:09 2023] [1, 2, 0, -280, -840, -1820, -1960, 5160, -7670]
[R Sun Oct 15 17:59:34 2023] [1, 2, -42, 154, -280, -11550, -30450, 26570, -5555]
[R Sun Oct 15 18:03:22 2023] [1, 2, -14, 42, 280, 350, -2310, -3150, -5915]
[R Sun Oct 15 18:11:28 2023] [1, 2, 0, -280, -140, -2828, -21336, -23640, -7310]
[R Sun Oct 15 18:11:50 2023] [1, 2, 0, -280, -140, -3332, -22344, -24360, -7490]
[R Sun Oct 15 18:14:01 2023] [1, 2, 0, -336, 1260, 1708, -5264, -10600, -5618]
[R Sun Oct 15 18:14:46 2023] [1, 2, -42, 154, 280, -1946, 3178, 18382, -5159]
[R Sun Oct 15 18:26:01 2023] [1, 2, -14, -70, -280, -714, -938, -514, -6635]
[R Sun Oct 15 18:26:16 2023] [1, 2, -42, 154, -840, 2534, -3542, 23182, -4799]
[R Sun Oct 15 18:27:57 2023] [1, 2, -42, -126, 980, -7238, -27426, 22826, -4727]
[R Sun Oct 15 18:28:27 2023] [1, 2, -14, -350, -1400, 16506, -32438, -29734, -6275]
[R Sun Oct 15 18:28:49 2023] [1, 2, 0, -280, -140, -1316, -18312, -21480, -6770]
[R Sun Oct 15 18:34:15 2023] [1, 2, -70, -350, 0, -854, -8498, -6710, -5195]
[R Sun Oct 15 18:36:05 2023] [1, 2, 0, -280, -140, -1820, -19320, -22200, -6950]
[R Sun Oct 15 18:40:28 2023] [1, 2, 0, -280, -140, -308, -16296, -20040, -6410]
[R Sun Oct 15 18:46:56 2023] [1, 2, -14, 210, 1120, 21490, -28910, -28510, -6095]
[R Sun Oct 15 18:48:11 2023] [1, 2, 28, 364, 3640, -1372, -7504, 9244, -4178]
[R Sun Oct 15 18:56:12 2023] [1, 2, 0, -280, -140, 196, -15288, -19320, -6230]
[R Sun Oct 15 18:57:23 2023] [1, 2, -14, -70, 140, 966, 1582, -6994, -5735]
[R Sun Oct 15 18:57:23 2023] [1, 2, -14, -70, -140, 12194, -5782, -17046, -5735]
[R Sun Oct 15 18:57:23 2023] [1, 2, -14, -70, -140, -126, 378, 1434, -5735]
[R Sun Oct 15 18:57:42 2023] [1, 2, -14, -70, -420, -1274, -1778, -9394, -5915]
[R Sun Oct 15 19:02:06 2023] [1, 2, 0, -280, -140, 1204, -13272, -17880, -5870]
[R Sun Oct 15 19:02:19 2023] [1, 2, 70, 210, 980, 3682, -17626, 18090, -6275]
[R Sun Oct 15 19:12:12 2023] [1, 2, 0, -280, -140, 700, -14280, -18600, -6050]
[R Sun Oct 15 19:15:37 2023] [1, 2, -42, 154, -280, -7014, -18858, 16418, -3431]
[R Sun Oct 15 19:16:18 2023] [1, 2, 0, -280, -140, 2212, -11256, -16440, -5510]
[R Sun Oct 15 19:21:25 2023] [1, 2, -14, 210, 1120, 16954, -25382, -24406, -5195]
[R Sun Oct 15 19:25:14 2023] [1, 2, -14, -350, -1400, 7434, -25382, -21526, -4475]
[R Sun Oct 15 19:33:53 2023] [1, 2, -42, 154, -280, -30170, -99190, -11090, -3035]
[R Sun Oct 15 19:35:13 2023] [1, 2, -14, 182, 2660, 5782, -5026, -6738, -3431]
[R Sun Oct 15 19:45:20 2023] [1, 2, 0, -280, -140, 4228, -7224, -13560, -4790]
[R Sun Oct 15 19:45:24 2023] [1, 2, -14, -70, 3080, -10290, -20790, -19930, -4475]
[R Sun Oct 15 19:45:42 2023] [1, 2, 0, -280, -140, 3220, -9240, -15000, -5150]
[R Sun Oct 15 19:47:21 2023] [1, 2, -42, -126, 420, 4354, 11158, 10802, -2819]
[R Sun Oct 15 19:49:03 2023] [1, 2, -70, -266, 140, -1330, -9870, -4630, -2855]
[R Sun Oct 15 19:54:55 2023] [1, 2, -42, -126, 980, -2702, -15834, 12674, -2603]
[R Sun Oct 15 19:55:17 2023] [1, 2, 0, -280, -140, 4732, -6216, -12840, -4610]
[R Sun Oct 15 19:57:03 2023] [1, 2, -14, -70, 420, 2086, 3262, -38194, -4295]
[R Sun Oct 15 20:01:49 2023] [1, 2, 0, -280, -140, 5236, -5208, -12120, -4430]
[R Sun Oct 15 20:01:49 2023] [1, 2, 0, 0, 0, 10976, -5488, 3920, -2450]
[R Sun Oct 15 20:03:37 2023] [1, 2, 56, 252, 140, -2128, -6356, -7688, -2846]
[R Sun Oct 15 20:09:47 2023] [1, 2, -14, -350, -1400, 2898, -21854, -17422, -3575]
[R Sun Oct 15 20:15:18 2023] [1, 2, 0, 0, 0, -7616, 3808, 6800, -4250]
[R Sun Oct 15 20:20:51 2023] [1, 2, -42, 154, -140, -266, 658, 382, -2099]
[R Sun Oct 15 20:25:29 2023] [1, 2, -14, -350, -1680, -11830, -31430, -26950, -3395]
[R Sun Oct 15 20:28:56 2023] [1, 2, 56, 0, 840, -840, 8400, 2000, -3350]
[R Sun Oct 15 20:31:58 2023] [1, 2, 70, -70, 1120, -4690, 12110, -14750, -3215]
[R Sun Oct 15 20:45:34 2023] [1, 2, 0, -280, -140, 7756, -168, -8520, -3530]
[R Sun Oct 15 20:48:21 2023] [1, 2, 0, -280, -140, 7252, -1176, -9240, -3710]
[R Sun Oct 15 20:51:12 2023] [1, 2, -14, -70, -280, -714, -938, -1954, -3215]
[R Sun Oct 15 20:53:12 2023] [1, 2, -14, -70, -140, 25046, -22498, -18354, -3395]
[R Sun Oct 15 20:53:32 2023] [1, 2, -14, 210, 1120, 7882, -18326, -16198, -3395]
[R Sun Oct 15 20:53:41 2023] [1, 2, -14, -350, -1400, -1638, -18326, -13318, -2675]
[R Sun Oct 15 21:00:03 2023] [1, 2, -14, 210, 0, -294, 3822, 6326, -3035]
[R Sun Oct 15 21:00:16 2023] [1, 2, 0, 0, 0, 15008, -7504, 5360, -3350]
[R Sun Oct 15 21:03:00 2023] [1, 2, -42, 154, 560, -3066, 4858, 45262, -1379]
[R Sun Oct 15 21:03:30 2023] [1, 2, 0, -280, -140, 8764, 1848, -7080, -3170]
[R Sun Oct 15 21:11:22 2023] [1, 2, -14, 42, 840, 2758, 2646, -1762, -1739]
[R Sun Oct 15 21:14:26 2023] [1, 2, 0, -280, -140, 8260, 840, -7800, -3350]
[R Sun Oct 15 21:18:05 2023] [1, 2, 0, -280, -140, 9268, 2856, -6360, -2990]
[R Sun Oct 15 21:18:12 2023] [1, 2, -14, -70, -140, -2450, -13650, -26030, -2675]
[R Sun Oct 15 21:33:49 2023] [1, 2, -14, 42, -280, 182, -1106, 62, -1451]
[R Sun Oct 15 21:39:21 2023] [1, 2, 28, 84, 140, 224, -812, -1768, -974]
[R Sun Oct 15 21:42:58 2023] [1, 2, -14, -70, 140, 966, 1582, -8434, -2315]
[R Sun Oct 15 21:53:21 2023] [1, 2, 56, -140, 1120, -924, 4312, -6004, -2810]
[R Sun Oct 15 21:56:15 2023] [1, 2, -14, 210, 1120, 3346, -14798, -12094, -2495]
[R Sun Oct 15 21:57:06 2023] [1, 2, -14, -70, -420, -1274, -1778, -10834, -2495]
[R Sun Oct 15 22:09:40 2023] [1, 2, -14, -70, -140, 23394, -38262, 14154, -2135]
[R Sun Oct 15 22:10:02 2023] [1, 2, -42, -126, -420, -546, -882, -558, -479]
[R Sun Oct 15 22:17:49 2023] [1, 2, 0, -280, -140, 11788, 7896, -2760, -2090]
[R Sun Oct 15 22:22:02 2023] [1, 2, -42, 154, 420, -2506, 4018, 31102, -299]
[R Sun Oct 15 22:22:41 2023] [1, 2, 0, -280, -140, 12292, 8904, -2040, -1910]
[R Sun Oct 15 22:25:01 2023] [1, 2, -70, 14, 980, -1806, -1022, 3270, -299]
[R Sun Oct 15 22:25:43 2023] [1, 2, 0, 140, 420, -1428, -896, 2980, -2090]
[R Sun Oct 15 22:41:07 2023] [1, 2, -14, 350, -3080, 8750, -14350, 5250, -875]
[R Sun Oct 15 22:43:00 2023] [1, 2, -14, 210, 1120, -1190, -11270, -7990, -1595]
[R Sun Oct 15 22:47:43 2023] [1, 2, -14, -70, 0, 406, 742, -1474, -1415]
[R Sun Oct 15 22:48:29 2023] [1, 2, -14, -350, -1680, -12334, -32158, -25374, -1055]
[R Sun Oct 15 22:54:35 2023] [1, 2, 56, 112, 420, -1708, 2044, -428, -506]
[R Sun Oct 15 23:05:51 2023] [1, 2, 0, -280, -140, 13804, 11928, 120, -1370]
[R Sun Oct 15 23:06:26 2023] [1, 2, -42, 154, -280, 2086, 5642, 718, 169]
[R Sun Oct 15 23:21:01 2023] [1, 2, 56, -140, 560, -5488, 13664, -2008, -1370]
[R Sun Oct 15 23:32:49 2023] [1, 2, 0, -196, -840, -2436, -672, -3300, 106]
[R Sun Oct 15 23:33:55 2023] [1, 2, -14, -70, -700, -2394, -3458, -44434, -1235]
[R Sun Oct 15 23:36:38 2023] [1, 2, 0, -280, -140, 14812, 13944, 1560, -1010]
[R Sun Oct 15 23:38:22 2023] [1, 2, -42, 154, -280, 322, 14, 586, 493]
[R Sun Oct 15 23:39:24 2023] [1, 2, 0, -280, -140, 14308, 12936, 840, -1190]
[R Sun Oct 15 23:41:31 2023] [1, 2, 0, 0, 0, 6944, -3472, 2480, -1550]
[R Sun Oct 15 23:44:39 2023] [1, 2, -70, 154, 1540, -9058, 13034, 1930, 493]
[R Sun Oct 15 23:45:16 2023] [1, 2, -14, -70, 420, 2086, 3262, -39634, -875]
[R Sun Oct 15 23:54:31 2023] [1, 2, 0, -280, -140, 15316, 14952, 2280, -830]
[R Sun Oct 15 23:58:57 2023] [1, 2, -14, 210, 1120, -5726, -7742, -3886, -695]
[R Mon Oct 16 00:06:55 2023] [1, 2, -42, 154, -560, 1414, -1862, 6862, 781]
[R Mon Oct 16 00:44:23 2023] [1, 2, 0, -280, -140, 15820, 15960, 3000, -650]
[R Mon Oct 16 00:58:52 2023] [1, 2, 0, 420, -2520, 3472, 2604, -1800, 250]
[R Mon Oct 16 01:15:47 2023] [1, 2, 0, 84, -420, 2884, -2492, 5120, 1546]
[R Mon Oct 16 01:23:15 2023] [1, 2, -42, 154, -840, 2534, -3542, 24622, 1861]
[R Mon Oct 16 01:46:54 2023] [1, 2, 56, 420, 1120, 700, -700, -400, 250]
[R Mon Oct 16 01:48:33 2023] [1, 2, 0, -280, -140, 16828, 17976, 4440, -290]
[R Mon Oct 16 01:48:51 2023] [1, 2, 56, 420, -700, -1680, 2380, -20, -110]
[R Mon Oct 16 01:49:21 2023] [1, 2, -14, -70, -280, -714, -938, -3394, 205]
[R Mon Oct 16 01:53:03 2023] [1, 2, -14, -350, -1400, -15246, -7742, -1006, 25]
[R Mon Oct 16 01:55:59 2023] [1, 2, 0, 0, -140, -112, -84, -40, -290]
[R Mon Oct 16 02:04:45 2023] [1, 2, 0, 420, -840, 1456, -308, -520, 1690]
[R Mon Oct 16 02:08:08 2023] [1, 2, -14, -70, -420, -1274, -1778, -12274, 925]
[R Mon Oct 16 02:10:56 2023] [1, 2, 0, -280, -140, 18844, 22008, 7320, 430]
[R Mon Oct 16 02:12:53 2023] [1, 2, 0, 0, 0, -30800, -30800, -3520, -110]
[R Mon Oct 16 02:15:00 2023] [1, 2, -42, -266, -700, -98, 4214, 7686, 2653]
[R Mon Oct 16 02:21:59 2023] [1, 2, -42, 154, -280, 3094, 11018, 9742, 2761]
[R Mon Oct 16 02:22:15 2023] [1, 2, 0, -280, -140, 19852, 24024, 8760, 790]
[R Mon Oct 16 02:22:52 2023] [1, 2, -14, 210, 1120, -14798, -686, 4322, 1105]
[R Mon Oct 16 02:25:19 2023] [1, 2, 0, 140, -280, 700, 840, -180, -290]
[R Mon Oct 16 02:27:49 2023] [1, 2, -70, 14, 2380, 9562, 10374, 230, 2833]
[R Mon Oct 16 02:31:32 2023] [1, 2, -42, 154, -280, 6594, 15918, -14038, 2941]
[R Mon Oct 16 02:37:48 2023] [1, 2, -14, -70, -140, 3290, -3850, 1150, 25]
[R Mon Oct 16 02:41:53 2023] [1, 2, 0, -280, -140, 17836, 19992, 5880, 70]
[R Mon Oct 16 02:44:13 2023] [1, 2, 0, 0, 0, 14812, 16744, 3800, 250]
[R Mon Oct 16 02:44:13 2023] [1, 2, 0, 0, 0, 4732, 2184, -1800, 250]
[R Mon Oct 16 02:44:13 2023] [1, 2, 0, 0, 0, 448, -224, -400, 250]
[R Mon Oct 16 02:52:50 2023] [1, 2, -42, 154, -280, 2422, 4074, -8754, 3373]
[R Mon Oct 16 02:55:27 2023] [1, 2, 0, -280, -140, 21868, 28056, 11640, 1510]
[R Mon Oct 16 02:56:59 2023] [1, 2, 0, 0, 0, -5152, 2576, -1840, 1150]
[R Mon Oct 16 03:00:20 2023] [1, 2, 28, -56, 0, 336, -2408, 2868, 3454]
[R Mon Oct 16 03:00:32 2023] [1, 2, -42, 154, -980, 3094, -4382, 37822, 3481]
[R Mon Oct 16 03:01:00 2023] [1, 2, 0, 0, 0, 28672, 12544, -11440, 1690]
[R Mon Oct 16 03:01:00 2023] [1, 2, 0, 0, 0, 26908, 36456, 14040, 1690]
[R Mon Oct 16 03:01:00 2023] [1, 2, 0, 0, 0, 700, -1400, -520, 1690]
[R Mon Oct 16 03:01:37 2023] [1, 2, 0, -280, -140, 20860, 26040, 10200, 1150]
[R Mon Oct 16 03:03:24 2023] [1, 2, -14, 70, 280, -490, 350, -250, 25]
[R Mon Oct 16 03:05:19 2023] [1, 2, 0, -280, -140, 21364, 27048, 10920, 1330]
[R Mon Oct 16 03:08:52 2023] [1, 2, -14, -70, 280, 210, -1330, 1510, 2005]
[R Mon Oct 16 03:10:05 2023] [1, 2, -14, 210, 1120, -19334, 2842, 8426, 2005]
[R Mon Oct 16 03:11:37 2023] [1, 2, -14, -98, 0, 1358, -574, -3582, 3301]
[R Mon Oct 16 03:24:35 2023] [1, 2, -42, 154, 140, -1386, 2338, 11422, 4021]
[R Mon Oct 16 03:37:30 2023] [1, 2, 0, 0, 0, -9184, 4592, -3280, 2050]
[R Mon Oct 16 03:38:50 2023] [1, 2, 0, -140, -280, 1036, 3752, 4420, 2050]
[R Mon Oct 16 03:43:04 2023] [1, 2, 0, -280, -140, 24388, 33096, 15240, 2410]
[R Mon Oct 16 03:46:41 2023] [1, 2, -42, 154, -140, -266, 658, 1822, 4561]
[R Mon Oct 16 03:47:10 2023] [1, 2, 0, -280, -140, 23380, 31080, 13800, 2050]
[R Mon Oct 16 03:56:44 2023] [1, 2, -14, -350, -840, -8470, 29050, -24790, 3445]
[R Mon Oct 16 03:58:39 2023] [1, 2, 0, -196, -140, 812, 4704, 1360, 4498]
[R Mon Oct 16 04:01:17 2023] [1, 2, 0, -280, -140, 25396, 35112, 16680, 2770]
[R Mon Oct 16 04:02:20 2023] [1, 2, -14, -70, 420, 2086, 3262, -41074, 2545]
[R Mon Oct 16 04:03:42 2023] [1, 2, -42, 154, -280, 11130, 27510, -24190, 5065]
[R Mon Oct 16 04:06:29 2023] [1, 2, 28, -336, -1820, 10024, 14728, 14432, 4966]
[R Mon Oct 16 04:07:22 2023] [1, 2, -14, 210, 1120, -23870, 6370, 12530, 2905]
[R Mon Oct 16 04:07:58 2023] [1, 2, 0, -280, -140, 24892, 34104, 15960, 2590]
[R Mon Oct 16 04:20:19 2023] [1, 2, 0, -196, 1120, 12376, 29512, 22900, 5074]
[R Mon Oct 16 04:20:26 2023] [1, 2, 0, -140, 0, -4900, 1400, -28100, 2950]
[R Mon Oct 16 04:21:52 2023] [1, 2, -14, -70, -280, -714, -938, -4834, 3625]
[R Mon Oct 16 04:24:11 2023] [1, 2, 0, -280, -140, 26908, 38136, 18840, 3310]
[R Mon Oct 16 04:29:23 2023] [1, 2, 0, -280, -140, 25900, 36120, 17400, 2950]
[R Mon Oct 16 04:38:05 2023] [1, 2, 0, -280, -140, 27916, 40152, 20280, 3670]
[R Mon Oct 16 04:48:52 2023] [1, 2, -42, 154, 420, -2506, 4018, 32542, 6361]
[R Mon Oct 16 04:50:36 2023] [1, 2, -14, -70, 140, 966, 1582, -11314, 4525]
[R Mon Oct 16 04:51:11 2023] [1, 2, 0, 280, 2240, 8008, 17556, 20780, 4390]
[R Mon Oct 16 04:52:37 2023] [1, 2, -14, -70, -420, -1274, -1778, -13714, 4345]
[R Mon Oct 16 04:53:36 2023] [1, 2, -42, 154, -280, 4438, 8106, -17106, 6577]
[R Mon Oct 16 05:05:16 2023] [1, 2, -42, 154, -280, 10402, 38654, 28186, 6973]
[R Mon Oct 16 05:17:42 2023] [1, 2, 0, 0, 0, 13552, -3696, -11040, 5290]
[R Mon Oct 16 05:17:42 2023] [1, 2, 0, 0, 0, 5488, 14896, 14720, 5290]
[R Mon Oct 16 05:18:03 2023] [1, 2, -14, -350, -1680, -13846, -34342, -20646, 5965]
[R Mon Oct 16 05:24:40 2023] [1, 2, -14, -70, 0, 406, 742, -4354, 5425]
[R Mon Oct 16 05:24:54 2023] [1, 2, -14, -70, -140, -4186, 10878, -12626, 5065]
[R Mon Oct 16 05:33:13 2023] [1, 2, -14, -70, 420, 2086, 3262, -42514, 5965]
[R Mon Oct 16 05:34:30 2023] [1, 2, -42, -126, 980, 19978, 42126, -38086, 8017]
[R Mon Oct 16 05:38:24 2023] [1, 2, -42, 154, 280, -1946, 3178, 21262, 8161]
[R Mon Oct 16 05:46:40 2023] [1, 2, -42, 154, -840, 2534, -3542, 26062, 8521]
[R Mon Oct 16 06:00:48 2023] [1, 2, -14, -70, -280, -714, -938, -6274, 7045]
[R Mon Oct 16 06:03:45 2023] [1, 2, -42, 154, -280, 294, -182, 2062, 9241]
[R Mon Oct 16 06:18:58 2023] [1, 2, -14, -210, -840, -7854, -23898, -18134, 7405]
[R Mon Oct 16 06:21:56 2023] [1, 2, -42, 154, -980, 3094, -4382, 39262, 10141]
[R Mon Oct 16 06:24:23 2023] [1, 2, -14, -70, 140, 966, 1582, -12754, 7945]
[R Mon Oct 16 06:32:10 2023] [1, 2, -42, 154, 140, -1386, 2338, 12862, 10681]
[R Mon Oct 16 06:44:08 2023] [1, 2, -14, -70, 420, 2086, 3262, -43954, 9385]
[R Mon Oct 16 06:46:38 2023] [1, 2, -14, -70, 0, 406, 742, -5794, 8845]
[R Mon Oct 16 06:46:38 2023] [1, 2, -14, -70, -140, -12502, 29106, -27662, 8845]
[R Mon Oct 16 06:47:39 2023] [1, 2, 56, 0, 1540, -3276, 9128, -18276, 9970]
[R Mon Oct 16 06:49:25 2023] [1, 2, 0, 0, 0, 5488, -8624, -4960, 9610]
[R Mon Oct 16 06:49:25 2023] [1, 2, 0, 0, 0, 4732, 16744, 21080, 9610]
[R Mon Oct 16 06:49:33 2023] [1, 2, 0, 84, 980, -4816, -1792, -4280, 11446]
[R Mon Oct 16 06:50:31 2023] [1, 2, 0, -196, -560, 1484, 4648, 5100, 11446]
[R Mon Oct 16 06:51:21 2023] [1, 2, 0, 0, 0, 16576, -8288, -14800, 9250]
[R Mon Oct 16 07:06:09 2023] [1, 2, 0, 0, 0, 672, 2884, 7100, 9790]
[R Mon Oct 16 07:07:34 2023] [1, 2, -14, -70, -280, -714, -938, -7714, 10465]
[R Mon Oct 16 07:09:20 2023] [1, 2, -42, 154, 420, -2506, 4018, 33982, 13021]
[R Mon Oct 16 07:12:42 2023] [1, 2, -14, -70, -420, -1274, -1778, -16594, 11185]
[R Mon Oct 16 07:14:36 2023] [1, 2, 0, -280, -1400, -2968, -756, -1580, 9790]
[R Mon Oct 16 07:18:18 2023] [1, 2, -14, -70, -840, -98, 10794, -7118, 11545]
[R Mon Oct 16 07:23:50 2023] [1, 2, -42, 154, -560, 1414, -1862, 9742, 14101]
[R Mon Oct 16 07:23:58 2023] [1, 2, -14, -70, 140, 966, 1582, -14194, 11365]
[R Mon Oct 16 07:26:57 2023] [1, 2, -70, -126, 840, 7210, 10990, -20230, 14245]
[R Mon Oct 16 07:29:57 2023] [1, 2, -14, -70, 0, 406, 742, -7234, 12265]
[R Mon Oct 16 07:30:10 2023] [1, 2, -14, 210, 560, -9478, 31514, -38838, 12085]
[R Mon Oct 16 07:31:09 2023] [1, 2, -42, 154, 420, 1694, -5082, 2662, 14641]
[R Mon Oct 16 07:32:35 2023] [1, 2, -42, 154, 280, -1946, 3178, 22702, 14821]
[R Mon Oct 16 07:35:08 2023] [1, 2, -14, -70, 420, 2086, 3262, -45394, 12805]
[R Mon Oct 16 07:37:45 2023] [1, 2, -42, -126, 420, 5362, 18214, 29666, 15253]
[R Mon Oct 16 07:45:08 2023] [1, 2, -42, 154, -280, 294, -182, 3502, 15901]
[R Mon Oct 16 07:54:15 2023] [1, 2, -14, -70, -420, -1274, -1778, -18034, 14605]
[R Mon Oct 16 07:59:12 2023] [1, 2, -42, 154, 140, -1386, 2338, 14302, 17341]
[R Mon Oct 16 08:02:56 2023] [1, 2, -42, -266, 0, 5334, 21518, 33102, 17701]
[R Mon Oct 16 08:03:57 2023] [1, 2, -14, -70, 0, 406, 742, -8674, 15685]
[R Mon Oct 16 08:07:01 2023] [1, 2, 0, 0, 0, 1456, 10192, 22880, 15730]
[R Mon Oct 16 08:14:14 2023] [1, 2, 0, 0, 0, 14812, 42504, 44280, 16810]
[R Mon Oct 16 08:14:14 2023] [1, 2, 0, 0, 0, 13552, -16016, -13120, 16810]
[R Mon Oct 16 08:14:14 2023] [1, 2, 0, 0, 0, 700, 7000, 21320, 16810]
[R Mon Oct 16 08:14:14 2023] [1, 2, 0, 0, 0, 448, -4704, 9840, 16810]
[R Mon Oct 16 08:17:51 2023] [1, 2, -14, -70, -280, -714, -938, -10594, 17305]
[R Mon Oct 16 08:20:03 2023] [1, 2, -42, 154, 420, -2506, 4018, 35422, 19681]
[R Mon Oct 16 08:23:57 2023] [1, 2, -14, -210, -140, 2142, -7686, -34478, 17305]
[R Mon Oct 16 08:25:19 2023] [1, 2, -14, -70, -420, -1274, -1778, -19474, 18025]
[R Mon Oct 16 08:26:39 2023] [1, 2, -14, -70, 140, 966, 1582, -17074, 18205]
[R Mon Oct 16 08:30:00 2023] [1, 2, -70, -406, 280, 7686, 22022, 22470, 21049]
[R Mon Oct 16 08:31:48 2023] [1, 2, -14, -70, 0, 406, 742, -10114, 19105]
[R Mon Oct 16 08:33:18 2023] [1, 2, -42, 154, 280, -1946, 3178, 24142, 21481]
[R Mon Oct 16 08:40:04 2023] [1, 2, -42, 154, -280, 294, -182, 4942, 22561]
[R Mon Oct 16 08:42:02 2023] [1, 2, -14, -70, -280, -714, -938, -12034, 20725]
[R Mon Oct 16 08:42:09 2023] [1, 2, 28, -56, -980, -1344, 7672, 27008, 22894]
[R Mon Oct 16 08:44:13 2023] [1, 2, -14, -70, -280, -490, 2590, 1750, 20545]
[R Mon Oct 16 08:45:22 2023] [1, 2, 0, 140, 140, -700, 4900, 21400, 20050]
[R Mon Oct 16 08:46:52 2023] [1, 2, -42, 14, 140, -518, 10234, -32394, 23713]
[R Mon Oct 16 08:47:55 2023] [1, 2, -14, -70, 140, 966, 1582, -18514, 21625]
[R Mon Oct 16 08:48:26 2023] [1, 2, 0, 0, 0, 5488, -16464, 0, 24010]
[R Mon Oct 16 08:48:38 2023] [1, 2, -42, 154, 140, -1386, 2338, 15742, 24001]
[R Mon Oct 16 08:51:32 2023] [1, 2, -42, 154, -140, -266, 658, 6142, 24541]
[R Mon Oct 16 08:51:51 2023] [1, 2, -14, -70, -420, -1274, -1778, -20914, 21445]
[R Mon Oct 16 08:52:17 2023] [1, 2, -14, -70, 0, 406, 742, -11554, 22525]
[R Mon Oct 16 08:56:53 2023] [1, 2, 56, -140, 1400, -11312, 2996, 29788, 23470]
[R Mon Oct 16 09:02:02 2023] [1, 2, -14, -70, -280, -714, -938, -13474, 24145]
[R Mon Oct 16 09:03:10 2023] [1, 2, -14, 42, 0, 3262, 9114, 23102, 25729]
[R Mon Oct 16 09:04:36 2023] [1, 2, -14, -70, -420, -1274, -1778, -22354, 24865]
[R Mon Oct 16 09:07:45 2023] [1, 2, -14, -350, -2240, -6790, -11270, -26570, 25225]
[R Mon Oct 16 09:09:04 2023] [1, 2, 56, 252, 280, 4760, 280, -24480, 27970]
[R Mon Oct 16 09:16:00 2023] [1, 2, -14, -70, -280, -714, -938, -14914, 27565]
[R Mon Oct 16 09:18:07 2023] [1, 2, 0, 0, 140, 448, -3864, 8960, 27790]
[R Mon Oct 16 09:18:27 2023] [1, 2, -14, -70, -420, -1274, -1778, -23794, 28285]
[R Mon Oct 16 09:19:17 2023] [1, 2, -14, -70, 140, 966, 1582, -21394, 28465]
[R Mon Oct 16 09:23:48 2023] [1, 2, -14, -70, 0, 406, 742, -14434, 29365]
[R Mon Oct 16 09:26:29 2023] [1, 2, 0, -196, 1120, 532, 84, 28700, 32578]
[R Mon Oct 16 09:27:07 2023] [1, 2, -14, -70, -140, -3430, 17010, -36590, 30805]
[R Mon Oct 16 09:27:43 2023] [1, 2, -14, -70, -280, -714, -938, -16354, 30985]
[R Mon Oct 16 09:29:30 2023] [1, 2, -14, -70, -420, -1274, -1778, -25234, 31705]
[R Mon Oct 16 09:31:08 2023] [1, 2, -14, -70, 140, 966, 1582, -22834, 31885]
[R Mon Oct 16 09:34:33 2023] [1, 2, -14, -70, 0, 406, 742, -15874, 32785]
[R Mon Oct 16 09:37:35 2023] [1, 2, 0, 0, 0, 5488, 30576, 56640, 34810]
[R Mon Oct 16 09:37:35 2023] [1, 2, 0, 0, 0, 4732, -19656, 7080, 34810]
[R Mon Oct 16 09:37:35 2023] [1, 2, 0, 0, 0, 448, -6944, 23600, 34810]
[R Mon Oct 16 09:37:50 2023] [1, 2, -14, -70, -280, -714, -938, -17794, 34405]
[R Mon Oct 16 09:38:13 2023] [1, 2, -14, -70, -420, -1274, -1778, -26674, 35125]
[R Mon Oct 16 09:39:35 2023] [1, 2, -14, 210, -560, -4942, 18326, -24522, 34585]
[R Mon Oct 16 09:40:47 2023] [1, 2, -14, -70, 140, 966, 1582, -24274, 35305]
[R Mon Oct 16 09:41:03 2023] [1, 2, -14, -70, 0, 406, 742, -17314, 36205]
[R Mon Oct 16 09:42:53 2023] [1, 2, -42, 154, 420, -2506, 4018, 39742, 39661]
[R Mon Oct 16 09:45:11 2023] [1, 2, -14, -70, -280, -714, -938, -19234, 37825]
[R Mon Oct 16 09:45:36 2023] [1, 2, -14, -70, -280, 3626, -4298, -17894, 38545]
[R Mon Oct 16 09:45:36 2023] [1, 2, -14, -70, -420, -1274, -1778, -28114, 38545]
[R Mon Oct 16 09:45:48 2023] [1, 2, 0, 0, 0, 3472, 24304, 54560, 37510]
[R Mon Oct 16 09:45:55 2023] [1, 2, -42, -126, 140, 714, 11298, 44662, 41101]
[R Mon Oct 16 09:46:23 2023] [1, 2, -42, 154, 280, -1946, 3178, 28462, 41461]
[R Mon Oct 16 09:47:10 2023] [1, 2, -14, -70, 0, 406, 742, -18754, 39625]
[R Mon Oct 16 09:47:48 2023] [1, 2, -14, -70, -140, -406, -3822, -9326, 39805]
[R Mon Oct 16 09:48:09 2023] [1, 2, -42, -126, 420, 6874, 28798, 57962, 42361]
[R Mon Oct 16 09:50:23 2023] [1, 2, -14, -70, -280, -714, -938, -20674, 41245]
[R Mon Oct 16 09:51:47 2023] [1, 2, -14, -70, 140, 966, 1582, -27154, 42145]
[R Mon Oct 16 09:52:26 2023] [1, 2, -42, 154, 560, -3066, 4858, 55342, 45241]
[R Mon Oct 16 09:52:29 2023] [1, 2, -14, -70, -420, -1274, -1778, -29554, 41965]
[R Mon Oct 16 09:53:08 2023] [1, 2, -14, -70, 0, 406, 742, -20194, 43045]
[R Mon Oct 16 09:53:55 2023] [1, 2, -42, 154, 420, -2506, 4018, 41182, 46321]
[R Mon Oct 16 09:54:01 2023] [1, 2, -42, -126, 140, 6706, 29862, 71378, 46429]
[R Mon Oct 16 09:55:10 2023] [1, 2, -14, -70, -280, -714, -938, -22114, 44665]
[R Mon Oct 16 09:55:45 2023] [1, 2, 0, 0, 0, 700, -9800, 29480, 44890]
[R Mon Oct 16 09:57:06 2023] [1, 2, -14, -70, -420, -1274, -1778, -30994, 45385]
[R Mon Oct 16 09:57:28 2023] [1, 2, -14, -70, 0, 406, 742, -21634, 46465]
[R Mon Oct 16 09:59:09 2023] [1, 2, -14, -70, -280, -714, -938, -23554, 48085]
[R Mon Oct 16 09:59:28 2023] [1, 2, -42, -126, 420, 7378, 32326, 67394, 51397]
[R Mon Oct 16 09:59:51 2023] [1, 2, -14, -70, -420, -1274, -1778, -32434, 48805]
[R Mon Oct 16 09:59:55 2023] [1, 2, -42, 154, 560, -3066, 4858, 56782, 51901]
[R Mon Oct 16 10:00:01 2023] [1, 2, -14, -70, -140, -1162, 10206, -37202, 48985]
[R Mon Oct 16 10:02:12 2023] [1, 2, -14, -70, -280, -714, -938, -24994, 51505]
[R Mon Oct 16 10:02:55 2023] [1, 2, -14, -70, 140, 966, 1582, -31474, 52405]
[R Mon Oct 16 10:03:51 2023] [1, 2, -14, -70, 0, 406, 742, -24514, 53305]
[R Mon Oct 16 10:04:32 2023] [1, 2, -14, -70, -280, -714, -938, -26434, 54925]
[R Mon Oct 16 10:05:07 2023] [1, 2, -14, -70, -420, -1274, -1778, -35314, 55645]
[R Mon Oct 16 10:05:31 2023] [1, 2, -14, -70, 140, 966, 1582, -32914, 55825]
[R Mon Oct 16 10:06:10 2023] [1, 2, -14, -70, 0, 406, 742, -25954, 56725]
[R Mon Oct 16 10:06:58 2023] [1, 2, -14, -70, -280, -714, -938, -27874, 58345]
[R Mon Oct 16 10:07:03 2023] [1, 2, -14, -70, -420, -1274, -1778, -36754, 59065]
[R Mon Oct 16 10:07:41 2023] [1, 2, -14, -70, 140, 966, 1582, -34354, 59245]
[R Mon Oct 16 10:08:39 2023] [1, 2, -14, -70, -420, -1274, -1778, -38194, 62485]
[R Mon Oct 16 10:09:06 2023] [1, 2, -14, -70, 0, 406, 742, -28834, 63565]
[R Mon Oct 16 10:09:11 2023] [1, 2, -14, -70, -140, -462, -5334, -16182, 63025]
[R Mon Oct 16 10:09:19 2023] [1, 2, -70, -210, 1680, 5082, -15386, -30710, 67345]
[R Mon Oct 16 10:09:23 2023] [1, 2, 0, 224, -280, -112, 12656, -38960, 66742]
[R Mon Oct 16 10:09:35 2023] [1, 2, -14, -70, -280, -714, -938, -30754, 65185]
[R Mon Oct 16 10:09:57 2023] [1, 2, -14, -98, -840, 658, 12166, 16018, 68821]
[R Mon Oct 16 10:10:10 2023] [1, 2, -14, -70, 0, 406, 742, -30274, 66985]
[R Mon Oct 16 10:10:56 2023] [1, 2, -14, -70, 140, 966, 1582, -38674, 69505]
[R Mon Oct 16 10:11:05 2023] [1, 2, -14, -70, -420, -1274, -1778, -41074, 69325]
[R Mon Oct 16 10:11:10 2023] [1, 2, -14, -70, 0, 406, 742, -31714, 70405]
[R Mon Oct 16 10:11:32 2023] [1, 2, -14, -70, -280, -714, -938, -33634, 72025]
[R Mon Oct 16 10:11:45 2023] [1, 2, -14, -70, -420, -1274, -1778, -42514, 72745]
[R Mon Oct 16 10:12:17 2023] [1, 2, -14, -70, -280, -714, -938, -35074, 75445]
[R Mon Oct 16 10:12:25 2023] [1, 2, -14, -70, -420, -1274, -1778, -43954, 76165]
[R Mon Oct 16 10:12:34 2023] [1, 2, -14, -70, -140, -1162, -9954, -11282, 75625]
[R Mon Oct 16 10:12:39 2023] [1, 2, -14, -70, 0, 406, 742, -34594, 77245]
[R Mon Oct 16 10:12:57 2023] [1, 2, -14, -70, -420, -1274, -1778, -45394, 79585]
[R Mon Oct 16 10:13:02 2023] [1, 2, -14, -70, 140, 966, 1582, -42994, 79765]
[R Mon Oct 16 10:13:14 2023] [1, 2, -14, -70, 0, 406, 742, -36034, 80665]
[R Mon Oct 16 10:13:18 2023] [1, 2, -14, -70, -280, -714, -938, -37954, 82285]
[R Mon Oct 16 10:13:25 2023] [1, 2, -14, -70, 0, 406, 742, -37474, 84085]
[R Mon Oct 16 10:13:29 2023] [1, 2, -14, -70, 140, 966, 1582, -44434, 83185]
[R Mon Oct 16 10:13:37 2023] [1, 2, -14, -70, -420, -1274, -1778, -48274, 86425]
[R Mon Oct 16 10:13:45 2023] [1, 2, -14, -70, 0, 406, 742, -38914, 87505]
[R Mon Oct 16 10:13:57 2023] [1, 2, -14, -70, 0, 406, 742, -40354, 90925]
[R Mon Oct 16 10:14:04 2023] [1, 2, -14, -70, -280, -714, -938, -42274, 92545]
[R Mon Oct 16 10:14:09 2023] [1, 2, -14, -70, 0, 406, 742, -41794, 94345]
[R Mon Oct 16 10:14:20 2023] [1, 2, -14, -70, -140, -630, -8190, -24990, 97405]
Total elapsed time: 75898948005us
Server			Amount			Total Time (us)		Fastest Time (us)	Slowest Time (us)	Approx Avg Time (us)
Idle:           217911860       75522432552         0                   34878308            346             
Generate:       108954868       6650461             0                   13034               0               

Workers			Amount			Total Time (us)		Fastest Time (us)	Slowest Time (us)	Approx Avg Time (us)
Workers:        511             38781927401835      75893870756         75898362480         75894182782     
Read input:     511             6038141808          11248225            11924125            11816324        
Idle:           108955379       49216545916         1                   5713095             451             
Work units:     108954868       38729950591800      1                   24412011411         355467          
Init:           108954868       2929104182          0                   148181              26              
Generate:       29626419657363  13233631824475      0                   3469021             0               
Last coeff.:    1755269188900   7634004911700       0                   54741               4               
Disc. eval.:    30707103515664  1404414271591       0                   48011               0               
Lagrange:       109203532       223728235           0                   13033               2               
Send results:   569             35470               6                   190                 62              
Disc. sq. test: 29626419657363  11498541050         0                   45005               0               
Saved:          591             3862                1                   17                  6               
