[I Sat Oct  7 22:17:18 2023] Program launch: 512 workers
[A Sat Oct  7 22:17:18 2023] ./bin/enum-stats -coeffs -2 -divisors 2,14,14,140,14,14,2,1 -discriminant -210827008000000 -input data/257/p2e14mod4_2ds1.txt,data/257/p5e6mod25_s1eq2.txt,data/257/p7e7mod49_s1eq2.txt,data/257/p3e0mod9_s1eq2_a8eq3.txt -output data/output/257/output1467_s1eq2_a8eq3m9.txt -tree data/257/treea8.txt -locked 3 -filter 11 
[R Sat Oct  7 22:18:35 2023] [1, 2, -14, -70, 280, 1526, 2422, 25246, -112335]
[R Sat Oct  7 22:18:49 2023] [1, 2, -14, -70, 280, 1526, 2422, 22366, -105495]
[R Sat Oct  7 22:18:50 2023] [1, 2, -14, -70, 560, 2646, 4102, -18914, -105315]
[R Sat Oct  7 22:18:51 2023] [1, 2, -14, -70, -700, -2394, -3458, -914, -104595]
[R Sat Oct  7 22:18:53 2023] [1, 2, -14, -70, -560, -1834, -2618, 18046, -104055]
[R Sat Oct  7 22:18:58 2023] [1, 2, -14, -70, -700, -2394, -3458, -2354, -101175]
[R Sat Oct  7 22:18:59 2023] [1, 2, -14, -70, 560, 2646, 4102, -20354, -101895]
[R Sat Oct  7 22:19:02 2023] [1, 2, -14, -70, -560, -1834, -2618, 16606, -100635]
[R Sat Oct  7 22:19:04 2023] [1, 2, -14, -70, 280, 1526, 2422, 19486, -98655]
[R Sat Oct  7 22:19:05 2023] [1, 2, -14, -70, 560, 2646, 4102, -21794, -98475]
[R Sat Oct  7 22:19:05 2023] [1, 2, -14, -70, 140, 966, 1582, 32206, -98835]
[R Sat Oct  7 22:19:08 2023] [1, 2, -14, -70, -560, -1834, -2618, 15166, -97215]
[R Sat Oct  7 22:19:10 2023] [1, 2, -14, -70, -280, -714, -938, 37246, -96315]
[R Sat Oct  7 22:19:11 2023] [1, 2, -14, -70, -140, -154, -98, 40366, -95955]
[R Sat Oct  7 22:19:13 2023] [1, 2, -14, -70, 140, 966, 1582, 30766, -95415]
[R Sat Oct  7 22:19:14 2023] [1, 2, -14, -70, 560, 2646, 4102, -23234, -95055]
[R Sat Oct  7 22:19:15 2023] [1, 2, -14, -70, 280, 1526, 2422, 18046, -95235]
[R Sat Oct  7 22:19:20 2023] [1, 2, -14, -70, -700, -2394, -3458, -5234, -94335]
[R Sat Oct  7 22:19:22 2023] [1, 2, -14, -70, -280, -714, -938, 35806, -92895]
[R Sat Oct  7 22:19:22 2023] [1, 2, -14, -70, -140, -154, -98, 38926, -92535]
[R Sat Oct  7 22:19:25 2023] [1, 2, -14, -70, 560, 2646, 4102, -24674, -91635]
[R Sat Oct  7 22:19:28 2023] [1, 2, -14, -70, -560, -1834, -2618, 12286, -90375]
[R Sat Oct  7 22:19:28 2023] [1, 2, -14, -70, -700, -2394, -3458, -6674, -90915]
[R Sat Oct  7 22:19:28 2023] [1, 2, -14, -70, 280, 1526, 2422, 16606, -91815]
[R Sat Oct  7 22:19:32 2023] [1, 2, -14, -70, -280, -714, -938, 34366, -89475]
[R Sat Oct  7 22:19:35 2023] [1, 2, -14, -70, 140, 966, 1582, 27886, -88575]
[R Sat Oct  7 22:19:37 2023] [1, 2, -14, -70, 280, 1526, 2422, 15166, -88395]
[R Sat Oct  7 22:19:37 2023] [1, 2, -14, -70, 700, 3206, 4942, -54674, -88215]
[R Sat Oct  7 22:19:37 2023] [1, 2, -14, -70, 560, 2646, 4102, -26114, -88215]
[R Sat Oct  7 22:19:40 2023] [1, 2, -14, 182, 280, -3766, 2058, 9554, -82707]
[R Sat Oct  7 22:19:41 2023] [1, 2, -14, -70, -140, 2618, 16226, 98, -87675]
[R Sat Oct  7 22:19:44 2023] [1, 2, -14, -70, -560, -1834, -2618, 10846, -86955]
[R Sat Oct  7 22:19:47 2023] [1, 2, -14, -70, -280, -714, -938, 32926, -86055]
[R Sat Oct  7 22:19:49 2023] [1, 2, -14, -70, -140, -154, -98, 36046, -85695]
[R Sat Oct  7 22:19:54 2023] [1, 2, -14, -70, 140, 966, 1582, 26446, -85155]
[R Sat Oct  7 22:19:55 2023] [1, 2, -14, -70, -700, -2394, -3458, -9554, -84075]
[R Sat Oct  7 22:19:59 2023] [1, 2, -14, -70, -560, -1834, -2618, 9406, -83535]
[R Sat Oct  7 22:20:05 2023] [1, 2, 28, 84, 280, -56, -1792, -17728, -77694]
[R Sat Oct  7 22:20:08 2023] [1, 2, -14, -70, -280, -714, -938, 31486, -82635]
[R Sat Oct  7 22:20:13 2023] [1, 2, -14, -70, 560, 2646, 4102, -28994, -81375]
[R Sat Oct  7 22:20:16 2023] [1, 2, -14, -70, 140, 966, 1582, 25006, -81735]
[R Sat Oct  7 22:20:19 2023] [1, 2, -14, -70, -700, -2394, -3458, -10994, -80655]
[R Sat Oct  7 22:20:36 2023] [1, 2, -14, -70, 280, 1526, 2422, 10846, -78135]
[R Sat Oct  7 22:20:47 2023] [1, 2, -14, -70, 560, 2646, 4102, -30434, -77955]
[R Sat Oct  7 22:20:55 2023] [1, 2, -14, -70, -280, -714, -938, 28606, -75795]
[R Sat Oct  7 22:20:59 2023] [1, 2, -14, -70, -560, -1834, -2618, 6526, -76695]
[R Sat Oct  7 22:21:02 2023] [1, 2, -14, -70, 140, 966, 1582, 22126, -74895]
[R Sat Oct  7 22:21:04 2023] [1, 2, -14, -70, 280, 1526, 2422, 9406, -74715]
[R Sat Oct  7 22:21:05 2023] [1, 2, -14, -70, 560, 2646, 4102, -31874, -74535]
[R Sat Oct  7 22:21:08 2023] [1, 2, -14, -70, -140, -154, -98, 31726, -75435]
[R Sat Oct  7 22:21:14 2023] [1, 2, -14, -70, -560, -1834, -2618, 5086, -73275]
[R Sat Oct  7 22:21:18 2023] [1, 2, -14, -70, -700, -2394, -3458, -13874, -73815]
[R Sat Oct  7 22:21:23 2023] [1, 2, -14, -70, -280, -714, -938, 27166, -72375]
[R Sat Oct  7 22:21:30 2023] [1, 2, 0, -140, 0, 3500, 7000, -40000, -71250]
[R Sat Oct  7 22:21:32 2023] [1, 2, -14, -70, 140, 966, 1582, 20686, -71475]
[R Sat Oct  7 22:21:33 2023] [1, 2, 28, -56, 0, 0, 10500, -11500, -66750]
[R Sat Oct  7 22:21:42 2023] [1, 2, -14, -70, 560, 2646, 4102, -33314, -71115]
[R Sat Oct  7 22:21:53 2023] [1, 2, -14, -70, -560, -1834, -2618, 3646, -69855]
[R Sat Oct  7 22:22:00 2023] [1, 2, -14, -70, -700, -2394, -3458, -15314, -70395]
[R Sat Oct  7 22:22:02 2023] [1, 2, -14, -70, -280, -714, -938, 25726, -68955]
[R Sat Oct  7 22:22:07 2023] [1, 2, -14, -70, -140, -154, -98, 28846, -68595]
[R Sat Oct  7 22:22:24 2023] [1, 2, -14, -70, -700, -2394, -3458, -16754, -66975]
[R Sat Oct  7 22:22:27 2023] [1, 2, -14, -70, 280, 1526, 2422, 6526, -67875]
[R Sat Oct  7 22:22:39 2023] [1, 2, -14, -70, -560, -1834, -2618, 2206, -66435]
[R Sat Oct  7 22:22:52 2023] [1, 2, -14, -70, -280, -714, -938, 24286, -65535]
[R Sat Oct  7 22:22:58 2023] [1, 2, -14, -70, -140, -154, -98, 27406, -65175]
[R Sat Oct  7 22:23:06 2023] [1, 2, -14, -70, 140, 966, 1582, 17806, -64635]
[R Sat Oct  7 22:23:08 2023] [1, 2, -14, -70, 560, 2646, 4102, -36194, -64275]
[R Sat Oct  7 22:23:09 2023] [1, 2, -14, -70, 280, 1526, 2422, 5086, -64455]
[R Sat Oct  7 22:23:35 2023] [1, 2, -14, -70, -560, -1834, -2618, 766, -63015]
[R Sat Oct  7 22:23:51 2023] [1, 2, -14, -70, -280, -714, -938, 22846, -62115]
[R Sat Oct  7 22:23:57 2023] [1, 2, -14, -70, -140, -154, -98, 25966, -61755]
[R Sat Oct  7 22:24:12 2023] [1, 2, -14, 70, 560, 2562, -16366, 8242, -60495]
[R Sat Oct  7 22:24:14 2023] [1, 2, -14, -70, 560, 2646, 4102, -37634, -60855]
[R Sat Oct  7 22:24:20 2023] [1, 2, -14, -70, -140, -5306, -23282, -47506, -60495]
[R Sat Oct  7 22:24:25 2023] [1, 2, -14, -70, 140, 966, 1582, 16366, -61215]
[R Sat Oct  7 22:24:27 2023] [1, 2, -14, -70, -700, -2394, -3458, -19634, -60135]
[R Sat Oct  7 22:24:37 2023] [1, 2, -14, -70, -560, -1834, -2618, -674, -59595]
[R Sat Oct  7 22:25:05 2023] [1, 2, -14, -70, -140, -154, -98, 24526, -58335]
[R Sat Oct  7 22:25:09 2023] [1, 2, -14, -70, -280, -714, -938, 21406, -58695]
[R Sat Oct  7 22:25:19 2023] [1, 2, -14, -70, 280, 1526, 2422, 2206, -57615]
[R Sat Oct  7 22:25:38 2023] [1, 2, -14, -70, 560, 2646, 4102, -39074, -57435]
[R Sat Oct  7 22:25:41 2023] [1, 2, -14, -70, -700, -2394, -3458, -21074, -56715]
[R Sat Oct  7 22:25:41 2023] [1, 2, -14, -70, 140, 966, 1582, 14926, -57795]
[R Sat Oct  7 22:26:02 2023] [1, 2, -14, -70, -560, -1834, -2618, -2114, -56175]
[R Sat Oct  7 22:26:51 2023] [1, 2, -14, -70, 280, 1526, 2422, 766, -54195]
[R Sat Oct  7 22:26:51 2023] [1, 2, -14, -70, -280, -714, -938, 19966, -55275]
[R Sat Oct  7 22:27:23 2023] [1, 2, -14, -70, -700, -2394, -3458, -22514, -53295]
[R Sat Oct  7 22:27:26 2023] [1, 2, -14, -70, 560, 2646, 4102, -40514, -54015]
[R Sat Oct  7 22:27:38 2023] [1, 2, 0, 140, 1120, 1764, -8512, -39400, -53250]
[R Sat Oct  7 22:28:01 2023] [1, 2, -14, -70, -280, -714, -938, 18526, -51855]
[R Sat Oct  7 22:28:05 2023] [1, 2, -14, -70, -560, -1834, -2618, -3554, -52755]
[R Sat Oct  7 22:28:31 2023] [1, 2, -14, -70, 140, 966, 1582, 12046, -50955]
[R Sat Oct  7 22:28:41 2023] [1, 2, -14, -70, 560, 2646, 4102, -41954, -50595]
[R Sat Oct  7 22:28:44 2023] [1, 2, -14, -70, -140, -154, -98, 21646, -51495]
[R Sat Oct  7 22:29:17 2023] [1, 2, -14, -70, -700, -2394, -3458, -23954, -49875]
[R Sat Oct  7 22:29:23 2023] [1, 2, -14, -238, 980, -798, -23646, -59818, -46311]
[R Sat Oct  7 22:30:00 2023] [1, 2, -14, -70, -280, -714, -938, 17086, -48435]
[R Sat Oct  7 22:30:05 2023] [1, 2, -14, -70, -140, -154, -98, 20206, -48075]
[R Sat Oct  7 22:30:42 2023] [1, 2, -14, -70, 560, 2646, 4102, -43394, -47175]
[R Sat Oct  7 22:31:16 2023] [1, 2, -14, -70, 280, 1526, 2422, -2114, -47355]
[R Sat Oct  7 22:31:34 2023] [1, 2, -42, 14, 280, -1638, -7966, 946, -42747]
[R Sat Oct  7 22:32:03 2023] [1, 2, -14, -70, -560, -1834, -2618, -6434, -45915]
[R Sat Oct  7 22:32:21 2023] [1, 2, -14, -70, -700, -2394, -3458, -25394, -46455]
[R Sat Oct  7 22:32:36 2023] [1, 2, 56, -28, 1820, -7392, 27216, -2212, -41874]
[R Sat Oct  7 22:32:46 2023] [1, 2, -14, -70, -280, -714, -938, 15646, -45015]
[R Sat Oct  7 22:33:53 2023] [1, 2, -14, -70, 560, 2646, 4102, -44834, -43755]
[R Sat Oct  7 22:34:20 2023] [1, 2, -42, -126, 560, 2898, -434, -21286, -39723]
[R Sat Oct  7 22:34:35 2023] [1, 2, -14, -70, 280, 1526, 2422, -3554, -43935]
[R Sat Oct  7 22:34:36 2023] [1, 2, -14, -70, -700, -2394, -3458, -26834, -43035]
[R Sat Oct  7 22:35:05 2023] [1, 2, -14, -70, -560, -1834, -2618, -7874, -42495]
[R Sat Oct  7 22:35:58 2023] [1, 2, -14, -70, -280, -714, -938, 14206, -41595]
[R Sat Oct  7 22:36:54 2023] [1, 2, -14, -70, 140, 966, 1582, 7726, -40695]
[R Sat Oct  7 22:37:06 2023] [1, 2, -14, -70, 280, 1526, 2422, -4994, -40515]
[R Sat Oct  7 22:37:20 2023] [1, 2, -14, -70, 560, 2646, 4102, -46274, -40335]
[R Sat Oct  7 22:38:49 2023] [1, 2, -14, -70, -560, -1834, -2618, -9314, -39075]
[R Sat Oct  7 22:39:05 2023] [1, 2, 28, 84, 420, 1484, -9492, -748, -35754]
[R Sat Oct  7 22:39:40 2023] [1, 2, -42, 154, 420, -2506, 4018, 23582, -35079]
[R Sat Oct  7 22:39:57 2023] [1, 2, -14, -70, -280, -714, -938, 12766, -38175]
[R Sat Oct  7 22:40:37 2023] [1, 2, -14, -70, -140, -154, -98, 15886, -37815]
[R Sat Oct  7 22:41:56 2023] [1, 2, -14, -70, 140, 966, 1582, 6286, -37275]
[R Sat Oct  7 22:43:10 2023] [1, 2, -14, -70, -700, -2394, -3458, -29714, -36195]
[R Sat Oct  7 22:43:54 2023] [1, 2, -14, -70, -560, -1834, -2618, -10754, -35655]
[R Sat Oct  7 22:45:57 2023] [1, 2, -14, -70, -140, -154, -98, 14446, -34395]
[R Sat Oct  7 22:46:03 2023] [1, 2, -14, -70, -280, -714, -938, 11326, -34755]
[R Sat Oct  7 22:46:48 2023] [1, 2, -14, -70, 280, 1526, 2422, -7874, -33675]
[R Sat Oct  7 22:48:15 2023] [1, 2, -14, -70, 140, 966, 1582, 4846, -33855]
[R Sat Oct  7 22:48:31 2023] [1, 2, -14, -70, -700, -2394, -3458, -31154, -32775]
[R Sat Oct  7 22:50:50 2023] [1, 2, -14, -70, -560, -1834, -2618, -12194, -32235]
[R Sat Oct  7 22:51:11 2023] [1, 2, -42, 154, 420, -2506, 4018, 25022, -28419]
[R Sat Oct  7 22:52:30 2023] [1, 2, -42, 14, 1540, -7686, -47782, -51938, -28059]
[R Sat Oct  7 22:53:18 2023] [1, 2, -42, 154, 0, -826, 1498, -1618, -27519]
[R Sat Oct  7 22:53:44 2023] [1, 2, 0, -56, 140, -784, -3388, -15640, -27906]
[R Sat Oct  7 22:54:08 2023] [1, 2, -14, -70, 280, 1526, 2422, -9314, -30255]
[R Sat Oct  7 22:56:08 2023] [1, 2, -14, -70, -700, -2394, -3458, -32594, -29355]
[R Sat Oct  7 22:59:15 2023] [1, 2, -14, -70, -560, -1834, -2618, -13634, -28815]
[R Sat Oct  7 22:59:34 2023] [1, 2, 0, -280, 980, 6048, -31444, 48320, -27330]
[R Sat Oct  7 22:59:42 2023] [1, 2, -14, -70, -280, -714, -938, 8446, -27915]
[R Sat Oct  7 23:03:08 2023] [1, 2, -14, -70, 280, 1526, 2422, -10754, -26835]
[R Sat Oct  7 23:04:08 2023] [1, 2, -14, -70, -140, -154, -98, 11566, -27555]
[R Sat Oct  7 23:05:10 2023] [1, 2, 70, -70, 280, -9170, -36470, -43870, -24495]
[R Sat Oct  7 23:07:20 2023] [1, 2, -14, -70, -700, -2394, -3458, -34034, -25935]
[R Sat Oct  7 23:07:40 2023] [1, 2, -14, -70, -560, -1834, -2618, -15074, -25395]
[R Sat Oct  7 23:10:14 2023] [1, 2, -42, 154, 420, -2506, 4018, 26462, -21759]
[R Sat Oct  7 23:11:54 2023] [1, 2, -14, -70, -140, -154, -98, 10126, -24135]
[R Sat Oct  7 23:13:37 2023] [1, 2, -42, 154, 0, -826, 1498, -178, -20859]
[R Sat Oct  7 23:14:30 2023] [1, 2, -14, -70, 140, 966, 1582, 526, -23595]
[R Sat Oct  7 23:15:51 2023] [1, 2, -14, -70, 280, 1526, 2422, -12194, -23415]
[R Sat Oct  7 23:20:25 2023] [1, 2, -14, -70, -560, -1834, -2618, -16514, -21975]
[R Sat Oct  7 23:21:18 2023] [1, 2, -14, -70, -700, -2394, -3458, -35474, -22515]
[R Sat Oct  7 23:22:02 2023] [1, 2, -14, -70, -140, 12250, -37310, 47810, -22155]
[R Sat Oct  7 23:24:21 2023] [1, 2, -14, -70, -280, -714, -938, 5566, -21075]
[R Sat Oct  7 23:26:40 2023] [1, 2, -14, -70, -140, -154, -98, 8686, -20715]
[R Sat Oct  7 23:27:45 2023] [1, 2, -14, -70, -140, 11746, -35798, 45866, -21255]
[R Sat Oct  7 23:33:30 2023] [1, 2, -14, -70, 280, 1526, 2422, -13634, -19995]
[R Sat Oct  7 23:35:15 2023] [1, 2, -14, -70, -700, -2394, -3458, -36914, -19095]
[R Sat Oct  7 23:38:43 2023] [1, 2, -14, -70, -560, -1834, -2618, -17954, -18555]
[R Sat Oct  7 23:44:52 2023] [1, 2, -14, -70, -280, -714, -938, 4126, -17655]
[R Sat Oct  7 23:48:13 2023] [1, 2, -14, -70, -140, 2114, 4858, -7526, -16935]
[R Sat Oct  7 23:48:19 2023] [1, 2, 56, 280, 3080, 13720, 53760, -7820, -15990]
[R Sat Oct  7 23:49:54 2023] [1, 2, -14, -70, 280, 1526, 2422, -15074, -16575]
[R Sat Oct  7 23:50:11 2023] [1, 2, -42, 154, 0, -826, 1498, 1262, -14199]
[R Sat Oct  7 23:55:40 2023] [1, 2, -42, 154, -420, 854, -1022, -898, -13479]
[R Sat Oct  7 23:56:01 2023] [1, 2, 0, -336, -2940, -10920, -24220, 20840, -13830]
[R Sat Oct  7 23:59:02 2023] [1, 2, -14, -70, -140, 8722, -26726, 34202, -15855]
[R Sun Oct  8 00:09:05 2023] [1, 2, -14, -70, -140, 13846, -98, -27634, -14955]
[R Sun Oct  8 00:11:23 2023] [1, 2, -14, -70, -140, 2114, -10262, 19114, -14055]
[R Sun Oct  8 00:11:49 2023] [1, 2, -14, -70, -140, -154, -98, 5806, -13875]
[R Sun Oct  8 00:20:37 2023] [1, 2, -14, -70, -140, 7210, -22190, 28370, -13155]
[R Sun Oct  8 00:22:06 2023] [1, 2, -14, -70, 140, 966, 1582, -3794, -13335]
[R Sun Oct  8 00:30:33 2023] [1, 2, -14, -70, -700, -2394, -3458, -39794, -12255]
[R Sun Oct  8 00:41:23 2023] [1, 2, -14, -70, -140, 6202, -19166, 24482, -11355]
[R Sun Oct  8 00:50:16 2023] [1, 2, -42, 154, 420, -2506, 4018, 29342, -8439]
[R Sun Oct  8 00:51:49 2023] [1, 2, -14, -70, -280, -714, -938, 1246, -10815]
[R Sun Oct  8 00:53:21 2023] [1, 2, -14, -70, -140, -154, -98, 4366, -10455]
[R Sun Oct  8 01:04:41 2023] [1, 2, -42, 154, 0, -826, 1498, 2702, -7539]
[R Sun Oct  8 01:05:31 2023] [1, 2, -14, -70, 280, 1526, 2422, -17954, -9735]
[R Sun Oct  8 01:07:25 2023] [1, 2, 0, 140, -980, -1764, -12348, -15680, -7350]
[R Sun Oct  8 01:08:25 2023] [1, 2, -14, -70, 140, 966, 1582, -5234, -9915]
[R Sun Oct  8 01:17:09 2023] [1, 2, -42, 154, -420, 854, -1022, 542, -6819]
[R Sun Oct  8 01:18:34 2023] [1, 2, -14, -70, -700, -2394, -3458, -41234, -8835]
[R Sun Oct  8 01:23:58 2023] [1, 2, -14, -350, -1400, 23058, -37534, -35662, -7575]
[R Sun Oct  8 01:27:41 2023] [1, 2, -42, 154, -840, 2534, -3542, 22862, -6279]
[R Sun Oct  8 01:30:29 2023] [1, 2, 0, 0, 1120, -2828, -8596, -19780, -8970]
[R Sun Oct  8 01:31:17 2023] [1, 2, 0, 0, 280, -560, 11200, -22100, -8430]
[R Sun Oct  8 01:31:34 2023] [1, 2, -14, -70, -140, 4690, -14630, 18650, -8655]
[R Sun Oct  8 01:33:58 2023] [1, 2, -14, -70, -140, 2114, -8582, 13594, -8295]
[R Sun Oct  8 01:33:58 2023] [1, 2, -14, -70, -560, -1834, -2618, -22274, -8295]
[R Sun Oct  8 01:40:59 2023] [1, 2, -14, 42, 0, -4998, -4046, -13498, -6171]
[R Sun Oct  8 01:43:13 2023] [1, 2, -14, -350, -1400, 18522, -34006, -31558, -6675]
[R Sun Oct  8 01:52:15 2023] [1, 2, -42, -126, 980, -8246, -30002, 25082, -5199]
[R Sun Oct  8 02:00:40 2023] [1, 2, -14, -70, -140, 20258, -41174, 29098, -6855]
[R Sun Oct  8 02:00:40 2023] [1, 2, -14, -70, -140, 3682, -11606, 14762, -6855]
[R Sun Oct  8 02:01:11 2023] [1, 2, 70, 154, 560, 4242, -5306, 4810, -4947]
[R Sun Oct  8 02:09:51 2023] [1, 2, -14, -350, -1400, 13986, -30478, -27454, -5775]
[R Sun Oct  8 02:12:54 2023] [1, 2, -14, -70, 280, 1526, 2422, -19394, -6315]
[R Sun Oct  8 02:25:37 2023] [1, 2, 0, -336, -1820, -4032, -7224, -9920, -4398]
[R Sun Oct  8 02:34:30 2023] [1, 2, -14, -350, -1400, 9450, -26950, -23350, -4875]
[R Sun Oct  8 02:34:36 2023] [1, 2, -14, -70, 420, 6090, 23030, 27230, -5775]
[R Sun Oct  8 02:36:41 2023] [1, 2, -14, 42, 280, -1778, 3934, -238, -4011]
[R Sun Oct  8 02:36:44 2023] [1, 2, -14, -70, -700, -2394, -3458, -42674, -5415]
[R Sun Oct  8 02:46:25 2023] [1, 2, -14, -70, -140, 2674, -8582, 10874, -5055]
[R Sun Oct  8 02:54:57 2023] [1, 2, -14, -350, -1400, 4914, -23422, -19246, -3975]
[R Sun Oct  8 03:03:19 2023] [1, 2, -14, -70, -560, -1834, -2618, -23714, -4875]
[R Sun Oct  8 03:16:11 2023] [1, 2, -14, -70, -140, 20762, -16366, -18958, -4155]
[R Sun Oct  8 03:37:34 2023] [1, 2, -42, 154, 420, -2506, 4018, 30782, -1779]
[R Sun Oct  8 03:53:46 2023] [1, 2, -14, -70, -140, -154, -98, 1486, -3615]
[R Sun Oct  8 03:53:59 2023] [1, 2, 28, 84, 0, -756, -2212, -2968, -1554]
[R Sun Oct  8 03:55:48 2023] [1, 2, -14, -70, 140, 966, 1582, -8114, -3075]
[R Sun Oct  8 03:55:48 2023] [1, 2, -14, -70, -140, 8918, -5474, -10802, -3075]
[R Sun Oct  8 04:02:25 2023] [1, 2, 0, -196, -560, 3696, -5208, 2120, -1626]
[R Sun Oct  8 04:07:42 2023] [1, 2, -14, -70, 280, 1526, 2422, -20834, -2895]
[R Sun Oct  8 04:15:37 2023] [1, 2, -42, -126, 980, 826, -6818, 4778, -951]
[R Sun Oct  8 04:16:06 2023] [1, 2, -14, -378, -1960, -7210, -10710, 7310, -1095]
[R Sun Oct  8 04:16:09 2023] [1, 2, -14, 70, 560, -770, -1610, 27170, -2535]
[R Sun Oct  8 04:49:01 2023] [1, 2, -14, -70, -140, 11690, -9310, -10750, -2355]
[R Sun Oct  8 04:49:01 2023] [1, 2, -14, -70, -140, 1162, -4046, 5042, -2355]
[R Sun Oct  8 04:52:47 2023] [1, 2, -14, -350, -1400, -8694, -12838, -6934, -1275]
[R Sun Oct  8 04:58:19 2023] [1, 2, -14, -70, -700, -2394, -3458, -44114, -1995]
[R Sun Oct  8 05:03:32 2023] [1, 2, -42, 154, -420, 854, -1022, 1982, -159]
[R Sun Oct  8 05:11:54 2023] [1, 2, 56, -28, 420, -560, -420, 920, -330]
[R Sun Oct  8 05:21:05 2023] [1, 2, -14, -70, -560, -1834, -2618, -25154, -1455]
[R Sun Oct  8 05:32:20 2023] [1, 2, 0, -140, -140, 952, 7364, 8500, -1410]
[R Sun Oct  8 05:32:47 2023] [1, 2, -14, 350, -560, 1694, -1862, 1714, -555]
[R Sun Oct  8 05:33:04 2023] [1, 2, -14, 182, -140, -70, -630, 850, -15]
[R Sun Oct  8 05:55:35 2023] [1, 2, 56, 0, 140, 6720, -7140, -2380, -1050]
[R Sun Oct  8 06:08:01 2023] [1, 2, -42, -266, -1120, 4914, 4298, -4778, 741]
[R Sun Oct  8 06:26:31 2023] [1, 2, -14, -70, -280, -714, -938, -3074, -555]
[R Sun Oct  8 06:30:44 2023] [1, 2, -42, -126, 980, 5362, 4774, -5374, 1173]
[R Sun Oct  8 06:40:33 2023] [1, 2, -70, -210, 0, 6174, 19558, 13310, -15]
[R Sun Oct  8 07:04:03 2023] [1, 2, -14, -350, -1400, -17766, -5782, 1274, 525]
[R Sun Oct  8 07:08:34 2023] [1, 2, -14, -70, -140, -154, -98, 46, -195]
[R Sun Oct  8 07:21:01 2023] [1, 2, 56, -168, 280, -588, -1596, 4852, 1794]
[R Sun Oct  8 07:24:32 2023] [1, 2, -42, 14, 420, 2394, 4018, 4762, 2181]
[R Sun Oct  8 07:37:06 2023] [1, 2, -14, -70, 140, 966, 1582, -9554, 345]
[R Sun Oct  8 07:40:00 2023] [1, 2, -14, 182, -140, 938, -294, 1618, 2361]
[R Sun Oct  8 07:44:36 2023] [1, 2, -14, -350, -1400, -22302, -2254, 5378, 1425]
[R Sun Oct  8 07:44:41 2023] [1, 2, 28, 364, 1400, 3444, 448, -2648, 2586]
[R Sun Oct  8 07:50:29 2023] [1, 2, -14, -70, 280, 1526, 2422, -22274, 525]
[R Sun Oct  8 07:51:41 2023] [1, 2, -14, -238, 980, -1582, 5026, 33418, 2541]
[R Sun Oct  8 08:04:55 2023] [1, 2, -14, -70, -140, -854, 2002, -2734, 1245]
[R Sun Oct  8 08:09:02 2023] [1, 2, -14, -350, -1400, -26838, 1274, 9482, 2325]
[R Sun Oct  8 08:19:57 2023] [1, 2, 28, 224, 560, 1204, 168, -5348, 3486]
[R Sun Oct  8 08:25:53 2023] [1, 2, -14, -70, -140, -25102, 37786, -10022, 1425]
[R Sun Oct  8 08:25:53 2023] [1, 2, -14, -70, -700, -2394, -3458, -45554, 1425]
[R Sun Oct  8 08:28:44 2023] [1, 2, -14, -70, -560, -1834, -2618, -26594, 1965]
[R Sun Oct  8 08:58:12 2023] [1, 2, -42, 154, 420, -2506, 4018, 32222, 4881]
[R Sun Oct  8 09:01:50 2023] [1, 2, -14, -70, -280, -714, -938, -4514, 2865]
[R Sun Oct  8 09:05:16 2023] [1, 2, -70, -406, 280, 17738, 47586, 27850, 5097]
[R Sun Oct  8 09:09:00 2023] [1, 2, -14, -70, -140, -154, -98, -1394, 3225]
[R Sun Oct  8 09:13:35 2023] [1, 2, -42, -126, 980, 14434, 27958, -25678, 5421]
[R Sun Oct  8 09:16:10 2023] [1, 2, -14, -70, -140, -15526, 11858, 13874, 3045]
[R Sun Oct  8 09:21:07 2023] [1, 2, -42, 154, 0, -826, 1498, 5582, 5781]
[R Sun Oct  8 09:43:45 2023] [1, 2, -14, -70, 280, 1526, 2422, -23714, 3945]
[R Sun Oct  8 09:43:45 2023] [1, 2, -14, -70, -140, -2366, 6538, -8566, 3945]
[R Sun Oct  8 09:43:45 2023] [1, 2, -14, -70, -140, -20062, 15386, 17978, 3945]
[R Sun Oct  8 09:45:52 2023] [1, 2, -14, -70, -140, -4186, -322, 8174, 4665]
[R Sun Oct  8 09:49:01 2023] [1, 2, -42, 154, -840, 2534, -3542, 25742, 7041]
[R Sun Oct  8 09:50:38 2023] [1, 2, -14, -70, -140, -2870, 8050, -10510, 4845]
[R Sun Oct  8 10:00:39 2023] [1, 2, -14, -70, -560, -1834, -2618, -28034, 5385]
[R Sun Oct  8 10:15:42 2023] [1, 2, 28, 224, -1960, 2604, 4788, -13208, 8346]
[R Sun Oct  8 10:17:29 2023] [1, 2, 70, 210, 840, 6510, 16310, 17330, 7185]
[R Sun Oct  8 10:17:48 2023] [1, 2, -14, -70, -280, -714, -938, -5954, 6285]
[R Sun Oct  8 10:29:33 2023] [1, 2, 0, -280, -2660, -9240, -13160, -3040, 6870]
[R Sun Oct  8 10:32:11 2023] [1, 2, -14, -70, 140, 966, 1582, -12434, 7185]
[R Sun Oct  8 10:35:06 2023] [1, 2, -14, -70, 280, 1526, 2422, -25154, 7365]
[R Sun Oct  8 10:42:31 2023] [1, 2, 56, 252, 140, 1148, 336, -7372, 9966]
[R Sun Oct  8 10:46:11 2023] [1, 2, 0, 0, 140, -700, 0, -4100, 6150]
[R Sun Oct  8 10:46:17 2023] [1, 2, 28, 224, 280, 392, -9016, 4736, 10578]
[R Sun Oct  8 10:53:31 2023] [1, 2, -14, -70, -560, -1834, -2618, -29474, 8805]
[R Sun Oct  8 10:57:42 2023] [1, 2, -14, 42, -1400, -5922, 21546, 2738, 11181]
[R Sun Oct  8 10:58:08 2023] [1, 2, -42, 154, 420, -2506, 4018, 33662, 11541]
[R Sun Oct  8 11:00:24 2023] [1, 2, -14, -98, 280, 1442, -2926, -6118, 11109]
[R Sun Oct  8 11:03:37 2023] [1, 2, -14, -70, -140, -5390, 15610, -20230, 9345]
[R Sun Oct  8 11:03:45 2023] [1, 2, -14, -70, -140, -4186, 13118, -18706, 9705]
[R Sun Oct  8 11:03:45 2023] [1, 2, -14, -70, -280, -714, -938, -7394, 9705]
[R Sun Oct  8 11:06:30 2023] [1, 2, 0, -336, -1400, -4032, -2184, 2080, 11622]
[R Sun Oct  8 11:13:26 2023] [1, 2, 0, -140, -840, -1596, 14868, -31160, 10830]
[R Sun Oct  8 11:15:27 2023] [1, 2, -42, 154, -420, 854, -1022, 4862, 13161]
[R Sun Oct  8 11:17:26 2023] [1, 2, -14, -70, 140, 966, 1582, -13874, 10605]
[R Sun Oct  8 11:18:23 2023] [1, 2, 56, 420, 1960, 5880, 9240, 10780, 11550]
[R Sun Oct  8 11:19:39 2023] [1, 2, -14, -70, -140, -6398, 18634, -24118, 11145]
[R Sun Oct  8 11:20:41 2023] [1, 2, -42, 154, -840, 2534, -3542, 27182, 13701]
[R Sun Oct  8 11:27:27 2023] [1, 2, -42, -266, 0, 4662, 17794, 26906, 14493]
[R Sun Oct  8 11:28:04 2023] [1, 2, -14, -70, -560, -1834, -2618, -30914, 12225]
[R Sun Oct  8 11:29:14 2023] [1, 2, -14, -70, -140, -6902, 20146, -26062, 12045]
[R Sun Oct  8 11:37:58 2023] [1, 2, -14, -70, -280, -714, -938, -8834, 13125]
[R Sun Oct  8 11:39:05 2023] [1, 2, -14, -70, -140, -154, -98, -5714, 13485]
[R Sun Oct  8 11:39:05 2023] [1, 2, -14, -70, -140, -10262, -1694, 21698, 13485]
[R Sun Oct  8 11:41:47 2023] [1, 2, -14, -70, -140, -7910, 23170, -29950, 13845]
[R Sun Oct  8 11:44:32 2023] [1, 2, -14, -70, 280, 1526, 2422, -28034, 14205]
[R Sun Oct  8 11:48:30 2023] [1, 2, -14, -70, 140, 966, 1582, -15314, 14025]
[R Sun Oct  8 11:52:06 2023] [1, 2, 0, 84, 0, 1512, 2044, 11440, 17238]
[R Sun Oct  8 11:56:55 2023] [1, 2, -14, -70, -140, -8918, 26194, -33838, 15645]
[R Sun Oct  8 11:56:55 2023] [1, 2, -14, -70, -560, -1834, -2618, -32354, 15645]
[R Sun Oct  8 12:00:47 2023] [1, 2, -42, 154, 0, -826, 1498, 8462, 19101]
[R Sun Oct  8 12:04:51 2023] [1, 2, -42, 154, -420, 854, -1022, 6302, 19821]
[R Sun Oct  8 12:05:23 2023] [1, 2, -14, -70, 280, 1526, 2422, -29474, 17625]
[R Sun Oct  8 12:05:24 2023] [1, 2, -14, -70, -140, -9926, 29218, -37726, 17445]
[R Sun Oct  8 12:08:56 2023] [1, 2, 0, 224, -1120, 7980, 24640, 18020, 20010]
[R Sun Oct  8 12:10:33 2023] [1, 2, -14, -70, -140, -10430, 30730, -39670, 18345]
[R Sun Oct  8 12:11:10 2023] [1, 2, -14, -70, -140, -6454, 21602, -32254, 17805]
[R Sun Oct  8 12:17:30 2023] [1, 2, -14, -70, -140, -266, 1918, -11506, 19065]
[R Sun Oct  8 12:17:30 2023] [1, 2, -14, -70, -560, -1834, -2618, -33794, 19065]
[R Sun Oct  8 12:18:56 2023] [1, 2, -14, -70, -140, -11438, 33754, -43558, 20145]
[R Sun Oct  8 12:18:56 2023] [1, 2, -14, -70, -280, -714, -938, -11714, 19965]
[R Sun Oct  8 12:22:15 2023] [1, 2, -14, -70, 140, 966, 1582, -18194, 20865]
[R Sun Oct  8 12:22:23 2023] [1, 2, -14, -70, -140, -154, -98, -8594, 20325]
[R Sun Oct  8 12:23:06 2023] [1, 2, -14, -70, 280, 1526, 2422, -30914, 21045]
[R Sun Oct  8 12:23:17 2023] [1, 2, 0, 0, 0, -10500, -14000, 5000, 18750]
[R Sun Oct  8 12:23:52 2023] [1, 2, -42, 14, 420, -518, -3486, 11006, 23853]
[R Sun Oct  8 12:25:06 2023] [1, 2, 56, 140, 980, 3836, 4312, 18176, 22170]
[R Sun Oct  8 12:27:51 2023] [1, 2, -42, 154, 420, -2506, 4018, 36542, 24861]
[R Sun Oct  8 12:28:20 2023] [1, 2, -14, -70, -560, -1834, -2618, -35234, 22485]
[R Sun Oct  8 12:28:58 2023] [1, 2, -14, -70, -140, -4186, -7042, 12974, 22665]
[R Sun Oct  8 12:29:23 2023] [1, 2, -14, -70, -140, -12446, 36778, -47446, 21945]
[R Sun Oct  8 12:31:28 2023] [1, 2, -14, -70, -280, -714, -938, -13154, 23385]
[R Sun Oct  8 12:32:27 2023] [1, 2, -14, -70, -140, -12950, 38290, -49390, 22845]
[R Sun Oct  8 12:33:01 2023] [1, 2, -14, -70, -140, -154, -98, -10034, 23745]
[R Sun Oct  8 12:34:55 2023] [1, 2, -14, -70, 140, 966, 1582, -19634, 24285]
[R Sun Oct  8 12:35:11 2023] [1, 2, 0, 84, 0, 1512, 9184, 5480, 26598]
[R Sun Oct  8 12:36:42 2023] [1, 2, -14, -70, 280, 1526, 2422, -32354, 24465]
[R Sun Oct  8 12:40:50 2023] [1, 2, -14, -70, -560, -1834, -2618, -36674, 25905]
[R Sun Oct  8 12:42:26 2023] [1, 2, -14, -70, -280, -714, -938, -14594, 26805]
[R Sun Oct  8 12:43:29 2023] [1, 2, -14, -70, -140, -154, -98, -11474, 27165]
[R Sun Oct  8 12:47:38 2023] [1, 2, -14, -70, 280, 1526, 2422, -33794, 27885]
[R Sun Oct  8 12:50:31 2023] [1, 2, -14, -70, -280, -714, -938, -16034, 30225]
[R Sun Oct  8 12:52:27 2023] [1, 2, -14, -70, 140, 966, 1582, -22514, 31125]
[R Sun Oct  8 12:55:57 2023] [1, 2, -14, -70, -140, -4186, 19838, -40786, 32745]
[R Sun Oct  8 12:55:57 2023] [1, 2, -14, -70, -560, -1834, -2618, -39554, 32745]
[R Sun Oct  8 12:57:30 2023] [1, 2, -14, -70, -280, -714, -938, -17474, 33645]
[R Sun Oct  8 12:58:09 2023] [1, 2, -14, -70, -140, -154, -98, -14354, 34005]
[R Sun Oct  8 12:59:56 2023] [1, 2, -14, -70, -140, 2758, 13006, 26798, 34185]
[R Sun Oct  8 13:00:14 2023] [1, 2, -42, 154, 420, -2506, 4018, 39422, 38181]
[R Sun Oct  8 13:01:10 2023] [1, 2, -42, -266, 140, 3234, 5838, -1678, 38721]
[R Sun Oct  8 13:01:48 2023] [1, 2, -14, -70, -560, -1834, -2618, -40994, 36165]
[R Sun Oct  8 13:03:19 2023] [1, 2, -14, -70, -140, -154, -98, -15794, 37425]
[R Sun Oct  8 13:03:48 2023] [1, 2, -14, -70, -280, -714, -938, -18914, 37065]
[R Sun Oct  8 13:04:01 2023] [1, 2, -14, -70, -140, -2954, 16702, -40114, 37785]
[R Sun Oct  8 13:04:16 2023] [1, 2, -14, -70, 280, 1526, 2422, -38114, 38145]
[R Sun Oct  8 13:05:06 2023] [1, 2, -14, -70, 140, 966, 1582, -25394, 37965]
[R Sun Oct  8 13:06:32 2023] [1, 2, -14, -70, -560, -1834, -2618, -42434, 39585]
[R Sun Oct  8 13:07:23 2023] [1, 2, -14, -70, -140, -1918, 13034, -37078, 40665]
[R Sun Oct  8 13:08:26 2023] [1, 2, -14, -70, 280, 1526, 2422, -39554, 41565]
[R Sun Oct  8 13:08:45 2023] [1, 2, -42, 154, 420, -2506, 4018, 40862, 44841]
[R Sun Oct  8 13:10:52 2023] [1, 2, -14, -70, -280, -714, -938, -21794, 43905]
[R Sun Oct  8 13:10:54 2023] [1, 2, -14, -70, -560, -1834, -2618, -43874, 43005]
[R Sun Oct  8 13:11:33 2023] [1, 2, -14, -70, 140, 966, 1582, -28274, 44805]
[R Sun Oct  8 13:11:43 2023] [1, 2, -14, -70, 280, 1526, 2422, -40994, 44985]
[R Sun Oct  8 13:12:03 2023] [1, 2, -14, -70, -140, -154, -98, -18674, 44265]
[R Sun Oct  8 13:12:46 2023] [1, 2, -14, -70, -560, -1834, -2618, -45314, 46425]
[R Sun Oct  8 13:13:21 2023] [1, 2, -14, -70, -280, -714, -938, -23234, 47325]
[R Sun Oct  8 13:13:57 2023] [1, 2, -14, -70, -140, -154, -98, -20114, 47685]
[R Sun Oct  8 13:14:02 2023] [1, 2, -14, -70, 140, 966, 1582, -29714, 48225]
[R Sun Oct  8 13:14:39 2023] [1, 2, -14, -70, 280, 1526, 2422, -42434, 48405]
[R Sun Oct  8 13:15:15 2023] [1, 2, -14, -70, -560, -1834, -2618, -46754, 49845]
[R Sun Oct  8 13:16:01 2023] [1, 2, -14, -70, -140, -154, -98, -21554, 51105]
[R Sun Oct  8 13:16:50 2023] [1, 2, -14, -70, 280, 1526, 2422, -43874, 51825]
[R Sun Oct  8 13:17:03 2023] [1, 2, -14, -70, -560, -1834, -2618, -48194, 53265]
[R Sun Oct  8 13:17:57 2023] [1, 2, -14, -70, 140, 966, 1582, -32594, 55065]
[R Sun Oct  8 13:18:01 2023] [1, 2, -14, -70, 280, 1526, 2422, -45314, 55245]
[R Sun Oct  8 13:18:06 2023] [1, 2, -14, -70, -140, -4186, -13762, 12014, 54345]
[R Sun Oct  8 13:18:38 2023] [1, 2, -14, -70, -560, -1834, -2618, -49634, 56685]
[R Sun Oct  8 13:19:06 2023] [1, 2, -14, -70, -280, -714, -938, -27554, 57585]
[R Sun Oct  8 13:19:10 2023] [1, 2, -14, -70, -140, -154, -98, -24434, 57945]
[R Sun Oct  8 13:19:34 2023] [1, 2, -14, -70, 140, 966, 1582, -34034, 58485]
[R Sun Oct  8 13:19:55 2023] [1, 2, -14, -70, -560, -1834, -2618, -51074, 60105]
[R Sun Oct  8 13:20:20 2023] [1, 2, -14, -70, -140, -154, -98, -25874, 61365]
[R Sun Oct  8 13:20:32 2023] [1, 2, -14, -70, 280, 1526, 2422, -48194, 62085]
[R Sun Oct  8 13:20:52 2023] [1, 2, -14, -70, 140, 966, 1582, -35474, 61905]
[R Sun Oct  8 13:21:09 2023] [1, 2, -14, -70, -560, -1834, -2618, -52514, 63525]
[R Sun Oct  8 13:21:53 2023] [1, 2, -14, -70, -280, -714, -938, -31874, 67845]
[R Sun Oct  8 13:21:55 2023] [1, 2, -14, -70, -560, -1834, -2618, -53954, 66945]
[R Sun Oct  8 13:22:03 2023] [1, 2, -14, -70, 280, 1526, 2422, -51074, 68925]
[R Sun Oct  8 13:22:04 2023] [1, 2, -14, -70, 140, 966, 1582, -38354, 68745]
[R Sun Oct  8 13:22:11 2023] [1, 2, -14, -70, -140, -154, -98, -28754, 68205]
[R Sun Oct  8 13:22:22 2023] [1, 2, -14, -70, -560, -1834, -2618, -55394, 70365]
[R Sun Oct  8 13:22:31 2023] [1, 2, -14, -70, -280, -714, -938, -33314, 71265]
[R Sun Oct  8 13:22:33 2023] [1, 2, -14, -70, -140, -154, -98, -30194, 71625]
[R Sun Oct  8 13:22:40 2023] [1, 2, -14, -70, 140, 966, 1582, -39794, 72165]
[R Sun Oct  8 13:22:49 2023] [1, 2, -14, -70, 280, 1526, 2422, -52514, 72345]
[R Sun Oct  8 13:23:03 2023] [1, 2, -14, -70, -280, -714, -938, -34754, 74685]
[R Sun Oct  8 13:23:06 2023] [1, 2, -14, -70, -140, -154, -98, -31634, 75045]
[R Sun Oct  8 13:23:23 2023] [1, 2, -14, -70, 280, 1526, 2422, -53954, 75765]
[R Sun Oct  8 13:23:25 2023] [1, 2, -14, -70, -280, -714, -938, -36194, 78105]
[R Sun Oct  8 13:23:31 2023] [1, 2, -14, -70, 140, 966, 1582, -42674, 79005]
[R Sun Oct  8 13:23:32 2023] [1, 2, -14, -70, 280, 1526, 2422, -55394, 79185]
[R Sun Oct  8 13:23:42 2023] [1, 2, -14, -70, -280, -714, -938, -37634, 81525]
[R Sun Oct  8 13:23:45 2023] [1, 2, -14, -70, -140, -154, -98, -34514, 81885]
[R Sun Oct  8 13:23:50 2023] [1, 2, -14, -70, 140, 966, 1582, -44114, 82425]
[R Sun Oct  8 13:23:59 2023] [1, 2, -14, -70, -140, -938, -9506, -16498, 84765]
[R Sun Oct  8 13:24:03 2023] [1, 2, -14, -70, -280, -714, -938, -39074, 84945]
[R Sun Oct  8 13:24:09 2023] [1, 2, -14, -70, 140, 966, 1582, -45554, 85845]
[R Sun Oct  8 13:24:21 2023] [1, 2, -14, -70, -280, -714, -938, -41954, 91785]
[R Sun Oct  8 13:24:27 2023] [1, 2, -14, -70, -140, -154, -98, -38834, 92145]
Total elapsed time: 54460686324us
Server			Amount			Total Time (us)		Fastest Time (us)	Slowest Time (us)	Approx Avg Time (us)
Idle:           217911664       54130227891         0                   24074611            248             
Generate:       108954868       6672452             0                   2011                0               

Workers			Amount			Total Time (us)		Fastest Time (us)	Slowest Time (us)	Approx Avg Time (us)
Workers:        511             27827064719045      54455815556         54459927916         54456095340     
Read input:     511             5923918131          11038908            11952365            11592794        
Idle:           108955379       37264761026         1                   5658962             342             
Work units:     108954868       27787146279094      1                   15124937663         255033          
Init:           108954868       3012827179          0                   135166              27              
Generate:       19733604303520  10803008210270      0                   3465635             0               
Last coeff.:    1448022553886   5412870351331       0                   45015               3               
Disc. eval.:    20626670970575  1131340191124       0                   46008               0               
Lagrange:       109203532       332524516           0                   13045               3               
Send results:   382             23117               4                   133                 60              
Disc. sq. test: 19733604303520  7695460897          0                   44049               0               
Saved:          395             2179                1                   14                  5               
