[I Fri Oct  6 22:58:31 2023] Program launch: 512 workers
[A Fri Oct  6 22:58:31 2023] ./bin/enum-stats -coeffs -2 -divisors 2,14,14,140,14,14,2,1 -discriminant -210827008000000 -input data/257/p2e14mod4_2ds1.txt,data/257/p5e6mod25_s1eq2.txt,data/257/p7e7mod49_s1eq2.txt,data/257/p3e0mod9_s1eq2_a8eq2.txt -output data/output/257/output1467_s1eq2_a8eq2m9.txt -tree data/257/treea8.txt -locked 3 -filter 11 
[R Fri Oct  6 23:00:16 2023] [1, 2, -14, -70, 420, 2086, 3262, 10446, -119815]
[R Fri Oct  6 23:00:20 2023] [1, 2, -14, -70, 420, 2086, 3262, 9006, -116395]
[R Fri Oct  6 23:00:26 2023] [1, 2, -14, -70, 420, 2086, 3262, 7566, -112975]
[R Fri Oct  6 23:00:31 2023] [1, 2, -14, -70, 280, 1526, 2422, 24606, -110815]
[R Fri Oct  6 23:00:33 2023] [1, 2, -14, -70, 420, 2086, 3262, 6126, -109555]
[R Fri Oct  6 23:00:37 2023] [1, 2, -14, -70, 280, 1526, 2422, 23166, -107395]
[R Fri Oct  6 23:00:40 2023] [1, 2, -14, -70, 420, 2086, 3262, 4686, -106135]
[R Fri Oct  6 23:00:44 2023] [1, 2, -14, -70, 280, 1526, 2422, 21726, -103975]
[R Fri Oct  6 23:00:47 2023] [1, 2, -14, -70, 420, 2086, 3262, 3246, -102715]
[R Fri Oct  6 23:00:48 2023] [1, 2, -14, -70, -560, -1834, -2618, 17406, -102535]
[R Fri Oct  6 23:00:54 2023] [1, 2, -14, -70, 280, 1526, 2422, 20286, -100555]
[R Fri Oct  6 23:00:55 2023] [1, 2, -14, -70, -420, -1274, -1778, 30606, -100915]
[R Fri Oct  6 23:00:58 2023] [1, 2, -14, -70, -560, -1834, -2618, 15966, -99115]
[R Fri Oct  6 23:00:59 2023] [1, 2, -14, -70, 420, 2086, 3262, 1806, -99295]
[R Fri Oct  6 23:01:03 2023] [1, 2, -14, -70, -420, -1274, -1778, 29166, -97495]
[R Fri Oct  6 23:01:08 2023] [1, 2, -14, -70, 280, 1526, 2422, 18846, -97135]
[R Fri Oct  6 23:01:09 2023] [1, 2, -14, -70, -560, -1834, -2618, 14526, -95695]
[R Fri Oct  6 23:01:11 2023] [1, 2, -14, -70, 420, 2086, 3262, 366, -95875]
[R Fri Oct  6 23:01:15 2023] [1, 2, -14, -70, -420, -1274, -1778, 27726, -94075]
[R Fri Oct  6 23:01:17 2023] [1, 2, -14, -70, 280, 1526, 2422, 17406, -93715]
[R Fri Oct  6 23:01:22 2023] [1, 2, -14, -70, -560, -1834, -2618, 13086, -92275]
[R Fri Oct  6 23:01:23 2023] [1, 2, -14, -70, 0, 406, 742, 37086, -92995]
[R Fri Oct  6 23:01:29 2023] [1, 2, -14, -70, -140, -154, -98, 38286, -91015]
[R Fri Oct  6 23:01:30 2023] [1, 2, -14, -70, -420, -1274, -1778, 26286, -90655]
[R Fri Oct  6 23:01:39 2023] [1, 2, -14, -70, 420, 2086, 3262, -2514, -89035]
[R Fri Oct  6 23:01:39 2023] [1, 2, -14, -70, -560, -1834, -2618, 11646, -88855]
[R Fri Oct  6 23:01:39 2023] [1, 2, -14, -70, -840, -2954, -4298, -32034, -88855]
[R Fri Oct  6 23:01:41 2023] [1, 2, -14, -70, 0, 406, 742, 35646, -89575]
[R Fri Oct  6 23:01:47 2023] [1, 2, -14, -70, -140, -154, -98, 36846, -87595]
[R Fri Oct  6 23:01:49 2023] [1, 2, -14, -70, -420, -1274, -1778, 24846, -87235]
[R Fri Oct  6 23:01:49 2023] [1, 2, -14, -70, 280, 1526, 2422, 14526, -86875]
[R Fri Oct  6 23:01:55 2023] [1, 2, -14, -70, 0, 406, 742, 34206, -86155]
[R Fri Oct  6 23:01:56 2023] [1, 2, -14, -70, 700, 3206, 4942, -55314, -86695]
[R Fri Oct  6 23:01:56 2023] [1, 2, -14, -98, -980, 2002, 21714, -1538, -82771]
[R Fri Oct  6 23:01:58 2023] [1, 2, -14, -70, 420, 2086, 3262, -3954, -85615]
[R Fri Oct  6 23:02:04 2023] [1, 2, -14, -70, -560, -1834, -2618, 10206, -85435]
[R Fri Oct  6 23:02:04 2023] [1, 2, -14, -70, -840, -2954, -4298, -33474, -85435]
[R Fri Oct  6 23:02:22 2023] [1, 2, -14, -70, 420, 2086, 3262, -5394, -82195]
[R Fri Oct  6 23:02:31 2023] [1, 2, -42, -126, 420, 266, -17458, -65702, -76111]
[R Fri Oct  6 23:02:32 2023] [1, 2, -14, -70, -560, -1834, -2618, 8766, -82015]
[R Fri Oct  6 23:02:32 2023] [1, 2, -14, -70, -840, -2954, -4298, -34914, -82015]
[R Fri Oct  6 23:02:43 2023] [1, 2, -14, -70, 280, 1526, 2422, 11646, -80035]
[R Fri Oct  6 23:02:45 2023] [1, 2, -14, -70, -420, -1274, -1778, 21966, -80395]
[R Fri Oct  6 23:02:47 2023] [1, 2, -14, -70, -140, -154, -98, 33966, -80755]
[R Fri Oct  6 23:02:51 2023] [1, 2, -14, -70, 420, 2086, 3262, -6834, -78775]
[R Fri Oct  6 23:02:58 2023] [1, 2, -14, -70, -560, -1834, -2618, 7326, -78595]
[R Fri Oct  6 23:03:08 2023] [1, 2, -14, -70, -140, -154, -98, 32526, -77335]
[R Fri Oct  6 23:03:23 2023] [1, 2, -14, -70, -420, -1274, -1778, 20526, -76975]
[R Fri Oct  6 23:03:23 2023] [1, 2, -14, -70, -980, -3514, -5138, -66834, -76975]
[R Fri Oct  6 23:03:25 2023] [1, 2, -14, -70, 0, 406, 742, 29886, -75895]
[R Fri Oct  6 23:03:29 2023] [1, 2, -14, -70, 280, 1526, 2422, 10206, -76615]
[R Fri Oct  6 23:03:29 2023] [1, 2, -14, -70, -840, -2954, -4298, -37794, -75175]
[R Fri Oct  6 23:03:38 2023] [1, 2, -14, -70, 420, 2086, 3262, -8274, -75355]
[R Fri Oct  6 23:03:47 2023] [1, 2, -14, -70, -140, -154, -98, 31086, -73915]
[R Fri Oct  6 23:03:52 2023] [1, 2, -14, -70, -420, -1274, -1778, 19086, -73555]
[R Fri Oct  6 23:04:12 2023] [1, 2, -14, -70, 280, 1526, 2422, 8766, -73195]
[R Fri Oct  6 23:04:16 2023] [1, 2, -14, -70, -560, -1834, -2618, 4446, -71755]
[R Fri Oct  6 23:04:16 2023] [1, 2, -14, -70, -840, -2954, -4298, -39234, -71755]
[R Fri Oct  6 23:04:30 2023] [1, 2, -14, -70, 420, 2086, 3262, -9714, -71935]
[R Fri Oct  6 23:04:38 2023] [1, 2, -14, -70, -420, -1274, -1778, 17646, -70135]
[R Fri Oct  6 23:04:41 2023] [1, 2, -14, -70, 280, 1526, 2422, 7326, -69775]
[R Fri Oct  6 23:05:04 2023] [1, 2, -14, -70, 420, 2086, 3262, -11154, -68515]
[R Fri Oct  6 23:05:05 2023] [1, 2, -14, -70, 0, 406, 742, 27006, -69055]
[R Fri Oct  6 23:05:08 2023] [1, 2, -14, -70, -560, -1834, -2618, 3006, -68335]
[R Fri Oct  6 23:05:24 2023] [1, 2, -14, -70, -140, -154, -98, 28206, -67075]
[R Fri Oct  6 23:05:27 2023] [1, 2, -14, 70, 140, 3766, -238, 26626, -67435]
[R Fri Oct  6 23:06:08 2023] [1, 2, -14, 42, 560, 42, 10654, -1638, -62251]
[R Fri Oct  6 23:06:12 2023] [1, 2, -14, -70, 420, 2086, 3262, -12594, -65095]
[R Fri Oct  6 23:06:16 2023] [1, 2, -14, -70, -560, -1834, -2618, 1566, -64915]
[R Fri Oct  6 23:06:16 2023] [1, 2, -14, -70, -840, -2954, -4298, -42114, -64915]
[R Fri Oct  6 23:06:25 2023] [1, 2, -14, -70, 0, 406, 742, 25566, -65635]
[R Fri Oct  6 23:06:55 2023] [1, 2, -14, -70, -420, -1274, -1778, 14766, -63295]
[R Fri Oct  6 23:07:15 2023] [1, 2, -42, -126, 420, 1274, -10402, -46838, -58039]
[R Fri Oct  6 23:07:16 2023] [1, 2, 0, -196, -140, -3276, -1092, -24620, -58354]
[R Fri Oct  6 23:07:18 2023] [1, 2, -14, -70, 0, 406, 742, 24126, -62215]
[R Fri Oct  6 23:07:26 2023] [1, 2, -14, -70, 420, 2086, 3262, -14034, -61675]
[R Fri Oct  6 23:08:12 2023] [1, 2, -14, -70, -420, -1274, -1778, 13326, -59875]
[R Fri Oct  6 23:08:28 2023] [1, 2, -14, -70, 280, 1526, 2422, 3006, -59515]
[R Fri Oct  6 23:08:56 2023] [1, 2, -14, -70, 0, 406, 742, 22686, -58795]
[R Fri Oct  6 23:09:31 2023] [1, 2, -14, -70, -560, -1834, -2618, -1314, -58075]
[R Fri Oct  6 23:09:31 2023] [1, 2, -14, -70, -840, -2954, -4298, -44994, -58075]
[R Fri Oct  6 23:09:34 2023] [1, 2, -42, 154, 560, -3066, 4858, 34062, -53179]
[R Fri Oct  6 23:10:10 2023] [1, 2, -14, -70, 280, 1526, 2422, 1566, -56095]
[R Fri Oct  6 23:10:20 2023] [1, 2, -14, -70, -420, -1274, -1778, 11886, -56455]
[R Fri Oct  6 23:10:32 2023] [1, 2, -14, -70, -140, -154, -98, 23886, -56815]
[R Fri Oct  6 23:10:36 2023] [1, 2, -14, -70, 0, 406, 742, 21246, -55375]
[R Fri Oct  6 23:11:11 2023] [1, 2, -14, -70, -560, -1834, -2618, -2754, -54655]
[R Fri Oct  6 23:12:13 2023] [1, 2, -42, -126, 420, 1778, -6874, -37406, -49003]
[R Fri Oct  6 23:13:00 2023] [1, 2, -14, -70, -420, -1274, -1778, 10446, -53035]
[R Fri Oct  6 23:13:01 2023] [1, 2, -14, -70, 0, 406, 742, 19806, -51955]
[R Fri Oct  6 23:13:28 2023] [1, 2, -14, -70, -560, -1834, -2618, -4194, -51235]
[R Fri Oct  6 23:13:28 2023] [1, 2, -14, -70, -840, -2954, -4298, -47874, -51235]
[R Fri Oct  6 23:13:48 2023] [1, 2, -14, -70, 420, 2086, 3262, -18354, -51415]
[R Fri Oct  6 23:14:14 2023] [1, 2, -42, 14, 560, -1750, -490, 22310, -46555]
[R Fri Oct  6 23:14:19 2023] [1, 2, -14, -70, -140, -154, -98, 21006, -49975]
[R Fri Oct  6 23:14:19 2023] [1, 2, -14, -70, -140, -4410, -19250, -39250, -49975]
[R Fri Oct  6 23:14:47 2023] [1, 2, -14, -70, -420, -1274, -1778, 9006, -49615]
[R Fri Oct  6 23:15:53 2023] [1, 2, -14, -70, 280, 1526, 2422, -1314, -49255]
[R Fri Oct  6 23:16:19 2023] [1, 2, -14, -70, -560, -1834, -2618, -5634, -47815]
[R Fri Oct  6 23:16:19 2023] [1, 2, -14, -70, -840, -2954, -4298, -49314, -47815]
[R Fri Oct  6 23:16:57 2023] [1, 2, -42, 154, 280, -1946, 3178, 10062, -43639]
[R Fri Oct  6 23:17:04 2023] [1, 2, -14, -70, 420, 2086, 3262, -19794, -47995]
[R Fri Oct  6 23:17:05 2023] [1, 2, -14, 42, 140, -5922, -27174, -322, -44359]
[R Fri Oct  6 23:17:50 2023] [1, 2, -14, -70, -140, -154, -98, 19566, -46555]
[R Fri Oct  6 23:18:13 2023] [1, 2, -14, -70, -420, -1274, -1778, 7566, -46195]
[R Fri Oct  6 23:18:36 2023] [1, 2, -14, -70, 280, 1526, 2422, -2754, -45835]
[R Fri Oct  6 23:19:05 2023] [1, 2, 0, 0, 0, -5488, 24304, -10720, -44890]
[R Fri Oct  6 23:19:54 2023] [1, 2, -14, -70, 0, 406, 742, 16926, -45115]
[R Fri Oct  6 23:19:54 2023] [1, 2, -14, -70, 420, 2086, 3262, -21234, -44575]
[R Fri Oct  6 23:20:20 2023] [1, 2, -14, -70, -560, -1834, -2618, -7074, -44395]
[R Fri Oct  6 23:21:24 2023] [1, 2, -42, -126, 420, 2282, -3346, -27974, -39967]
[R Fri Oct  6 23:21:32 2023] [1, 2, -42, 154, 560, -3066, 4858, 36942, -39859]
[R Fri Oct  6 23:21:48 2023] [1, 2, -14, -70, -140, -154, -98, 18126, -43135]
[R Fri Oct  6 23:22:02 2023] [1, 2, -14, -70, -420, -1274, -1778, 6126, -42775]
[R Fri Oct  6 23:23:06 2023] [1, 2, -42, 154, 420, -2506, 4018, 22782, -38779]
[R Fri Oct  6 23:24:34 2023] [1, 2, -14, -70, 420, 2086, 3262, -22674, -41155]
[R Fri Oct  6 23:24:51 2023] [1, 2, -14, -70, -560, -1834, -2618, -8514, -40975]
[R Fri Oct  6 23:24:51 2023] [1, 2, -14, -70, -840, -2954, -4298, -52194, -40975]
[R Fri Oct  6 23:25:05 2023] [1, 2, -14, -70, 0, 406, 742, 15486, -41695]
[R Fri Oct  6 23:25:54 2023] [1, 2, -42, 154, 280, -1946, 3178, 11502, -36979]
[R Fri Oct  6 23:26:44 2023] [1, 2, -14, -70, -140, -154, -98, 16686, -39715]
[R Fri Oct  6 23:27:18 2023] [1, 2, -14, -70, -420, -1274, -1778, 4686, -39355]
[R Fri Oct  6 23:28:24 2023] [1, 2, 28, -56, -420, 1064, -8372, 41132, -35854]
[R Fri Oct  6 23:28:35 2023] [1, 2, -14, -70, 280, 1526, 2422, -5634, -38995]
[R Fri Oct  6 23:29:07 2023] [1, 2, -14, -70, 0, 406, 742, 14046, -38275]
[R Fri Oct  6 23:30:26 2023] [1, 2, -42, 154, 140, -1386, 2338, 3102, -34459]
[R Fri Oct  6 23:30:29 2023] [1, 2, -14, -70, 420, 2086, 3262, -24114, -37735]
[R Fri Oct  6 23:31:43 2023] [1, 2, -14, -70, -560, -1834, -2618, -9954, -37555]
[R Fri Oct  6 23:33:02 2023] [1, 2, -42, 154, 560, -3066, 4858, 38382, -33199]
[R Fri Oct  6 23:34:14 2023] [1, 2, -14, -70, -420, -1274, -1778, 3246, -35935]
[R Fri Oct  6 23:34:33 2023] [1, 2, -14, -70, 280, 1526, 2422, -7074, -35575]
[R Fri Oct  6 23:34:37 2023] [1, 2, -14, 70, -1120, 5278, -17374, 38218, -35935]
[R Fri Oct  6 23:35:16 2023] [1, 2, 0, 0, 0, -700, -9800, -40120, -34810]
[R Fri Oct  6 23:35:26 2023] [1, 2, -42, 154, 420, -2506, 4018, 24222, -32119]
[R Fri Oct  6 23:36:26 2023] [1, 2, -14, -70, 0, 406, 742, 12606, -34855]
[R Fri Oct  6 23:37:32 2023] [1, 2, -14, -70, 420, 2086, 3262, -25554, -34315]
[R Fri Oct  6 23:37:33 2023] [1, 2, -42, 154, 0, -826, 1498, -2418, -31219]
[R Fri Oct  6 23:38:07 2023] [1, 2, -42, -126, 420, 2786, 182, -18542, -30931]
[R Fri Oct  6 23:38:32 2023] [1, 2, 0, 0, -560, -5600, -1960, -40800, -33370]
[R Fri Oct  6 23:39:32 2023] [1, 2, -14, -70, -140, 1078, -9954, 29358, -33775]
[R Fri Oct  6 23:39:48 2023] [1, 2, -42, 154, 280, -1946, 3178, 12942, -30319]
[R Fri Oct  6 23:39:57 2023] [1, 2, -14, -70, -560, -1834, -2618, -11394, -34135]
[R Fri Oct  6 23:42:57 2023] [1, 2, -14, -70, -140, -154, -98, 13806, -32875]
[R Fri Oct  6 23:43:24 2023] [1, 2, -14, -70, -140, 1638, -12194, 31598, -32515]
[R Fri Oct  6 23:43:24 2023] [1, 2, -14, -70, -420, -1274, -1778, 1806, -32515]
[R Fri Oct  6 23:45:22 2023] [1, 2, -14, -70, 0, 406, 742, 11166, -31435]
[R Fri Oct  6 23:46:53 2023] [1, 2, -14, -70, 420, 2086, 3262, -26994, -30895]
[R Fri Oct  6 23:51:14 2023] [1, 2, -14, -70, -140, -154, -98, 12366, -29455]
[R Fri Oct  6 23:51:25 2023] [1, 2, -42, 154, 560, -3066, 4858, 39822, -26539]
[R Fri Oct  6 23:55:17 2023] [1, 2, -14, -70, 280, 1526, 2422, -9954, -28735]
[R Fri Oct  6 23:56:01 2023] [1, 2, -14, -70, -420, -1274, -1778, 366, -29095]
[R Fri Oct  6 23:56:25 2023] [1, 2, -14, -70, 0, 406, 742, 9726, -28015]
[R Fri Oct  6 23:57:28 2023] [1, 2, -14, 210, 840, 8666, -38598, 56826, -27475]
[R Fri Oct  6 23:58:08 2023] [1, 2, 0, -140, 0, 672, 784, 9100, -27790]
[R Fri Oct  6 23:58:53 2023] [1, 2, -42, 154, 0, -826, 1498, -978, -24559]
[R Fri Oct  6 23:59:25 2023] [1, 2, -14, -70, -560, -1834, -2618, -14274, -27295]
[R Fri Oct  6 23:59:34 2023] [1, 2, -14, -70, 420, 2086, 3262, -28434, -27475]
[R Sat Oct  7 00:01:44 2023] [1, 2, -42, 154, -420, 854, -1022, -3138, -23839]
[R Sat Oct  7 00:03:44 2023] [1, 2, -14, 210, 840, 7658, -35574, 52938, -25675]
[R Sat Oct  7 00:05:32 2023] [1, 2, -14, -70, -420, -1274, -1778, -1074, -25675]
[R Sat Oct  7 00:07:01 2023] [1, 2, -42, 154, -280, -13930, -28630, 58990, -22615]
[R Sat Oct  7 00:07:27 2023] [1, 2, -42, 154, -280, 294, -182, -4818, -22579]
[R Sat Oct  7 00:10:44 2023] [1, 2, -42, -126, 420, 3290, 3710, -9110, -21895]
[R Sat Oct  7 00:11:08 2023] [1, 2, -14, -70, 280, 1526, 2422, -11394, -25315]
[R Sat Oct  7 00:11:52 2023] [1, 2, -14, 210, 840, 6650, -32550, 49050, -23875]
[R Sat Oct  7 00:13:55 2023] [1, 2, -14, -70, -560, -1834, -2618, -15714, -23875]
[R Sat Oct  7 00:14:39 2023] [1, 2, -14, 210, 420, -2982, -714, -17582, -24055]
[R Sat Oct  7 00:15:41 2023] [1, 2, -42, 154, -280, -6006, -30282, -43838, -20959]
[R Sat Oct  7 00:17:01 2023] [1, 2, -14, 210, 840, 6146, -31038, 47106, -22975]
[R Sat Oct  7 00:17:28 2023] [1, 2, -14, -70, 420, 2086, 3262, -29874, -24055]
[R Sat Oct  7 00:18:11 2023] [1, 2, -14, -350, 0, -1274, 12362, -20094, -21715]
[R Sat Oct  7 00:19:47 2023] [1, 2, -14, -70, -140, 12810, -38990, 49970, -23155]
[R Sat Oct  7 00:19:47 2023] [1, 2, -14, -70, -140, 294, -4802, 17294, -23155]
[R Sat Oct  7 00:22:00 2023] [1, 2, -42, 154, 560, -3066, 4858, 41262, -19879]
[R Sat Oct  7 00:22:04 2023] [1, 2, -42, 154, -280, -8218, -38486, -48274, -19807]
[R Sat Oct  7 00:22:28 2023] [1, 2, -14, -350, -1120, 2954, -28742, 43994, -20995]
[R Sat Oct  7 00:26:16 2023] [1, 2, -14, -70, 280, 1526, 2422, -12834, -21895]
[R Sat Oct  7 00:29:08 2023] [1, 2, -42, 154, 420, -2506, 4018, 27102, -18799]
[R Sat Oct  7 00:30:04 2023] [1, 2, -42, 154, -280, -742, -7434, -19326, -18583]
[R Sat Oct  7 00:30:30 2023] [1, 2, -14, 210, 840, 5138, -28014, 43218, -21175]
[R Sat Oct  7 00:32:41 2023] [1, 2, -14, -210, -560, -5922, -18494, 41058, -20455]
[R Sat Oct  7 00:33:04 2023] [1, 2, -14, -70, 0, 406, 742, 6846, -21175]
[R Sat Oct  7 00:33:57 2023] [1, 2, -14, -70, 420, 2086, 3262, -31314, -20635]
[R Sat Oct  7 00:35:05 2023] [1, 2, -14, -70, -140, 11298, -34454, 44138, -20455]
[R Sat Oct  7 00:35:05 2023] [1, 2, -14, -70, -560, -1834, -2618, -17154, -20455]
[R Sat Oct  7 00:35:20 2023] [1, 2, -42, 154, 0, -826, 1498, 462, -17899]
[R Sat Oct  7 00:37:03 2023] [1, 2, -14, 210, 840, 4634, -26502, 41274, -20275]
[R Sat Oct  7 00:37:59 2023] [1, 2, -42, 154, -700, 1974, -2702, 10302, -17539]
[R Sat Oct  7 00:40:03 2023] [1, 2, -70, -70, 1680, -938, -17066, 21950, -18295]
[R Sat Oct  7 00:40:21 2023] [1, 2, -42, 154, -420, 854, -1022, -1698, -17179]
[R Sat Oct  7 00:40:57 2023] [1, 2, 70, -126, 280, -9702, -24094, -41790, -17143]
[R Sat Oct  7 00:41:10 2023] [1, 2, -14, -70, -140, 10794, -32942, 42194, -19555]
[R Sat Oct  7 00:41:40 2023] [1, 2, -14, -350, -1120, 1442, -24206, 38162, -18295]
[R Sat Oct  7 00:44:38 2023] [1, 2, -42, 154, -840, 2534, -3542, 20622, -16639]
[R Sat Oct  7 00:45:58 2023] [1, 2, -14, -70, -140, -154, -98, 8046, -19195]
[R Sat Oct  7 00:46:19 2023] [1, 2, 0, -280, 140, 4088, -1624, -21460, -19330]
[R Sat Oct  7 00:47:32 2023] [1, 2, -14, -70, -420, -1274, -1778, -3954, -18835]
[R Sat Oct  7 00:47:45 2023] [1, 2, -42, -126, 700, -1582, -19194, -32366, -16243]
[R Sat Oct  7 00:51:29 2023] [1, 2, -14, -70, -140, 10290, -31430, 40250, -18655]
[R Sat Oct  7 00:53:26 2023] [1, 2, 56, -140, 0, -672, -2044, 15368, -16990]
[R Sat Oct  7 00:54:12 2023] [1, 2, -14, 210, 840, 3122, -21966, 35442, -17575]
[R Sat Oct  7 01:02:14 2023] [1, 2, -14, -70, 0, 406, 742, 5406, -17755]
[R Sat Oct  7 01:02:23 2023] [1, 2, -14, -70, -560, -1834, -2618, -18594, -17035]
[R Sat Oct  7 01:02:23 2023] [1, 2, -14, -70, 420, 2086, 3262, -32754, -17215]
[R Sat Oct  7 01:03:02 2023] [1, 2, -70, -70, 2240, -5194, 1442, 9370, -15595]
[R Sat Oct  7 01:04:19 2023] [1, 2, -14, -70, -140, 12194, 2058, -26806, -16855]
[R Sat Oct  7 01:04:19 2023] [1, 2, -14, -70, -140, 9282, -28406, 36362, -16855]
[R Sat Oct  7 01:04:19 2023] [1, 2, -14, -70, -140, 7938, 4186, -20422, -16855]
[R Sat Oct  7 01:05:19 2023] [1, 2, -14, -350, -1120, -70, -19670, 32330, -15595]
[R Sat Oct  7 01:05:23 2023] [1, 2, 0, 0, 0, -4732, 12376, 1640, -16810]
[R Sat Oct  7 01:08:41 2023] [1, 2, 70, 294, 840, 8806, 13482, 25850, -14191]
[R Sat Oct  7 01:10:28 2023] [1, 2, -14, 210, 840, 2114, -18942, 31554, -15775]
[R Sat Oct  7 01:13:57 2023] [1, 2, -14, -70, -140, -154, -98, 6606, -15775]
[R Sat Oct  7 01:15:17 2023] [1, 2, -14, -350, -1120, -574, -18158, 30386, -14695]
[R Sat Oct  7 01:15:37 2023] [1, 2, -42, 154, -280, -714, -6678, -15602, -13291]
[R Sat Oct  7 01:19:31 2023] [1, 2, -14, -70, -420, -1274, -1778, -5394, -15415]
[R Sat Oct  7 01:21:57 2023] [1, 2, -42, -126, 420, 3794, 7238, 322, -12859]
[R Sat Oct  7 01:23:24 2023] [1, 2, -14, -70, 280, 1526, 2422, -15714, -15055]
[R Sat Oct  7 01:25:35 2023] [1, 2, -14, -350, -1120, -1078, -16646, 28442, -13795]
[R Sat Oct  7 01:27:04 2023] [1, 2, -14, -70, -140, 12194, -33222, 37274, -14695]
[R Sat Oct  7 01:33:54 2023] [1, 2, -14, -70, -140, 7770, -23870, 30530, -14155]
[R Sat Oct  7 01:36:25 2023] [1, 2, -14, 210, 840, 1106, -15918, 27666, -13975]
[R Sat Oct  7 01:36:59 2023] [1, 2, -14, -350, -1120, -1582, -15134, 26498, -12895]
[R Sat Oct  7 01:39:04 2023] [1, 2, -42, 154, -280, -24150, -62650, 54770, -11455]
[R Sat Oct  7 01:42:26 2023] [1, 2, 28, 364, 560, -196, -3052, 18792, -11374]
[R Sat Oct  7 01:42:36 2023] [1, 2, -42, 154, 0, -826, 1498, 1902, -11239]
[R Sat Oct  7 01:43:44 2023] [1, 2, -14, -70, -560, -1834, -2618, -20034, -13615]
[R Sat Oct  7 01:47:59 2023] [1, 2, -42, 154, -280, -17206, -66682, -45518, -10879]
[R Sat Oct  7 01:50:24 2023] [1, 2, -14, -350, -1120, -2086, -13622, 24554, -11995]
[R Sat Oct  7 01:53:29 2023] [1, 2, 0, 280, 140, -17332, -50344, -44360, -12490]
[R Sat Oct  7 01:53:46 2023] [1, 2, -42, 154, -420, 854, -1022, -258, -10519]
[R Sat Oct  7 01:54:19 2023] [1, 2, 0, 280, 140, -18340, -52360, -45800, -12850]
[R Sat Oct  7 01:54:46 2023] [1, 2, -14, 210, 840, 98, -12894, 23778, -12175]
[R Sat Oct  7 01:56:22 2023] [1, 2, 0, 280, 140, -16828, -49336, -43640, -12310]
[R Sat Oct  7 01:58:34 2023] [1, 2, 0, -280, -140, -17332, -50344, -44360, -12490]
[R Sat Oct  7 01:58:49 2023] [1, 2, 0, 280, 140, -16324, -48328, -42920, -12130]
[R Sat Oct  7 02:01:52 2023] [1, 2, 0, -280, -140, -16828, -49336, -43640, -12310]
[R Sat Oct  7 02:01:58 2023] [1, 2, -42, 154, -840, 2534, -3542, 22062, -9979]
[R Sat Oct  7 02:03:54 2023] [1, 2, -14, -70, -140, 6762, -20846, 26642, -12355]
[R Sat Oct  7 02:03:54 2023] [1, 2, -14, -70, -140, 854, -5922, 13454, -12355]
[R Sat Oct  7 02:04:18 2023] [1, 2, -14, -70, -420, -1274, -1778, -6834, -11995]
[R Sat Oct  7 02:07:25 2023] [1, 2, 0, 280, 140, -14812, -45304, -40760, -11590]
[R Sat Oct  7 02:07:42 2023] [1, 2, -14, -350, -1120, -2590, -12110, 22610, -11095]
[R Sat Oct  7 02:09:42 2023] [1, 2, -14, -70, 280, 1526, 2422, -17154, -11635]
[R Sat Oct  7 02:10:53 2023] [1, 2, -14, 210, 840, -406, -11382, 21834, -11275]
[R Sat Oct  7 02:11:54 2023] [1, 2, -42, 154, -280, -19614, -51058, 44618, -9331]
[R Sat Oct  7 02:12:52 2023] [1, 2, 0, -280, -140, -14812, -45304, -40760, -11590]
[R Sat Oct  7 02:13:28 2023] [1, 2, 0, 280, 140, -13804, -43288, -39320, -11230]
[R Sat Oct  7 02:14:07 2023] [1, 2, 0, -280, -140, -15820, -47320, -42200, -11950]
[R Sat Oct  7 02:14:39 2023] [1, 2, -42, 154, -280, 294, -182, -1938, -9259]
[R Sat Oct  7 02:15:25 2023] [1, 2, 0, 280, 140, -14308, -44296, -40040, -11410]
[R Sat Oct  7 02:17:13 2023] [1, 2, 56, -168, 1120, -1176, 1288, 4544, -9322]
[R Sat Oct  7 02:18:04 2023] [1, 2, -70, -210, 280, -1890, -7910, -21390, -10195]
[R Sat Oct  7 02:19:16 2023] [1, 2, 0, -280, -140, -13804, -43288, -39320, -11230]
[R Sat Oct  7 02:20:59 2023] [1, 2, 0, -280, -140, -14308, -44296, -40040, -11410]
[R Sat Oct  7 02:21:41 2023] [1, 2, -42, 154, -280, -13258, -51926, -36274, -8827]
[R Sat Oct  7 02:23:21 2023] [1, 2, -14, -70, 0, 406, 742, 2526, -10915]
[R Sat Oct  7 02:23:29 2023] [1, 2, 0, 280, 140, -13300, -42280, -38600, -11050]
[R Sat Oct  7 02:26:21 2023] [1, 2, 0, 280, 140, -12292, -40264, -37160, -10690]
[R Sat Oct  7 02:26:33 2023] [1, 2, 0, -280, -140, -12796, -41272, -37880, -10870]
[R Sat Oct  7 02:30:23 2023] [1, 2, -14, -70, -140, 5754, -17822, 22754, -10555]
[R Sat Oct  7 02:31:19 2023] [1, 2, 0, -280, -140, -12292, -40264, -37160, -10690]
[R Sat Oct  7 02:31:31 2023] [1, 2, -42, 154, -980, 3094, -4382, 35262, -8359]
[R Sat Oct  7 02:31:43 2023] [1, 2, -14, -70, 420, 2086, 3262, -35634, -10375]
[R Sat Oct  7 02:37:55 2023] [1, 2, 0, -280, -140, -11284, -38248, -35720, -10330]
[R Sat Oct  7 02:38:42 2023] [1, 2, 0, 280, 140, -11788, -39256, -36440, -10510]
[R Sat Oct  7 02:41:14 2023] [1, 2, -14, -350, -1120, -3598, -9086, 18722, -9295]
[R Sat Oct  7 02:41:28 2023] [1, 2, 0, 0, 0, -5488, 8624, 4960, -9610]
[R Sat Oct  7 02:42:10 2023] [1, 2, 56, -168, 140, -1176, 1288, 5664, -8062]
[R Sat Oct  7 02:43:01 2023] [1, 2, -42, 154, 140, -1386, 2338, 8862, -7819]
[R Sat Oct  7 02:45:03 2023] [1, 2, 0, 280, 140, -9772, -35224, -33560, -9790]
[R Sat Oct  7 02:46:56 2023] [1, 2, -14, -70, -140, 5250, -16310, 20810, -9655]
[R Sat Oct  7 02:47:32 2023] [1, 2, -14, -70, -560, -1834, -2618, -21474, -10195]
[R Sat Oct  7 02:49:58 2023] [1, 2, 0, 280, 140, -10780, -37240, -35000, -10150]
[R Sat Oct  7 02:50:44 2023] [1, 2, 0, 280, 140, -8764, -33208, -32120, -9430]
[R Sat Oct  7 02:51:55 2023] [1, 2, 0, -280, -140, -9772, -35224, -33560, -9790]
[R Sat Oct  7 02:55:33 2023] [1, 2, 0, -280, -140, -8764, -33208, -32120, -9430]
[R Sat Oct  7 02:58:01 2023] [1, 2, 0, -280, -140, -10780, -37240, -35000, -10150]
[R Sat Oct  7 02:58:23 2023] [1, 2, 0, 280, 140, -7756, -31192, -30680, -9070]
[R Sat Oct  7 02:59:51 2023] [1, 2, -14, -70, -420, -2394, -7798, -13234, -9115]
[R Sat Oct  7 03:00:22 2023] [1, 2, -14, -350, -1120, -4102, -7574, 16778, -8395]
[R Sat Oct  7 03:00:48 2023] [1, 2, -42, 154, -280, -23254, -83818, -37022, -6991]
[R Sat Oct  7 03:04:33 2023] [1, 2, 0, -280, -140, -7756, -31192, -30680, -9070]
[R Sat Oct  7 03:05:06 2023] [1, 2, -42, -266, -1120, -378, 3094, 5106, -6847]
[R Sat Oct  7 03:11:16 2023] [1, 2, -42, 154, -280, -3850, -8470, 17230, -6595]
[R Sat Oct  7 03:13:37 2023] [1, 2, -42, 154, 560, -3066, 4858, 44142, -6559]
[R Sat Oct  7 03:16:20 2023] [1, 2, 0, -280, -140, -6748, -29176, -29240, -8710]
[R Sat Oct  7 03:16:50 2023] [1, 2, -14, -70, -140, 20902, -10626, -27858, -8935]
[R Sat Oct  7 03:16:50 2023] [1, 2, -14, -70, -140, -154, -98, 3726, -8935]
[R Sat Oct  7 03:17:35 2023] [1, 2, 0, 0, 0, -17836, -35672, -25480, -6370]
[R Sat Oct  7 03:19:41 2023] [1, 2, 0, -280, -140, -6244, -28168, -28520, -8530]
[R Sat Oct  7 03:22:22 2023] [1, 2, -14, -70, 280, 1526, 2422, -18594, -8215]
[R Sat Oct  7 03:23:11 2023] [1, 2, -14, -350, -1120, -4606, -6062, 14834, -7495]
[R Sat Oct  7 03:24:10 2023] [1, 2, -42, 154, -280, -714, -1078, 7598, -6091]
[R Sat Oct  7 03:26:18 2023] [1, 2, 0, 280, 140, -5740, -27160, -27800, -8350]
[R Sat Oct  7 03:28:48 2023] [1, 2, 0, -280, -140, -5236, -26152, -27080, -8170]
[R Sat Oct  7 03:33:34 2023] [1, 2, 0, 280, 140, -4228, -24136, -25640, -7810]
[R Sat Oct  7 03:33:57 2023] [1, 2, 0, 0, 560, -3584, 5152, -22960, -7630]
[R Sat Oct  7 03:35:08 2023] [1, 2, -14, 210, 840, -2422, -5334, 14058, -7675]
[R Sat Oct  7 03:35:50 2023] [1, 2, 0, -280, -140, -5740, -27160, -27800, -8350]
[R Sat Oct  7 03:38:51 2023] [1, 2, 0, 280, 140, -4732, -25144, -26360, -7990]
[R Sat Oct  7 03:39:52 2023] [1, 2, 0, 0, 0, -20356, -40712, -29080, -7270]
[R Sat Oct  7 03:42:29 2023] [1, 2, 0, -280, -140, -4228, -24136, -25640, -7810]
[R Sat Oct  7 03:42:34 2023] [1, 2, -14, -70, 0, 406, 742, 1086, -7495]
[R Sat Oct  7 03:42:58 2023] [1, 2, 0, 280, 140, -3724, -23128, -24920, -7630]
[R Sat Oct  7 03:44:39 2023] [1, 2, 0, 0, 0, -19852, -39704, -28360, -7090]
[R Sat Oct  7 03:50:03 2023] [1, 2, -14, -350, -1120, -5110, -4550, 12890, -6595]
[R Sat Oct  7 03:50:07 2023] [1, 2, 0, 0, 0, -19348, -38696, -27640, -6910]
[R Sat Oct  7 03:51:39 2023] [1, 2, 0, 280, 140, -3220, -22120, -24200, -7450]
[R Sat Oct  7 03:53:09 2023] [1, 2, 0, 280, 140, -2212, -20104, -22760, -7090]
[R Sat Oct  7 03:57:29 2023] [1, 2, 0, -280, -140, -2716, -21112, -23480, -7270]
[R Sat Oct  7 03:59:08 2023] [1, 2, 0, 280, 140, -1708, -19096, -22040, -6910]
[R Sat Oct  7 03:59:58 2023] [1, 2, 0, -280, -140, -3220, -22120, -24200, -7450]
[R Sat Oct  7 04:00:32 2023] [1, 2, -14, -70, 420, 2086, 3262, -37074, -6955]
[R Sat Oct  7 04:01:55 2023] [1, 2, -14, -70, -560, -1834, -2618, -22914, -6775]
[R Sat Oct  7 04:03:33 2023] [1, 2, 0, -280, -140, -2212, -20104, -22760, -7090]
[R Sat Oct  7 04:07:07 2023] [1, 2, 0, 0, 0, 1092, -3556, 6400, -6730]
[R Sat Oct  7 04:08:31 2023] [1, 2, 0, -280, -140, -1708, -19096, -22040, -6910]
[R Sat Oct  7 04:09:34 2023] [1, 2, -42, 154, -280, -27930, -95830, -25810, -4615]
[R Sat Oct  7 04:11:43 2023] [1, 2, 0, 0, 0, -17332, -34664, -24760, -6190]
[R Sat Oct  7 04:12:01 2023] [1, 2, 56, -168, 980, -1176, 1288, 1824, -4822]
[R Sat Oct  7 04:18:05 2023] [1, 2, 0, 0, 0, -16828, -33656, -24040, -6010]
[R Sat Oct  7 04:19:57 2023] [1, 2, 0, 280, 140, -1204, -18088, -21320, -6730]
[R Sat Oct  7 04:20:29 2023] [1, 2, 0, 280, 140, 308, -15064, -19160, -6190]
[R Sat Oct  7 04:20:31 2023] [1, 2, -14, -350, -1120, -5614, -3038, 10946, -5695]
[R Sat Oct  7 04:20:56 2023] [1, 2, 0, 280, 140, -700, -17080, -20600, -6550]
[R Sat Oct  7 04:25:52 2023] [1, 2, -42, 154, -700, 1974, -2702, 13182, -4219]
[R Sat Oct  7 04:27:11 2023] [1, 2, 0, 280, 140, 812, -14056, -18440, -6010]
[R Sat Oct  7 04:31:48 2023] [1, 2, -14, -70, -140, 21798, -42434, 27278, -5875]
[R Sat Oct  7 04:32:22 2023] [1, 2, -14, -70, -1120, -5530, -8330, -7110, -6415]
[R Sat Oct  7 04:33:19 2023] [1, 2, 0, -280, -140, -700, -17080, -20600, -6550]
[R Sat Oct  7 04:33:30 2023] [1, 2, -42, 154, -280, -14518, -52346, -21454, -3967]
[R Sat Oct  7 04:37:35 2023] [1, 2, 0, -280, -140, 812, -14056, -18440, -6010]
[R Sat Oct  7 04:38:27 2023] [1, 2, -14, -70, -140, 3234, -10262, 13034, -6055]
[R Sat Oct  7 04:39:53 2023] [1, 2, -42, 154, -420, 854, -1022, 1182, -3859]
[R Sat Oct  7 04:40:46 2023] [1, 2, 0, 280, 140, 1316, -13048, -17720, -5830]
[R Sat Oct  7 04:45:11 2023] [1, 2, 0, 0, 280, 252, -2716, -7720, -5290]
[R Sat Oct  7 04:46:25 2023] [1, 2, 56, -168, 280, -1176, 1288, 2624, -3922]
[R Sat Oct  7 04:46:59 2023] [1, 2, -42, 154, 280, -1946, 3178, 18702, -3679]
[R Sat Oct  7 04:47:58 2023] [1, 2, 56, 252, 1540, 4228, 13776, 208, -3994]
[R Sat Oct  7 04:48:41 2023] [1, 2, -14, -70, -140, 12838, -6594, -17202, -5515]
[R Sat Oct  7 04:48:41 2023] [1, 2, -14, -70, -140, -154, -98, 2286, -5515]
[R Sat Oct  7 04:50:49 2023] [1, 2, -14, 210, 840, -3934, -798, 8226, -4975]
[R Sat Oct  7 04:51:39 2023] [1, 2, 0, -280, -140, 1316, -13048, -17720, -5830]
[R Sat Oct  7 04:53:35 2023] [1, 2, 0, 0, 0, -15316, -30632, -21880, -5470]
[R Sat Oct  7 04:56:14 2023] [1, 2, 0, 280, 140, 2828, -10024, -15560, -5290]
[R Sat Oct  7 04:56:50 2023] [1, 2, 0, 280, 140, 1820, -12040, -17000, -5650]
[R Sat Oct  7 04:57:27 2023] [1, 2, -42, 154, -280, -1834, -4438, 8878, -3391]
[R Sat Oct  7 05:04:34 2023] [1, 2, -42, 154, -280, -35994, -116438, -6642, -3211]
[R Sat Oct  7 05:06:49 2023] [1, 2, 0, -280, -140, 2828, -10024, -15560, -5290]
[R Sat Oct  7 05:09:59 2023] [1, 2, 0, 280, 140, 3836, -8008, -14120, -4930]
[R Sat Oct  7 05:13:14 2023] [1, 2, 0, 280, 140, 3332, -9016, -14840, -5110]
[R Sat Oct  7 05:13:33 2023] [1, 2, 0, 0, 0, -12796, -25592, -18280, -4570]
[R Sat Oct  7 05:15:33 2023] [1, 2, -14, 210, -560, 2086, -15778, 4086, -4435]
[R Sat Oct  7 05:18:30 2023] [1, 2, -42, 154, -280, -6006, -16282, 14162, -2959]
[R Sat Oct  7 05:18:50 2023] [1, 2, 0, 0, 0, -13300, -26600, -19000, -4750]
[R Sat Oct  7 05:19:57 2023] [1, 2, 0, -280, -140, 3836, -8008, -14120, -4930]
[R Sat Oct  7 05:20:01 2023] [1, 2, -14, -70, -140, 2730, -8750, 11090, -5155]
[R Sat Oct  7 05:20:01 2023] [1, 2, -14, -70, -420, -1274, -1778, -9714, -5155]
[R Sat Oct  7 05:21:36 2023] [1, 2, 0, 0, 0, -12292, -24584, -17560, -4390]
[R Sat Oct  7 05:23:59 2023] [1, 2, 0, 280, 140, 4844, -5992, -12680, -4570]
[R Sat Oct  7 05:25:58 2023] [1, 2, -42, 154, -280, -10906, -39382, -15218, -2779]
[R Sat Oct  7 05:26:05 2023] [1, 2, 0, -280, -140, 3332, -9016, -14840, -5110]
[R Sat Oct  7 05:26:45 2023] [1, 2, -14, -70, 280, 1526, 2422, -20034, -4795]
[R Sat Oct  7 05:26:59 2023] [1, 2, -42, -266, 140, -546, -1722, 1162, -2779]
[R Sat Oct  7 05:34:26 2023] [1, 2, 56, 392, -420, -7952, -11424, -16752, -2914]
[R Sat Oct  7 05:37:05 2023] [1, 2, 0, -280, -140, 4844, -5992, -12680, -4570]
[R Sat Oct  7 05:44:58 2023] [1, 2, -14, -70, 0, 406, 742, -354, -4075]
[R Sat Oct  7 05:45:02 2023] [1, 2, 0, 0, 0, -11788, -23576, -16840, -4210]
[R Sat Oct  7 05:55:03 2023] [1, 2, -14, 210, 1120, 10402, -20286, -18478, -3895]
[R Sat Oct  7 05:58:45 2023] [1, 2, 0, 280, 140, 5852, -3976, -11240, -4210]
[R Sat Oct  7 05:59:34 2023] [1, 2, -70, -70, 2520, 994, -7042, -4930, -3175]
[R Sat Oct  7 06:01:58 2023] [1, 2, -42, 154, -280, -24906, -78582, 4462, -2059]
[R Sat Oct  7 06:04:43 2023] [1, 2, -42, 154, -280, -12054, -35658, 13378, -1951]
[R Sat Oct  7 06:11:00 2023] [1, 2, -14, 210, 840, -4942, 2226, 4338, -3175]
[R Sat Oct  7 06:11:38 2023] [1, 2, -14, -238, -1820, -3010, -11970, -7330, -2095]
[R Sat Oct  7 06:13:18 2023] [1, 2, 0, 0, 0, -9268, -18536, -13240, -3310]
[R Sat Oct  7 06:15:14 2023] [1, 2, -14, -350, -1120, -7126, 1498, 5114, -2995]
[R Sat Oct  7 06:16:12 2023] [1, 2, 0, 280, 140, 7868, 56, -8360, -3490]
[R Sat Oct  7 06:18:24 2023] [1, 2, 0, -280, -140, 5852, -3976, -11240, -4210]
[R Sat Oct  7 06:19:34 2023] [1, 2, -14, -70, 140, 1582, 3794, 1822, -3895]
[R Sat Oct  7 06:21:28 2023] [1, 2, 0, -280, -140, 7364, -952, -9080, -3670]
[R Sat Oct  7 06:22:24 2023] [1, 2, -42, 154, -980, 3094, -4382, 36702, -1699]
[R Sat Oct  7 06:24:07 2023] [1, 2, -14, 210, 1120, 5866, -16758, -14374, -2995]
[R Sat Oct  7 06:24:21 2023] [1, 2, 0, 280, 140, 8372, 1064, -7640, -3310]
[R Sat Oct  7 06:29:04 2023] [1, 2, 0, -280, -140, 7868, 56, -8360, -3490]
[R Sat Oct  7 06:29:16 2023] [1, 2, -14, -70, 420, 2086, 3262, -38514, -3535]
[R Sat Oct  7 06:31:06 2023] [1, 2, 0, 280, 140, 6860, -1960, -9800, -3850]
[R Sat Oct  7 06:32:24 2023] [1, 2, 56, -168, 840, -1176, 1288, 64, -1762]
[R Sat Oct  7 06:32:53 2023] [1, 2, -14, -70, -140, 1722, -5726, 7202, -3355]
[R Sat Oct  7 06:32:53 2023] [1, 2, -14, -70, -560, -1834, -2618, -24354, -3355]
[R Sat Oct  7 06:40:06 2023] [1, 2, 0, -280, -140, 8372, 1064, -7640, -3310]
[R Sat Oct  7 06:42:57 2023] [1, 2, 28, 224, 980, 3584, 10108, 11072, -1474]
[R Sat Oct  7 06:47:48 2023] [1, 2, -14, -70, -140, 2646, -98, -5554, -2995]
[R Sat Oct  7 06:47:48 2023] [1, 2, -14, -70, -140, 854, 798, -2866, -2995]
[R Sat Oct  7 06:53:02 2023] [1, 2, 0, -280, -140, 6860, -1960, -9800, -3850]
[R Sat Oct  7 06:54:29 2023] [1, 2, -42, 154, 140, -1386, 2338, 10302, -1159]
[R Sat Oct  7 06:55:19 2023] [1, 2, -42, -126, 700, 2954, 2478, -758, -1159]
[R Sat Oct  7 06:57:41 2023] [1, 2, -42, 154, -280, -154, -2198, -2482, -1051]
[R Sat Oct  7 07:09:30 2023] [1, 2, -14, -350, -1120, -7630, 3010, 3170, -2095]
[R Sat Oct  7 07:09:41 2023] [1, 2, -70, -266, 140, 2758, -1974, -1650, -1123]
[R Sat Oct  7 07:09:41 2023] [1, 2, 0, -280, -140, 9884, 4088, -5480, -2770]
[R Sat Oct  7 07:11:59 2023] [1, 2, 0, 0, 0, -308, -1596, -3260, -2950]
[R Sat Oct  7 07:14:53 2023] [1, 2, 0, 280, 140, 10892, 6104, -4040, -2410]
[R Sat Oct  7 07:15:25 2023] [1, 2, 0, 280, 140, 10388, 5096, -4760, -2590]
[R Sat Oct  7 07:16:46 2023] [1, 2, -14, 210, 1120, 1330, -13230, -10270, -2095]
[R Sat Oct  7 07:18:01 2023] [1, 2, -14, -70, -140, 28070, -45570, 16430, -2455]
[R Sat Oct  7 07:18:01 2023] [1, 2, -14, -70, -140, 12194, -9702, -11206, -2455]
[R Sat Oct  7 07:20:32 2023] [1, 2, -14, -98, 420, -378, -266, 1222, -1231]
[R Sat Oct  7 07:21:35 2023] [1, 2, 0, -420, -2940, -8008, -10556, -6760, -1690]
[R Sat Oct  7 07:25:23 2023] [1, 2, 0, 280, 140, 11396, 7112, -3320, -2230]
[R Sat Oct  7 07:30:35 2023] [1, 2, 0, 280, 140, 9380, 3080, -6200, -2950]
[R Sat Oct  7 07:31:24 2023] [1, 2, 0, -280, -140, 10892, 6104, -4040, -2410]
[R Sat Oct  7 07:33:27 2023] [1, 2, 0, -280, -140, 10388, 5096, -4760, -2590]
[R Sat Oct  7 07:38:12 2023] [1, 2, -42, 154, -280, 266, -378, -462, -511]
[R Sat Oct  7 07:38:12 2023] [1, 2, -42, 154, -280, -3094, -11578, -2702, -511]
[R Sat Oct  7 07:41:23 2023] [1, 2, 56, 0, 140, -700, -7840, -2200, -2230]
[R Sat Oct  7 07:42:17 2023] [1, 2, -14, -70, -140, -154, -98, 846, -2095]
[R Sat Oct  7 07:45:31 2023] [1, 2, 0, 0, 0, -5236, -10472, -7480, -1870]
[R Sat Oct  7 07:57:01 2023] [1, 2, 0, 280, 140, 11900, 8120, -2600, -2050]
[R Sat Oct  7 08:05:39 2023] [1, 2, -42, 154, -280, 182, -406, 526, -187]
[R Sat Oct  7 08:08:11 2023] [1, 2, -14, -70, -140, 26754, -28742, -11686, -1735]
[R Sat Oct  7 08:08:11 2023] [1, 2, -14, -70, -140, 12194, -21462, 10154, -1735]
[R Sat Oct  7 08:08:11 2023] [1, 2, -14, -70, -420, -1274, -1778, -11154, -1735]
[R Sat Oct  7 08:13:15 2023] [1, 2, -14, -350, -1120, -8134, 4522, 1226, -1195]
[R Sat Oct  7 08:14:42 2023] [1, 2, 0, -280, -140, 12404, 9128, -1880, -1870]
[R Sat Oct  7 08:17:15 2023] [1, 2, -70, -70, -840, 3990, -4410, -4690, -1015]
[R Sat Oct  7 08:17:45 2023] [1, 2, 0, -280, -140, 11900, 8120, -2600, -2050]
[R Sat Oct  7 08:19:06 2023] [1, 2, 0, 0, 0, -4732, -9464, -6760, -1690]
[R Sat Oct  7 08:19:06 2023] [1, 2, 0, 0, 0, -5488, 784, 4160, -1690]
[R Sat Oct  7 08:29:37 2023] [1, 2, -14, 210, 840, -5950, 5250, 450, -1375]
[R Sat Oct  7 08:29:44 2023] [1, 2, 0, 280, 140, 12908, 10136, -1160, -1690]
[R Sat Oct  7 08:29:44 2023] [1, 2, 0, 280, -1680, 3752, -2716, -4940, -1690]
[R Sat Oct  7 08:33:32 2023] [1, 2, 0, -280, -140, 13412, 11144, -440, -1510]
[R Sat Oct  7 08:37:31 2023] [1, 2, 28, -56, 0, 112, -56, -44, 38]
[R Sat Oct  7 08:41:13 2023] [1, 2, -42, 154, 560, -3066, 4858, 45582, 101]
[R Sat Oct  7 08:45:08 2023] [1, 2, -14, 182, -840, 1498, -434, -162, -79]
[R Sat Oct  7 08:46:58 2023] [1, 2, 0, 280, 140, 13916, 12152, 280, -1330]
[R Sat Oct  7 08:50:20 2023] [1, 2, -14, -70, -980, 5054, -3682, -5186, -1195]
[R Sat Oct  7 08:56:13 2023] [1, 2, 0, 0, 0, -2716, -5432, -3880, -970]
[R Sat Oct  7 09:03:42 2023] [1, 2, -14, -70, 280, 1526, 2422, -21474, -1375]
[R Sat Oct  7 09:08:10 2023] [1, 2, 0, -280, -140, 13916, 12152, 280, -1330]
[R Sat Oct  7 09:09:04 2023] [1, 2, 0, 280, 140, 14420, 13160, 1000, -1150]
[R Sat Oct  7 09:14:12 2023] [1, 2, 0, 0, 0, -2212, -4424, -3160, -790]
[R Sat Oct  7 09:21:19 2023] [1, 2, -14, -70, -140, 30338, -42294, 4298, -1015]
[R Sat Oct  7 09:23:03 2023] [1, 2, -14, -70, -140, 5334, -4802, -4306, -835]
[R Sat Oct  7 09:24:11 2023] [1, 2, 0, 84, -420, 1904, -9352, 13680, 326]
[R Sat Oct  7 09:25:25 2023] [1, 2, -70, -70, 700, 910, 490, 10, -295]
[R Sat Oct  7 09:29:34 2023] [1, 2, -14, 210, 840, -6454, 6762, -1494, -475]
[R Sat Oct  7 09:30:30 2023] [1, 2, 28, 504, -560, -3192, 1596, 15124, 722]
[R Sat Oct  7 09:34:33 2023] [1, 2, 0, -280, -140, 14420, 13160, 1000, -1150]
[R Sat Oct  7 09:37:02 2023] [1, 2, 0, 0, 0, -1708, -3416, -2440, -610]
[R Sat Oct  7 09:37:35 2023] [1, 2, -14, -98, 280, 2478, 3626, 1998, 461]
[R Sat Oct  7 09:40:03 2023] [1, 2, 0, 280, 140, 15932, 16184, 3160, -610]
[R Sat Oct  7 09:42:03 2023] [1, 2, -42, 154, -280, 11382, 34314, -1874, 893]
[R Sat Oct  7 09:44:41 2023] [1, 2, -14, -70, -140, 3122, -2646, -2998, -655]
[R Sat Oct  7 09:51:10 2023] [1, 2, -14, -350, -1120, -8638, 6034, -718, -295]
[R Sat Oct  7 10:00:05 2023] [1, 2, -14, -70, -140, -266, -42, -66, -475]
[R Sat Oct  7 10:02:30 2023] [1, 2, 0, -280, -140, 15932, 16184, 3160, -610]
[R Sat Oct  7 10:06:38 2023] [1, 2, -42, 154, 420, -2506, 4018, 31422, 1181]
[R Sat Oct  7 10:11:00 2023] [1, 2, -42, 154, -280, 3066, 6902, -6142, 1289]
[R Sat Oct  7 10:34:56 2023] [1, 2, -14, 182, -140, 686, -3738, 3026, 1397]
[R Sat Oct  7 10:37:13 2023] [1, 2, 0, 280, 140, 16436, 17192, 3880, -430]
[R Sat Oct  7 10:40:41 2023] [1, 2, 56, -280, 1260, -3416, -2072, 224, -70]
[R Sat Oct  7 10:52:58 2023] [1, 2, -42, 294, -1680, 2254, 7798, -978, 1901]
[R Sat Oct  7 10:58:24 2023] [1, 2, 0, 0, 0, -700, -1400, -1000, -250]
[R Sat Oct  7 10:58:24 2023] [1, 2, 0, 0, 0, -13552, -8624, 3200, -250]
[R Sat Oct  7 10:58:24 2023] [1, 2, 0, 0, 0, -26908, -19096, 4600, -250]
[R Sat Oct  7 11:07:07 2023] [1, 2, -42, 154, 0, -826, 1498, 4782, 2081]
[R Sat Oct  7 11:15:28 2023] [1, 2, -14, 210, 1120, -12278, -2646, 2042, 605]
[R Sat Oct  7 11:22:00 2023] [1, 2, 0, 0, 0, 812, 1624, 1160, 290]
[R Sat Oct  7 11:26:59 2023] [1, 2, 70, 154, 700, 42, -3346, 450, 2153]
[R Sat Oct  7 11:30:01 2023] [1, 2, 0, 0, 0, -10976, 5488, -3920, 2450]
[R Sat Oct  7 11:31:20 2023] [1, 2, -42, 154, -700, 1974, -2702, 14622, 2441]
[R Sat Oct  7 11:36:12 2023] [1, 2, -14, 210, 840, -7462, 9786, -5382, 1325]
[R Sat Oct  7 11:38:36 2023] [1, 2, 0, 280, 140, 17444, 19208, 5320, -70]
[R Sat Oct  7 11:39:38 2023] [1, 2, 56, 280, -1960, -9380, 13720, -11920, 1010]
[R Sat Oct  7 11:40:45 2023] [1, 2, 0, 0, 0, 30800, 30800, 3520, 110]
[R Sat Oct  7 11:40:45 2023] [1, 2, 0, 0, 0, 308, 616, 440, 110]
[R Sat Oct  7 11:41:03 2023] [1, 2, 0, 140, -1540, 2128, 336, -880, -430]
[R Sat Oct  7 11:41:06 2023] [1, 2, -14, -70, -560, -1834, -2618, -25794, 65]
[R Sat Oct  7 11:44:14 2023] [1, 2, 70, -70, 1960, -1386, 11858, 10890, 605]
[R Sat Oct  7 11:45:30 2023] [1, 2, 0, -280, -140, 18452, 21224, 6760, 290]
[R Sat Oct  7 11:47:19 2023] [1, 2, 0, 280, 140, 20468, 25256, 9640, 1010]
[R Sat Oct  7 11:47:32 2023] [1, 2, 0, -280, -140, 18956, 22232, 7480, 470]
[R Sat Oct  7 11:49:01 2023] [1, 2, -14, -70, -140, -17654, 24402, -3054, 605]
[R Sat Oct  7 11:51:52 2023] [1, 2, 0, 0, 0, -2912, 1456, -1040, 650]
[R Sat Oct  7 11:52:19 2023] [1, 2, -14, -70, 420, 2086, 3262, -39954, -115]
[R Sat Oct  7 11:52:19 2023] [1, 2, -14, -70, -140, 406, 1442, 926, -115]
[R Sat Oct  7 11:53:20 2023] [1, 2, -14, -350, -1120, -9646, 9058, -4606, 1505]
[R Sat Oct  7 11:56:38 2023] [1, 2, 0, 0, 0, 3836, 7672, 5480, 1370]
[R Sat Oct  7 11:57:16 2023] [1, 2, 0, 280, 140, 19460, 23240, 8200, 650]
[R Sat Oct  7 12:01:05 2023] [1, 2, -42, 154, 280, -1946, 3178, 20142, 2981]
[R Sat Oct  7 12:02:10 2023] [1, 2, 0, 280, 140, 21476, 27272, 11080, 1370]
[R Sat Oct  7 12:02:35 2023] [1, 2, -14, 210, 1120, -16814, 882, 6146, 1505]
[R Sat Oct  7 12:06:23 2023] [1, 2, 0, -280, -140, 20468, 25256, 9640, 1010]
[R Sat Oct  7 12:10:54 2023] [1, 2, 0, -280, -140, 17444, 19208, 5320, -70]
[R Sat Oct  7 12:13:58 2023] [1, 2, 0, 280, 140, 20972, 26264, 10360, 1190]
[R Sat Oct  7 12:15:07 2023] [1, 2, 0, 0, 0, 4844, 9688, 6920, 1730]
[R Sat Oct  7 12:20:01 2023] [1, 2, -42, 154, -280, 7602, 18494, -16294, 3413]
[R Sat Oct  7 12:22:43 2023] [1, 2, 0, 0, 0, -6944, 3472, -2480, 1550]
[R Sat Oct  7 12:23:44 2023] [1, 2, 0, 0, 0, 5348, 10696, 7640, 1910]
[R Sat Oct  7 12:24:19 2023] [1, 2, 0, -280, -140, 19460, 23240, 8200, 650]
[R Sat Oct  7 12:27:50 2023] [1, 2, -14, -70, -420, -1274, -1778, -12594, 1685]
[R Sat Oct  7 12:30:25 2023] [1, 2, -14, -70, -140, -798, 1834, -2518, 1145]
[R Sat Oct  7 12:30:25 2023] [1, 2, -14, -70, -140, -5950, 4410, 5210, 1145]
[R Sat Oct  7 12:30:25 2023] [1, 2, -14, -70, -140, -9226, 15358, -7026, 1145]
[R Sat Oct  7 12:30:25 2023] [1, 2, -14, -70, -140, -28826, 41118, -7026, 1145]
[R Sat Oct  7 12:32:12 2023] [1, 2, 0, 280, 140, 21980, 28280, 11800, 1550]
[R Sat Oct  7 12:32:21 2023] [1, 2, 0, 280, 140, 22988, 30296, 13240, 1910]
[R Sat Oct  7 12:32:29 2023] [1, 2, 28, -56, -280, -2912, -2184, -2476, 3602]
[R Sat Oct  7 12:34:54 2023] [1, 2, 0, -280, -140, 20972, 26264, 10360, 1190]
[R Sat Oct  7 12:41:05 2023] [1, 2, 0, -280, -140, 22484, 29288, 12520, 1730]
[R Sat Oct  7 12:45:58 2023] [1, 2, -14, -70, 280, 1526, 2422, -22914, 2045]
[R Sat Oct  7 12:45:58 2023] [1, 2, -14, -70, -140, -10486, 7938, 9314, 2045]
[R Sat Oct  7 12:49:23 2023] [1, 2, -42, 154, -280, 294, -182, 942, 4061]
[R Sat Oct  7 12:49:30 2023] [1, 2, 0, -280, -140, 22988, 30296, 13240, 1910]
[R Sat Oct  7 12:49:46 2023] [1, 2, -14, -350, -1120, -10150, 10570, -6550, 2405]
[R Sat Oct  7 12:51:24 2023] [1, 2, 0, 280, 140, 23996, 32312, 14680, 2270]
[R Sat Oct  7 12:56:31 2023] [1, 2, 0, -280, -140, 21980, 28280, 11800, 1550]
[R Sat Oct  7 12:57:55 2023] [1, 2, -14, 210, 1120, -21350, 4410, 10250, 2405]
[R Sat Oct  7 12:58:26 2023] [1, 2, 0, 0, 0, 7364, 14728, 10520, 2630]
[R Sat Oct  7 13:00:15 2023] [1, 2, 0, 0, 0, 5852, 11704, 8360, 2090]
[R Sat Oct  7 13:03:33 2023] [1, 2, -70, -210, 840, 3430, 4830, 5610, 3485]
[R Sat Oct  7 13:04:55 2023] [1, 2, -70, 210, 280, -2618, 6174, -7490, 4025]
[R Sat Oct  7 13:07:15 2023] [1, 2, 0, 0, 0, 7868, 15736, 11240, 2810]
[R Sat Oct  7 13:08:26 2023] [1, 2, 0, -280, -140, 23996, 32312, 14680, 2270]
[R Sat Oct  7 13:12:51 2023] [1, 2, 0, 280, 140, 23492, 31304, 13960, 2090]
[R Sat Oct  7 13:17:21 2023] [1, 2, 0, 280, 140, 25508, 35336, 16840, 2810]
[R Sat Oct  7 13:20:45 2023] [1, 2, -14, 210, 1120, -25886, 7938, 14354, 3305]
[R Sat Oct  7 13:24:50 2023] [1, 2, -42, 154, -980, 3094, -4382, 38142, 4961]
[R Sat Oct  7 13:26:34 2023] [1, 2, 0, 280, 140, 26012, 36344, 17560, 2990]
[R Sat Oct  7 13:27:34 2023] [1, 2, -14, -70, -140, 770, 1890, 2130, 2405]
[R Sat Oct  7 13:28:28 2023] [1, 2, -14, -70, -140, -1806, 4858, -6406, 2945]
[R Sat Oct  7 13:32:01 2023] [1, 2, 0, 280, 140, 26516, 37352, 18280, 3170]
[R Sat Oct  7 13:32:20 2023] [1, 2, -42, -126, 420, 4802, 14294, 19186, 5213]
[R Sat Oct  7 13:33:31 2023] [1, 2, -14, -70, 0, 406, 742, -3234, 2765]
[R Sat Oct  7 13:34:01 2023] [1, 2, 0, -280, -140, 25508, 35336, 16840, 2810]
[R Sat Oct  7 13:34:08 2023] [1, 2, -14, 70, -700, 126, 1862, 8206, 2405]
[R Sat Oct  7 13:40:06 2023] [1, 2, 0, 364, 840, -6692, 9156, -6620, 4862]
[R Sat Oct  7 13:40:53 2023] [1, 2, -14, -70, 420, 2086, 3262, -41394, 3305]
[R Sat Oct  7 13:41:02 2023] [1, 2, 0, -280, -140, 26012, 36344, 17560, 2990]
[R Sat Oct  7 13:45:44 2023] [1, 2, 0, 0, 0, 10892, 21784, 15560, 3890]
[R Sat Oct  7 13:46:48 2023] [1, 2, -14, -350, -1120, -11158, 13594, -10438, 4205]
[R Sat Oct  7 13:48:06 2023] [1, 2, -14, -70, -140, -27062, 45906, -21102, 3485]
[R Sat Oct  7 13:48:22 2023] [1, 2, 0, -140, 140, 2100, 280, 2220, 3530]
[R Sat Oct  7 13:51:19 2023] [1, 2, -14, 210, 840, -8974, 14322, -11214, 4025]
[R Sat Oct  7 13:52:31 2023] [1, 2, 0, -196, 840, -2016, 4648, -8860, 5366]
[R Sat Oct  7 14:00:53 2023] [1, 2, 0, 0, 0, -15008, 7504, -5360, 3350]
[R Sat Oct  7 14:04:04 2023] [1, 2, 0, 0, 0, 12404, 24808, 17720, 4430]
[R Sat Oct  7 14:09:33 2023] [1, 2, 0, 0, 0, 11900, 23800, 17000, 4250]
[R Sat Oct  7 14:15:46 2023] [1, 2, -14, -350, -1120, -11662, 15106, -12382, 5105]
[R Sat Oct  7 14:18:16 2023] [1, 2, 0, 280, 140, 27020, 38360, 19000, 3350]
[R Sat Oct  7 14:19:34 2023] [1, 2, 0, -280, -140, 28028, 40376, 20440, 3710]
[R Sat Oct  7 14:21:41 2023] [1, 2, -14, -378, -140, -7854, 38402, 15366, 6617]
[R Sat Oct  7 14:25:50 2023] [1, 2, 0, 0, 0, 12908, 25816, 18440, 4610]
[R Sat Oct  7 14:26:35 2023] [1, 2, -14, -70, -140, -154, -98, -2034, 4745]
[R Sat Oct  7 14:26:35 2023] [1, 2, -14, -70, -140, -11354, 5502, 14766, 4745]
[R Sat Oct  7 14:27:17 2023] [1, 2, -14, 210, 840, -9478, 15834, -13158, 4925]
[R Sat Oct  7 14:35:44 2023] [1, 2, 0, -336, -1260, -5124, -5068, -5440, 6914]
[R Sat Oct  7 14:36:05 2023] [1, 2, -14, -70, -420, -1274, -1778, -14034, 5105]
[R Sat Oct  7 14:53:14 2023] [1, 2, -42, 154, 420, -2506, 4018, 32862, 7841]
[R Sat Oct  7 15:00:42 2023] [1, 2, 0, 0, 0, 16436, 32872, 23480, 5870]
[R Sat Oct  7 15:03:50 2023] [1, 2, 56, 392, 980, -168, -5516, -6648, 7634]
[R Sat Oct  7 15:05:00 2023] [1, 2, -14, 210, 840, -10486, 18858, -17046, 6725]
[R Sat Oct  7 15:05:43 2023] [1, 2, -14, -350, -1120, -12670, 18130, -16270, 6905]
[R Sat Oct  7 15:09:01 2023] [1, 2, -14, -70, -140, -19754, 39102, -27474, 6365]
[R Sat Oct  7 15:15:10 2023] [1, 2, -42, 154, 0, -826, 1498, 6222, 8741]
[R Sat Oct  7 15:15:18 2023] [1, 2, -14, -70, 420, 2086, 3262, -42834, 6725]
[R Sat Oct  7 15:18:55 2023] [1, 2, -14, -70, 0, 406, 742, -4674, 6185]
[R Sat Oct  7 15:20:39 2023] [1, 2, 70, 14, 280, -5278, -29806, -32830, 8813]
[R Sat Oct  7 15:20:45 2023] [1, 2, 70, 154, 4480, -4942, 10766, 41990, 8597]
[R Sat Oct  7 15:23:30 2023] [1, 2, -42, 154, -280, 3066, 13062, 19378, 9209]
[R Sat Oct  7 15:28:55 2023] [1, 2, 0, 0, 0, 19964, 39928, 28520, 7130]
[R Sat Oct  7 15:30:04 2023] [1, 2, -42, 154, -420, 854, -1022, 4062, 9461]
[R Sat Oct  7 15:31:22 2023] [1, 2, -14, -350, -1120, -13174, 19642, -18214, 7805]
[R Sat Oct  7 15:33:10 2023] [1, 2, -42, 154, 280, -1946, 3178, 21582, 9641]
[R Sat Oct  7 15:40:05 2023] [1, 2, -42, 154, -840, 2534, -3542, 26382, 10001]
[R Sat Oct  7 15:40:24 2023] [1, 2, 0, 280, -1400, 10276, -12768, 15120, 7490]
[R Sat Oct  7 15:47:10 2023] [1, 2, -14, -70, -140, -154, -98, -3474, 8165]
[R Sat Oct  7 15:47:39 2023] [1, 2, -14, 210, 840, -11494, 21882, -20934, 8525]
[R Sat Oct  7 15:47:56 2023] [1, 2, -14, -70, -140, -4326, 12418, -16126, 7445]
[R Sat Oct  7 15:51:39 2023] [1, 2, -14, -70, -140, -4830, 13930, -18070, 8345]
[R Sat Oct  7 15:53:35 2023] [1, 2, -70, -490, -420, 25214, 68558, 23770, 10685]
[R Sat Oct  7 15:53:38 2023] [1, 2, -42, 154, -280, 294, -182, 2382, 10721]
[R Sat Oct  7 16:00:50 2023] [1, 2, -14, -70, 280, 1526, 2422, -25794, 8885]
[R Sat Oct  7 16:00:58 2023] [1, 2, -14, -350, -1120, -14182, 22666, -22102, 9605]
[R Sat Oct  7 16:07:46 2023] [1, 2, -42, 154, -980, 3094, -4382, 39582, 11621]
[R Sat Oct  7 16:11:23 2023] [1, 2, -14, -70, 0, 406, 742, -6114, 9605]
[R Sat Oct  7 16:17:59 2023] [1, 2, -14, -350, -1120, -14686, 24178, -24046, 10505]
[R Sat Oct  7 16:19:42 2023] [1, 2, -14, -70, 420, 2086, 3262, -44274, 10145]
[R Sat Oct  7 16:19:55 2023] [1, 2, -14, 210, 840, -12502, 24906, -24822, 10325]
[R Sat Oct  7 16:25:42 2023] [1, 2, -14, -70, -560, -1834, -2618, -30114, 10325]
[R Sat Oct  7 16:28:38 2023] [1, 2, -14, -350, -1120, -15190, 25690, -25990, 11405]
[R Sat Oct  7 16:35:57 2023] [1, 2, -14, 210, 840, -13006, 26418, -26766, 11225]
[R Sat Oct  7 16:39:33 2023] [1, 2, -42, -126, 700, 7490, 24150, 30850, 13925]
[R Sat Oct  7 16:44:13 2023] [1, 2, -14, -70, -140, -9226, -1442, 19374, 11945]
[R Sat Oct  7 16:44:13 2023] [1, 2, -14, -70, -420, -1274, -1778, -16914, 11945]
[R Sat Oct  7 16:47:45 2023] [1, 2, -42, 154, 420, -2506, 4018, 34302, 14501]
[R Sat Oct  7 16:48:49 2023] [1, 2, -14, -70, 280, 1526, 2422, -27234, 12305]
[R Sat Oct  7 16:54:58 2023] [1, 2, -14, -70, 0, 406, 742, -7554, 13025]
[R Sat Oct  7 16:58:10 2023] [1, 2, -42, 154, 0, -826, 1498, 7662, 15401]
[R Sat Oct  7 17:00:27 2023] [1, 2, -14, -70, -140, -7350, 21490, -27790, 12845]
[R Sat Oct  7 17:02:21 2023] [1, 2, -14, -70, 420, 2086, 3262, -45714, 13565]
[R Sat Oct  7 17:02:21 2023] [1, 2, -14, -70, -140, -1526, -3822, 4434, 13565]
[R Sat Oct  7 17:02:22 2023] [1, 2, -42, 154, -700, 1974, -2702, 17502, 15761]
[R Sat Oct  7 17:11:12 2023] [1, 2, -42, 154, -840, 2534, -3542, 27822, 16661]
[R Sat Oct  7 17:11:52 2023] [1, 2, -14, -70, -140, -7854, 23002, -29734, 13745]
[R Sat Oct  7 17:11:52 2023] [1, 2, -14, -70, -560, -1834, -2618, -31554, 13745]
[R Sat Oct  7 17:12:38 2023] [1, 2, -14, 210, 840, -15022, 32466, -34542, 14825]
[R Sat Oct  7 17:16:44 2023] [1, 2, 28, 84, -560, 420, -2660, 7800, 17210]
[R Sat Oct  7 17:18:07 2023] [1, 2, -42, 154, -280, 294, -182, 3822, 17381]
[R Sat Oct  7 17:21:07 2023] [1, 2, -14, 210, 840, -15526, 33978, -36486, 15725]
[R Sat Oct  7 17:23:01 2023] [1, 2, -14, -70, 280, 1526, 2422, -28674, 15725]
[R Sat Oct  7 17:24:23 2023] [1, 2, -14, -70, -140, -154, -98, -6354, 15005]
[R Sat Oct  7 17:25:00 2023] [1, 2, -14, -70, -420, -1274, -1778, -18354, 15365]
[R Sat Oct  7 17:30:23 2023] [1, 2, -42, 154, 140, -1386, 2338, 14622, 18821]
[R Sat Oct  7 17:31:50 2023] [1, 2, -14, -70, 0, 406, 742, -8994, 16445]
[R Sat Oct  7 17:34:35 2023] [1, 2, -14, -70, 420, 2086, 3262, -47154, 16985]
[R Sat Oct  7 17:36:03 2023] [1, 2, -14, -70, -560, -1834, -2618, -32994, 17165]
[R Sat Oct  7 17:37:33 2023] [1, 2, -14, -70, -140, -9870, 29050, -37510, 17345]
[R Sat Oct  7 17:41:42 2023] [1, 2, -14, 210, 840, -16534, 37002, -40374, 17525]
[R Sat Oct  7 17:42:22 2023] [1, 2, -42, -266, 700, 10430, 39550, 57470, 20405]
[R Sat Oct  7 17:46:04 2023] [1, 2, -14, -70, -140, -154, -98, -7794, 18425]
[R Sat Oct  7 17:50:09 2023] [1, 2, -14, 210, 840, -17542, 40026, -44262, 19325]
[R Sat Oct  7 17:52:52 2023] [1, 2, -14, -70, -420, -1274, -1778, -19794, 18785]
[R Sat Oct  7 17:53:11 2023] [1, 2, -14, -70, 280, 1526, 2422, -30114, 19145]
[R Sat Oct  7 17:53:11 2023] [1, 2, -14, -70, -140, -10878, 32074, -41398, 19145]
[R Sat Oct  7 17:53:50 2023] [1, 2, -42, 154, 0, -826, 1498, 9102, 22061]
[R Sat Oct  7 17:55:07 2023] [1, 2, -14, -70, 0, 406, 742, -10434, 19865]
[R Sat Oct  7 17:58:15 2023] [1, 2, -42, 154, -420, 854, -1022, 6942, 22781]
[R Sat Oct  7 17:59:36 2023] [1, 2, -14, -70, -560, -1834, -2618, -34434, 20585]
[R Sat Oct  7 18:00:56 2023] [1, 2, -42, -126, 420, 5810, 21350, 38050, 23285]
[R Sat Oct  7 18:01:57 2023] [1, 2, 56, -168, 0, -4872, -2744, -20312, 23006]
[R Sat Oct  7 18:05:34 2023] [1, 2, -42, 154, -280, 294, -182, 5262, 24041]
[R Sat Oct  7 18:06:00 2023] [1, 2, -70, 14, 1400, -2478, -5446, 12830, 24113]
[R Sat Oct  7 18:07:21 2023] [1, 2, -14, -70, -140, -154, -98, -9234, 21845]
[R Sat Oct  7 18:07:21 2023] [1, 2, -14, -70, -140, -12390, 36610, -47230, 21845]
[R Sat Oct  7 18:13:11 2023] [1, 2, -42, 154, 140, -1386, 2338, 16062, 25481]
[R Sat Oct  7 18:14:23 2023] [1, 2, -14, -70, 280, 1526, 2422, -31554, 22565]
[R Sat Oct  7 18:17:44 2023] [1, 2, -14, -70, -560, -1834, -2618, -35874, 24005]
[R Sat Oct  7 18:23:55 2023] [1, 2, -42, 154, 420, -2506, 4018, 37182, 27821]
[R Sat Oct  7 18:24:50 2023] [1, 2, -14, -70, -420, -1274, -1778, -22674, 25625]
[R Sat Oct  7 18:26:09 2023] [1, 2, -14, -70, -140, -182, -1134, -8622, 25085]
[R Sat Oct  7 18:26:59 2023] [1, 2, -14, -70, 280, 1526, 2422, -32994, 25985]
[R Sat Oct  7 18:28:28 2023] [1, 2, -42, -126, 700, 12026, 45822, 62458, 29009]
[R Sat Oct  7 18:30:58 2023] [1, 2, -42, 154, 280, -1946, 3178, 25902, 29621]
[R Sat Oct  7 18:31:46 2023] [1, 2, -14, -70, -560, -1834, -2618, -37314, 27425]
[R Sat Oct  7 18:37:49 2023] [1, 2, -14, -70, -420, -1274, -1778, -24114, 29045]
[R Sat Oct  7 18:40:03 2023] [1, 2, -42, -126, 420, 6314, 24878, 47482, 32321]
[R Sat Oct  7 18:40:15 2023] [1, 2, -14, -70, -140, -9254, -9198, 26226, 29765]
[R Sat Oct  7 18:43:10 2023] [1, 2, -14, -70, 0, 406, 742, -14754, 30125]
[R Sat Oct  7 18:43:10 2023] [1, 2, -14, -70, -140, -2422, 13426, -32142, 30125]
[R Sat Oct  7 18:43:35 2023] [1, 2, -14, -70, -560, -1834, -2618, -38754, 30845]
[R Sat Oct  7 18:46:15 2023] [1, 2, -42, 154, 420, -2506, 4018, 38622, 34481]
[R Sat Oct  7 18:46:51 2023] [1, 2, -14, -70, -140, -154, -98, -13554, 32105]
[R Sat Oct  7 18:47:51 2023] [1, 2, -14, -70, -420, -1274, -1778, -25554, 32465]
[R Sat Oct  7 18:48:23 2023] [1, 2, -14, -70, 280, 1526, 2422, -35874, 32825]
[R Sat Oct  7 18:48:49 2023] [1, 2, -70, -210, 1260, 9702, 31654, 50470, 35525]
[R Sat Oct  7 18:50:44 2023] [1, 2, -14, -70, 0, 406, 742, -16194, 33545]
[R Sat Oct  7 18:50:51 2023] [1, 2, -42, 154, 280, -1946, 3178, 27342, 36281]
[R Sat Oct  7 18:52:41 2023] [1, 2, 0, -280, -1260, -3752, -2324, -4260, 33410]
[R Sat Oct  7 18:53:56 2023] [1, 2, -14, -70, -560, -1834, -2618, -40194, 34265]
[R Sat Oct  7 18:56:08 2023] [1, 2, -14, -70, -420, -1274, -1778, -26994, 35885]
[R Sat Oct  7 18:56:25 2023] [1, 2, -42, 154, 140, -1386, 2338, 18942, 38801]
[R Sat Oct  7 18:57:24 2023] [1, 2, -14, -70, 280, 1526, 2422, -37314, 36245]
[R Sat Oct  7 18:58:24 2023] [1, 2, -14, -70, 0, 406, 742, -17634, 36965]
[R Sat Oct  7 18:58:50 2023] [1, 2, -14, -70, -140, -266, -2562, -10866, 37145]
[R Sat Oct  7 19:00:57 2023] [1, 2, -42, 154, 420, -2506, 4018, 40062, 41141]
[R Sat Oct  7 19:01:04 2023] [1, 2, -14, -70, -560, -1834, -2618, -41634, 37685]
[R Sat Oct  7 19:01:55 2023] [1, 2, 56, -140, 280, -6720, 0, -22540, 40250]
[R Sat Oct  7 19:03:00 2023] [1, 2, -14, -70, 280, 1526, 2422, -38754, 39665]
[R Sat Oct  7 19:03:08 2023] [1, 2, -14, -70, -420, -1274, -1778, -28434, 39305]
[R Sat Oct  7 19:03:20 2023] [1, 2, -14, -70, -140, -154, -98, -16434, 38945]
[R Sat Oct  7 19:04:01 2023] [1, 2, -42, 154, 280, -1946, 3178, 28782, 42941]
[R Sat Oct  7 19:04:16 2023] [1, 2, -14, -70, 0, 406, 742, -19074, 40385]
[R Sat Oct  7 19:05:29 2023] [1, 2, -14, -70, -560, -1834, -2618, -43074, 41105]
[R Sat Oct  7 19:05:47 2023] [1, 2, -14, -70, -140, -854, 7602, -29454, 40205]
[R Sat Oct  7 19:07:27 2023] [1, 2, -14, -70, -140, -154, -98, -17874, 42365]
[R Sat Oct  7 19:08:52 2023] [1, 2, -14, -70, -420, -1274, -1778, -29874, 42725]
[R Sat Oct  7 19:09:06 2023] [1, 2, -14, -70, 280, 1526, 2422, -40194, 43085]
[R Sat Oct  7 19:09:23 2023] [1, 2, -42, 154, 560, -3066, 4858, 55662, 46721]
[R Sat Oct  7 19:10:15 2023] [1, 2, -14, -70, -560, -1834, -2618, -44514, 44525]
[R Sat Oct  7 19:10:28 2023] [1, 2, -14, -70, -140, 3654, 17038, 35054, 44705]
[R Sat Oct  7 19:10:41 2023] [1, 2, -42, 154, 420, -2506, 4018, 41502, 47801]
[R Sat Oct  7 19:11:44 2023] [1, 2, -14, -70, -140, -154, -98, -19314, 45785]
[R Sat Oct  7 19:12:28 2023] [1, 2, -14, -70, -420, -1274, -1778, -31314, 46145]
[R Sat Oct  7 19:13:40 2023] [1, 2, -14, -70, 280, 1526, 2422, -41634, 46505]
[R Sat Oct  7 19:15:33 2023] [1, 2, -14, -70, -420, -1274, -1778, -32754, 49565]
[R Sat Oct  7 19:16:53 2023] [1, 2, -14, -70, 0, 406, 742, -23394, 50645]
[R Sat Oct  7 19:17:01 2023] [1, 2, -14, -70, -560, -1834, -2618, -47394, 51365]
[R Sat Oct  7 19:17:48 2023] [1, 2, -14, -70, -140, -154, -98, -22194, 52625]
[R Sat Oct  7 19:18:14 2023] [1, 2, -14, -70, -420, -1274, -1778, -34194, 52985]
[R Sat Oct  7 19:19:16 2023] [1, 2, -14, -70, -560, -1834, -2618, -48834, 54785]
[R Sat Oct  7 19:19:31 2023] [1, 2, -14, -70, -140, -602, 6846, -34962, 55145]
[R Sat Oct  7 19:19:41 2023] [1, 2, -14, -70, 0, 406, 742, -24834, 54065]
[R Sat Oct  7 19:20:08 2023] [1, 2, -14, -70, -140, -154, -98, -23634, 56045]
[R Sat Oct  7 19:20:11 2023] [1, 2, -14, -70, -420, -1274, -1778, -35634, 56405]
[R Sat Oct  7 19:20:22 2023] [1, 2, -42, -266, 420, 4046, -8078, -22962, 60329]
[R Sat Oct  7 19:20:22 2023] [1, 2, -14, -70, 280, 1526, 2422, -45954, 56765]
[R Sat Oct  7 19:20:48 2023] [1, 2, -14, -70, 0, 406, 742, -26274, 57485]
[R Sat Oct  7 19:21:21 2023] [1, 2, -14, -210, 700, 4606, -22638, 7586, 58565]
[R Sat Oct  7 19:21:27 2023] [1, 2, -14, -70, -560, -1834, -2618, -50274, 58205]
[R Sat Oct  7 19:21:52 2023] [1, 2, -14, -70, -420, -1274, -1778, -37074, 59825]
[R Sat Oct  7 19:22:08 2023] [1, 2, -14, -70, 280, 1526, 2422, -47394, 60185]
[R Sat Oct  7 19:22:28 2023] [1, 2, -14, -70, 0, 406, 742, -27714, 60905]
[R Sat Oct  7 19:23:07 2023] [1, 2, -14, -70, -560, -1834, -2618, -51714, 61625]
[R Sat Oct  7 19:23:33 2023] [1, 2, -14, -70, 280, 1526, 2422, -48834, 63605]
[R Sat Oct  7 19:23:38 2023] [1, 2, -14, -70, 0, 406, 742, -29154, 64325]
[R Sat Oct  7 19:23:41 2023] [1, 2, -14, -70, -420, -1274, -1778, -38514, 63245]
[R Sat Oct  7 19:23:44 2023] [1, 2, -14, -70, -140, -154, -98, -26514, 62885]
[R Sat Oct  7 19:23:57 2023] [1, 2, -14, -70, -560, -1834, -2618, -53154, 65045]
[R Sat Oct  7 19:24:24 2023] [1, 2, -14, -70, -140, -154, -98, -27954, 66305]
[R Sat Oct  7 19:24:40 2023] [1, 2, -14, -70, 280, 1526, 2422, -50274, 67025]
[R Sat Oct  7 19:24:47 2023] [1, 2, -14, -70, 0, 406, 742, -30594, 67745]
[R Sat Oct  7 19:24:52 2023] [1, 2, -14, -70, -420, -1274, -1778, -39954, 66665]
[R Sat Oct  7 19:25:00 2023] [1, 2, -14, -70, -560, -1834, -2618, -54594, 68465]
[R Sat Oct  7 19:25:16 2023] [1, 2, -14, -70, -140, -154, -98, -29394, 69725]
[R Sat Oct  7 19:25:26 2023] [1, 2, -14, -70, -420, -1274, -1778, -41394, 70085]
[R Sat Oct  7 19:25:50 2023] [1, 2, -14, -70, 280, 1526, 2422, -51714, 70445]
[R Sat Oct  7 19:25:56 2023] [1, 2, -14, -70, -560, -1834, -2618, -56034, 71885]
[R Sat Oct  7 19:26:11 2023] [1, 2, -14, -70, -420, -1274, -1778, -42834, 73505]
[R Sat Oct  7 19:26:20 2023] [1, 2, -14, -70, 280, 1526, 2422, -53154, 73865]
[R Sat Oct  7 19:26:32 2023] [1, 2, -14, -70, -560, -1834, -2618, -57474, 75305]
[R Sat Oct  7 19:26:32 2023] [1, 2, -14, -70, 0, 406, 742, -33474, 74585]
[R Sat Oct  7 19:26:44 2023] [1, 2, -14, -70, -140, -154, -98, -32274, 76565]
[R Sat Oct  7 19:26:45 2023] [1, 2, -14, -70, -420, -1274, -1778, -44274, 76925]
[R Sat Oct  7 19:27:07 2023] [1, 2, -14, -70, 0, 406, 742, -34914, 78005]
[R Sat Oct  7 19:27:11 2023] [1, 2, -14, -70, -140, -154, -98, -33714, 79985]
[R Sat Oct  7 19:27:14 2023] [1, 2, -14, -70, -420, -1274, -1778, -45714, 80345]
[R Sat Oct  7 19:27:17 2023] [1, 2, -14, -70, 280, 1526, 2422, -56034, 80705]
[R Sat Oct  7 19:27:18 2023] [1, 2, -14, -70, 0, 406, 742, -36354, 81425]
[R Sat Oct  7 19:27:57 2023] [1, 2, -14, -70, -420, -1274, -1778, -48594, 87185]
[R Sat Oct  7 19:27:57 2023] [1, 2, -14, -70, -140, -154, -98, -36594, 86825]
[R Sat Oct  7 19:28:05 2023] [1, 2, -14, -70, -140, -154, -98, -38034, 90245]
[R Sat Oct  7 19:28:12 2023] [1, 2, -14, -70, 0, 406, 742, -40674, 91685]
[R Sat Oct  7 19:28:18 2023] [1, 2, -14, -70, -140, -154, -98, -39474, 93665]
Total elapsed time: 73821213919us
Server			Amount			Total Time (us)		Fastest Time (us)	Slowest Time (us)	Approx Avg Time (us)
Idle:           217912006       73442180462         0                   29214595            337             
Generate:       108954868       6671164             0                   13011               0               

Workers			Amount			Total Time (us)		Fastest Time (us)	Slowest Time (us)	Approx Avg Time (us)
Workers:        511             37720076919161      73815903280         73820359117         73816197493     
Read input:     511             6047608653          11427442            11995325            11834850        
Idle:           108955379       51593880679         1                   5680634             473             
Work units:     108954868       37665735623971      1                   17132357595         345700          
Init:           108954868       2941334696          0                   144510              26              
Generate:       28701020102235  12962353310329      0                   3402798             0               
Last coeff.:    1708173319560   7408778110949       0                   50024               4               
Disc. eval.:    29755308239219  1362459830944       0                   45007               0               
Lagrange:       109203532       255102128           0                   54080               2               
Send results:   694             41488               3                   134                 59              
Disc. sq. test: 28701020102235  11170721247         0                   44007               0               
Saved:          737             4469                1                   50                  6               
