[I Sat Oct 14 15:55:17 2023] Program launch: 512 workers
[A Sat Oct 14 15:55:17 2023] ./bin/enum-stats -coeffs -2 -divisors 2,14,14,140,14,14,2,1 -discriminant -210827008000000 -input data/257/p2e14mod4_2ds1.txt,data/257/p5e6mod25_s1eq2.txt,data/257/p7e7mod49_s1eq2.txt,data/257/p3e0mod9_s1eq2_a8eq6.txt -output data/output/257/output1467_s1eq2_a8eq6m9.txt -tree data/257/treea8.txt -locked 3 -filter 11 
[R Sat Oct 14 16:00:07 2023] [1, 2, -14, -70, 280, 1526, 2422, 25726, -113475]
[R Sat Oct 14 16:01:24 2023] [1, 2, -14, -70, 280, 1526, 2422, 24286, -110055]
[R Sat Oct 14 16:01:37 2023] [1, 2, -14, -70, -700, -2394, -3458, 1006, -109155]
[R Sat Oct 14 16:03:01 2023] [1, 2, -14, -70, 560, 2646, 4102, -18434, -106455]
[R Sat Oct 14 16:03:13 2023] [1, 2, -14, -70, -700, -2394, -3458, -434, -105735]
[R Sat Oct 14 16:03:17 2023] [1, 2, -14, -70, -140, 2114, 16618, 7594, -104295]
[R Sat Oct 14 16:03:20 2023] [1, 2, -14, -70, 560, 2646, 4102, -19874, -103035]
[R Sat Oct 14 16:03:21 2023] [1, 2, -14, -70, 280, 1526, 2422, 21406, -103215]
[R Sat Oct 14 16:03:22 2023] [1, 2, -14, -70, -560, -1834, -2618, 17086, -101775]
[R Sat Oct 14 16:03:23 2023] [1, 2, -14, -70, -700, -2394, -3458, -1874, -102315]
[R Sat Oct 14 16:03:27 2023] [1, 2, -14, -70, 560, 2646, 4102, -21314, -99615]
[R Sat Oct 14 16:03:29 2023] [1, 2, -14, -70, -700, -2394, -3458, -3314, -98895]
[R Sat Oct 14 16:03:30 2023] [1, 2, -14, -70, 280, 1526, 2422, 19966, -99795]
[R Sat Oct 14 16:03:30 2023] [1, 2, -14, -70, -560, -1834, -2618, 15646, -98355]
[R Sat Oct 14 16:03:32 2023] [1, 2, -14, -70, -280, -714, -938, 37726, -97455]
[R Sat Oct 14 16:03:34 2023] [1, 2, -14, -70, 280, 1526, 2422, 18526, -96375]
[R Sat Oct 14 16:03:34 2023] [1, 2, -14, -70, 140, 966, 1582, 31246, -96555]
[R Sat Oct 14 16:03:36 2023] [1, 2, -14, -70, 560, 2646, 4102, -22754, -96195]
[R Sat Oct 14 16:03:39 2023] [1, 2, -14, -70, -560, -1834, -2618, 14206, -94935]
[R Sat Oct 14 16:03:42 2023] [1, 2, -14, -70, -280, -714, -938, 36286, -94035]
[R Sat Oct 14 16:03:42 2023] [1, 2, -14, -70, -140, -154, -98, 39406, -93675]
[R Sat Oct 14 16:03:45 2023] [1, 2, -14, -70, 560, 2646, 4102, -24194, -92775]
[R Sat Oct 14 16:03:47 2023] [1, 2, -14, -70, 140, 966, 1582, 29806, -93135]
[R Sat Oct 14 16:03:48 2023] [1, 2, -14, -70, -700, -2394, -3458, -6194, -92055]
[R Sat Oct 14 16:03:50 2023] [1, 2, -14, -70, -560, -1834, -2618, 12766, -91515]
[R Sat Oct 14 16:03:56 2023] [1, 2, -14, -70, -280, -714, -938, 34846, -90615]
[R Sat Oct 14 16:03:56 2023] [1, 2, -14, -70, -140, -154, -98, 37966, -90255]
[R Sat Oct 14 16:03:56 2023] [1, 2, 0, -56, -840, 2548, -4704, 34300, -84378]
[R Sat Oct 14 16:03:57 2023] [1, 2, -14, -70, 280, 1526, 2422, 15646, -89535]
[R Sat Oct 14 16:04:01 2023] [1, 2, -14, -70, 560, 2646, 4102, -25634, -89355]
[R Sat Oct 14 16:04:01 2023] [1, 2, -14, -70, -700, -2394, -3458, -7634, -88635]
[R Sat Oct 14 16:04:01 2023] [1, 2, -14, -70, 140, 966, 1582, 28366, -89715]
[R Sat Oct 14 16:04:06 2023] [1, 2, -14, -70, -560, -1834, -2618, 11326, -88095]
[R Sat Oct 14 16:04:11 2023] [1, 2, -14, -70, 280, 1526, 2422, 14206, -86115]
[R Sat Oct 14 16:04:16 2023] [1, 2, -14, -70, -700, -2394, -3458, -9074, -85215]
[R Sat Oct 14 16:04:19 2023] [1, 2, -14, -70, 560, 2646, 4102, -27074, -85935]
[R Sat Oct 14 16:04:21 2023] [1, 2, -14, -70, -280, -714, -938, 31966, -83775]
[R Sat Oct 14 16:04:23 2023] [1, 2, -14, -70, -560, -1834, -2618, 9886, -84675]
[R Sat Oct 14 16:04:28 2023] [1, 2, -14, -70, 280, 1526, 2422, 12766, -82695]
[R Sat Oct 14 16:04:29 2023] [1, 2, -14, -70, 560, 2646, 4102, -28514, -82515]
[R Sat Oct 14 16:04:31 2023] [1, 2, -14, -70, -140, -154, -98, 35086, -83415]
[R Sat Oct 14 16:04:37 2023] [1, 2, -14, -70, -560, -1834, -2618, 8446, -81255]
[R Sat Oct 14 16:04:37 2023] [1, 2, -14, -70, -700, -2394, -3458, -10514, -81795]
[R Sat Oct 14 16:04:48 2023] [1, 2, -14, -70, -140, -154, -98, 33646, -79995]
[R Sat Oct 14 16:04:52 2023] [1, 2, -14, -70, 140, 966, 1582, 24046, -79455]
[R Sat Oct 14 16:04:55 2023] [1, 2, -14, -70, 280, 1526, 2422, 11326, -79275]
[R Sat Oct 14 16:05:03 2023] [1, 2, -14, -70, -560, -1834, -2618, 7006, -77835]
[R Sat Oct 14 16:05:08 2023] [1, 2, -14, -70, -700, -2394, -3458, -11954, -78375]
[R Sat Oct 14 16:05:09 2023] [1, 2, 70, 70, 1400, -1610, 4270, -25790, -72615]
[R Sat Oct 14 16:05:11 2023] [1, 2, -14, -70, -280, -714, -938, 29086, -76935]
[R Sat Oct 14 16:05:12 2023] [1, 2, -14, -70, -140, -154, -98, 32206, -76575]
[R Sat Oct 14 16:05:16 2023] [1, 2, -14, -70, -980, -3514, -5138, -67154, -76215]
[R Sat Oct 14 16:05:19 2023] [1, 2, -14, -70, 560, 2646, 4102, -31394, -75675]
[R Sat Oct 14 16:05:27 2023] [1, 2, -14, -70, -700, -2394, -3458, -13394, -74955]
[R Sat Oct 14 16:05:30 2023] [1, 2, -14, -70, 280, 1526, 2422, 9886, -75855]
[R Sat Oct 14 16:05:35 2023] [1, 2, -14, -70, -560, -1834, -2618, 5566, -74415]
[R Sat Oct 14 16:05:40 2023] [1, 2, -14, -70, -280, -714, -938, 27646, -73515]
[R Sat Oct 14 16:05:52 2023] [1, 2, -14, -70, 560, 2646, 4102, -32834, -72255]
[R Sat Oct 14 16:05:53 2023] [1, 2, -14, -70, 280, 1526, 2422, 8446, -72435]
[R Sat Oct 14 16:06:18 2023] [1, 2, -14, -70, -140, -154, -98, 29326, -69735]
[R Sat Oct 14 16:06:29 2023] [1, 2, -14, -70, 560, 2646, 4102, -34274, -68835]
[R Sat Oct 14 16:06:32 2023] [1, 2, -14, -70, 140, 966, 1582, 19726, -69195]
[R Sat Oct 14 16:06:38 2023] [1, 2, -14, -70, -700, -2394, -3458, -16274, -68115]
[R Sat Oct 14 16:07:06 2023] [1, 2, -14, -70, -280, -714, -938, 24766, -66675]
[R Sat Oct 14 16:07:06 2023] [1, 2, -14, -70, -140, -154, -98, 27886, -66315]
[R Sat Oct 14 16:07:17 2023] [1, 2, -14, -70, 280, 1526, 2422, 5566, -65595]
[R Sat Oct 14 16:07:25 2023] [1, 2, -14, -70, 140, 966, 1582, 18286, -65775]
[R Sat Oct 14 16:07:29 2023] [1, 2, -14, -70, -700, -2394, -3458, -17714, -64695]
[R Sat Oct 14 16:07:48 2023] [1, 2, -14, -70, -560, -1834, -2618, 1246, -64155]
[R Sat Oct 14 16:08:11 2023] [1, 2, -14, -70, 280, 1526, 2422, 4126, -62175]
[R Sat Oct 14 16:08:25 2023] [1, 2, -14, -70, -700, -2394, -3458, -19154, -61275]
[R Sat Oct 14 16:08:38 2023] [1, 2, -14, -70, 560, 2646, 4102, -37154, -61995]
[R Sat Oct 14 16:09:03 2023] [1, 2, -14, -70, -560, -1834, -2618, -194, -60735]
[R Sat Oct 14 16:09:06 2023] [1, 2, 0, -196, -280, 2072, 6244, -520, -55542]
[R Sat Oct 14 16:09:16 2023] [1, 2, -14, -70, 140, 966, 1582, 15406, -58935]
[R Sat Oct 14 16:09:21 2023] [1, 2, -14, -70, 280, 1526, 2422, 2686, -58755]
[R Sat Oct 14 16:09:22 2023] [1, 2, -14, -70, -140, -154, -98, 25006, -59475]
[R Sat Oct 14 16:09:25 2023] [1, 2, -14, -70, 560, 2646, 4102, -38594, -58575]
[R Sat Oct 14 16:09:53 2023] [1, 2, -14, -70, -700, -2394, -3458, -20594, -57855]
[R Sat Oct 14 16:09:53 2023] [1, 2, -14, -70, -560, -1834, -2618, -1634, -57315]
[R Sat Oct 14 16:10:05 2023] [1, 2, 0, 140, 560, 812, -5796, -42460, -57270]
[R Sat Oct 14 16:10:14 2023] [1, 2, -14, -70, -280, -714, -938, 20446, -56415]
[R Sat Oct 14 16:10:22 2023] [1, 2, -14, -70, -140, -154, -98, 23566, -56055]
[R Sat Oct 14 16:10:40 2023] [1, 2, -14, -70, 140, 966, 1582, 13966, -55515]
[R Sat Oct 14 16:10:50 2023] [1, 2, -14, -70, 560, 2646, 4102, -40034, -55155]
[R Sat Oct 14 16:11:01 2023] [1, 2, -14, -70, 280, 1526, 2422, 1246, -55335]
[R Sat Oct 14 16:11:22 2023] [1, 2, -14, -70, -560, -1834, -2618, -3074, -53895]
[R Sat Oct 14 16:11:37 2023] [1, 2, -14, -70, -700, -2394, -3458, -22034, -54435]
[R Sat Oct 14 16:11:42 2023] [1, 2, -14, 210, -140, 350, 4550, 16750, -51375]
[R Sat Oct 14 16:11:49 2023] [1, 2, 0, 84, 280, -6524, 24752, -12580, -49926]
[R Sat Oct 14 16:11:50 2023] [1, 2, -14, -70, -280, -714, -938, 19006, -52995]
[R Sat Oct 14 16:12:10 2023] [1, 2, -14, -70, -140, -154, -98, 22126, -52635]
[R Sat Oct 14 16:12:30 2023] [1, 2, -14, -70, 560, 2646, 4102, -41474, -51735]
[R Sat Oct 14 16:12:54 2023] [1, 2, -14, -70, 280, 1526, 2422, -194, -51915]
[R Sat Oct 14 16:13:02 2023] [1, 2, -14, -70, -560, -1834, -2618, -4514, -50475]
[R Sat Oct 14 16:13:34 2023] [1, 2, -14, -70, -280, -714, -938, 17566, -49575]
[R Sat Oct 14 16:14:16 2023] [1, 2, -14, -70, 140, 966, 1582, 11086, -48675]
[R Sat Oct 14 16:14:21 2023] [1, 2, -14, -70, 280, 1526, 2422, -1634, -48495]
[R Sat Oct 14 16:14:58 2023] [1, 2, -42, 154, 420, -2506, 4018, 21662, -43959]
[R Sat Oct 14 16:15:18 2023] [1, 2, -14, -70, -560, -1834, -2618, -5954, -47055]
[R Sat Oct 14 16:16:16 2023] [1, 2, -14, -70, -280, -714, -938, 16126, -46155]
[R Sat Oct 14 16:17:13 2023] [1, 2, -14, -70, 560, 2646, 4102, -44354, -44895]
[R Sat Oct 14 16:17:24 2023] [1, 2, -14, -70, 140, 966, 1582, 9646, -45255]
[R Sat Oct 14 16:17:35 2023] [1, 2, -14, -70, -140, -3962, -17234, -35122, -44715]
[R Sat Oct 14 16:17:46 2023] [1, 2, -14, -70, -700, -2394, -3458, -26354, -44175]
[R Sat Oct 14 16:18:25 2023] [1, 2, -14, -70, -560, -1834, -2618, -7394, -43635]
[R Sat Oct 14 16:19:27 2023] [1, 2, -14, -70, -140, -154, -98, 17806, -42375]
[R Sat Oct 14 16:20:03 2023] [1, 2, -14, -70, -280, -714, -938, 14686, -42735]
[R Sat Oct 14 16:20:21 2023] [1, 2, -14, -70, 280, 1526, 2422, -4514, -41655]
[R Sat Oct 14 16:20:49 2023] [1, 2, -14, -70, 560, 2646, 4102, -45794, -41475]
[R Sat Oct 14 16:21:04 2023] [1, 2, -14, -70, 140, 966, 1582, 8206, -41835]
[R Sat Oct 14 16:21:21 2023] [1, 2, -42, 154, 420, -2506, 4018, 23102, -37299]
[R Sat Oct 14 16:21:33 2023] [1, 2, -14, -70, -700, -2394, -3458, -27794, -40755]
[R Sat Oct 14 16:22:25 2023] [1, 2, -14, -70, -560, -1834, -2618, -8834, -40215]
[R Sat Oct 14 16:24:29 2023] [1, 2, -14, -70, 280, 1526, 2422, -5954, -38235]
[R Sat Oct 14 16:25:34 2023] [1, 2, 0, 224, 980, -3864, -20468, -34400, -34626]
[R Sat Oct 14 16:25:55 2023] [1, 2, -14, -70, -700, -2394, -3458, -29234, -37335]
[R Sat Oct 14 16:26:03 2023] [1, 2, 56, -140, 1260, -504, 4312, 44156, -35490]
[R Sat Oct 14 16:27:56 2023] [1, 2, -14, -70, -280, -714, -938, 11806, -35895]
[R Sat Oct 14 16:28:19 2023] [1, 2, -14, -70, -560, -1834, -2618, -10274, -36795]
[R Sat Oct 14 16:29:19 2023] [1, 2, -14, -70, 140, 966, 1582, 5326, -34995]
[R Sat Oct 14 16:29:52 2023] [1, 2, -14, -70, -140, -154, -98, 14926, -35535]
[R Sat Oct 14 16:29:55 2023] [1, 2, -14, -70, 280, 1526, 2422, -7394, -34815]
[R Sat Oct 14 16:31:42 2023] [1, 2, -14, -70, -560, -1834, -2618, -11714, -33375]
[R Sat Oct 14 16:31:52 2023] [1, 2, -14, -70, -700, -2394, -3458, -30674, -33915]
[R Sat Oct 14 16:32:53 2023] [1, 2, -42, 154, 0, -826, 1498, -2098, -29739]
[R Sat Oct 14 16:33:37 2023] [1, 2, -14, -70, -280, -714, -938, 10366, -32475]
[R Sat Oct 14 16:34:33 2023] [1, 2, -14, -70, -140, -154, -98, 13486, -32115]
[R Sat Oct 14 16:34:58 2023] [1, 2, -14, -210, -840, -2366, -5502, -16646, -31395]
[R Sat Oct 14 16:35:19 2023] [1, 2, -14, -70, 140, 966, 1582, 3886, -31575]
[R Sat Oct 14 16:37:07 2023] [1, 2, -14, -70, 280, 1526, 2422, -8834, -31395]
[R Sat Oct 14 16:39:09 2023] [1, 2, -14, -70, -560, -1834, -2618, -13154, -29955]
[R Sat Oct 14 16:39:49 2023] [1, 2, -14, -70, -700, -2394, -3458, -32114, -30495]
[R Sat Oct 14 16:41:14 2023] [1, 2, -14, -70, -280, -714, -938, 8926, -29055]
[R Sat Oct 14 16:41:58 2023] [1, 2, 0, -56, -1120, -8736, -31892, -47780, -26274]
[R Sat Oct 14 16:42:07 2023] [1, 2, -14, -70, -140, -154, -98, 12046, -28695]
[R Sat Oct 14 16:45:26 2023] [1, 2, -14, -70, 280, 1526, 2422, -10274, -27975]
[R Sat Oct 14 16:46:21 2023] [1, 2, -14, -70, -700, -2394, -3458, -33554, -27075]
[R Sat Oct 14 16:47:04 2023] [1, 2, -42, 154, 420, -2506, 4018, 25982, -23979]
[R Sat Oct 14 16:51:23 2023] [1, 2, -14, -70, -280, -714, -938, 7486, -25635]
[R Sat Oct 14 16:52:29 2023] [1, 2, -42, 154, -420, 854, -1022, -2818, -22359]
[R Sat Oct 14 16:54:13 2023] [1, 2, -70, -126, 2380, -3962, -854, -9850, -22143]
[R Sat Oct 14 16:54:14 2023] [1, 2, -14, -70, 140, 966, 1582, 1006, -24735]
[R Sat Oct 14 16:58:11 2023] [1, 2, -14, -70, -140, 13090, -39830, 51050, -23655]
[R Sat Oct 14 17:00:30 2023] [1, 2, -14, -70, -560, -1834, -2618, -16034, -23115]
[R Sat Oct 14 17:04:02 2023] [1, 2, -14, -70, -280, -714, -938, 6046, -22215]
[R Sat Oct 14 17:06:11 2023] [1, 2, -14, -70, -140, 12082, -36806, 47162, -21855]
[R Sat Oct 14 17:06:11 2023] [1, 2, -14, -70, -140, -154, -98, 9166, -21855]
[R Sat Oct 14 17:10:10 2023] [1, 2, 70, 70, 1960, 238, 18466, -29270, -19515]
[R Sat Oct 14 17:13:20 2023] [1, 2, -14, -70, -700, -2394, -3458, -36434, -20235]
[R Sat Oct 14 17:14:31 2023] [1, 2, -42, 154, 420, -2506, 4018, 27422, -17319]
[R Sat Oct 14 17:16:01 2023] [1, 2, -14, -70, -140, 11074, -33782, 43274, -20055]
[R Sat Oct 14 17:16:16 2023] [1, 2, -14, -70, -560, -1834, -2618, -17474, -19695]
[R Sat Oct 14 17:19:47 2023] [1, 2, -42, 154, 0, -826, 1498, 782, -16419]
[R Sat Oct 14 17:22:57 2023] [1, 2, -14, -70, -140, 10570, -32270, 41330, -19155]
[R Sat Oct 14 17:23:07 2023] [1, 2, -14, -70, -280, -714, -938, 4606, -18795]
[R Sat Oct 14 17:23:30 2023] [1, 2, -14, -70, -140, -154, -98, 7726, -18435]
[R Sat Oct 14 17:27:42 2023] [1, 2, -14, -70, 280, 1526, 2422, -14594, -17715]
[R Sat Oct 14 17:27:45 2023] [1, 2, -42, 154, -840, 2534, -3542, 20942, -15159]
[R Sat Oct 14 17:29:51 2023] [1, 2, -14, -70, -140, 9562, -29246, 37442, -17355]
[R Sat Oct 14 17:30:40 2023] [1, 2, -14, -70, 140, 966, 1582, -1874, -17895]
[R Sat Oct 14 17:38:11 2023] [1, 2, -14, -70, -560, -1834, -2618, -18914, -16275]
[R Sat Oct 14 17:43:12 2023] [1, 2, -14, -70, -140, 8554, -26222, 33554, -15555]
[R Sat Oct 14 17:51:13 2023] [1, 2, -14, -70, -140, 8050, -24710, 31610, -14655]
[R Sat Oct 14 17:53:58 2023] [1, 2, -14, -70, 280, 1526, 2422, -16034, -14295]
[R Sat Oct 14 18:00:41 2023] [1, 2, -14, -70, -140, 16982, -41986, 41582, -14115]
[R Sat Oct 14 18:01:37 2023] [1, 2, -14, -70, -140, 7546, -23198, 29666, -13755]
[R Sat Oct 14 18:02:40 2023] [1, 2, -14, -70, -700, -2394, -3458, -39314, -13395]
[R Sat Oct 14 18:06:43 2023] [1, 2, -42, 154, 420, -2506, 4018, 28862, -10659]
[R Sat Oct 14 18:15:00 2023] [1, 2, -14, -70, -560, -1834, -2618, -20354, -12855]
[R Sat Oct 14 18:16:49 2023] [1, 2, -42, 154, 0, -826, 1498, 2222, -9759]
[R Sat Oct 14 18:18:26 2023] [1, 2, -14, -70, -280, -714, -938, 1726, -11955]
[R Sat Oct 14 18:26:09 2023] [1, 2, -42, 154, -420, 854, -1022, 62, -9039]
[R Sat Oct 14 18:28:57 2023] [1, 2, -14, -70, -140, -154, -98, 4846, -11595]
[R Sat Oct 14 18:30:07 2023] [1, 2, -14, -70, 280, 1526, 2422, -17474, -10875]
[R Sat Oct 14 18:31:07 2023] [1, 2, -14, -70, 140, 966, 1582, -4754, -11055]
[R Sat Oct 14 18:31:07 2023] [1, 2, -14, -70, -140, 6034, -18662, 23834, -11055]
[R Sat Oct 14 18:33:21 2023] [1, 2, -42, 154, -840, 2534, -3542, 22382, -8499]
[R Sat Oct 14 18:46:12 2023] [1, 2, -14, -70, -700, -2394, -3458, -40754, -9975]
[R Sat Oct 14 18:51:37 2023] [1, 2, -14, -70, -560, -1834, -2618, -21794, -9435]
[R Sat Oct 14 19:00:53 2023] [1, 2, -14, -210, 1820, -4802, 4326, 4118, -9075]
[R Sat Oct 14 19:02:00 2023] [1, 2, -70, -70, 1260, 966, -13118, 16570, -7635]
[R Sat Oct 14 19:08:19 2023] [1, 2, -14, -70, -280, -714, -938, 286, -8535]
[R Sat Oct 14 19:13:11 2023] [1, 2, -14, -70, -140, -154, -98, 3406, -8175]
[R Sat Oct 14 19:14:21 2023] [1, 2, -14, -350, -1400, 21546, -36358, -34294, -7275]
[R Sat Oct 14 19:18:14 2023] [1, 2, -14, -238, -1120, -3234, -3738, -1454, -6303]
[R Sat Oct 14 19:19:25 2023] [1, 2, -42, -126, 980, -9758, -33866, 28466, -5907]
[R Sat Oct 14 19:19:41 2023] [1, 2, -70, -350, 420, 7602, 14014, -15370, -6555]
[R Sat Oct 14 19:23:01 2023] [1, 2, -14, 210, 2240, 15414, 27958, 38794, -7455]
[R Sat Oct 14 19:24:39 2023] [1, 2, 0, -140, -1400, 9912, -9016, -13120, -7410]
[R Sat Oct 14 19:25:45 2023] [1, 2, -14, -70, 140, 966, 1582, -6194, -7635]
[R Sat Oct 14 19:35:37 2023] [1, 2, -14, -70, 280, 1526, 2422, -18914, -7455]
[R Sat Oct 14 19:55:08 2023] [1, 2, 0, 0, 0, 196, 1652, -340, -7050]
[R Sat Oct 14 20:00:57 2023] [1, 2, 70, 154, 2100, -16926, -84882, 39110, -4359]
[R Sat Oct 14 20:03:21 2023] [1, 2, -14, -70, -700, -2394, -3458, -42194, -6555]
[R Sat Oct 14 20:05:36 2023] [1, 2, -14, -70, -560, -1834, -2618, -23234, -6015]
[R Sat Oct 14 20:06:04 2023] [1, 2, -42, 154, 420, -2506, 4018, 30302, -3999]
[R Sat Oct 14 20:15:57 2023] [1, 2, -14, -70, -140, 3010, -9590, 12170, -5655]
[R Sat Oct 14 20:20:10 2023] [1, 2, 28, -56, -700, -3472, -7644, -8576, -3558]
[R Sat Oct 14 20:21:55 2023] [1, 2, -14, -350, -1400, 7938, -25774, -21982, -4575]
[R Sat Oct 14 20:32:52 2023] [1, 2, -42, 154, 0, -826, 1498, 3662, -3099]
[R Sat Oct 14 20:36:21 2023] [1, 2, 56, -28, 700, -1064, -1428, 5716, -3198]
[R Sat Oct 14 20:41:59 2023] [1, 2, -14, -70, -140, -154, -98, 1966, -4755]
[R Sat Oct 14 21:19:05 2023] [1, 2, -42, 154, -840, 2534, -3542, 23822, -1839]
[R Sat Oct 14 21:20:33 2023] [1, 2, -14, -70, 280, 1526, 2422, -20354, -4035]
[R Sat Oct 14 21:33:11 2023] [1, 2, -14, -350, -1400, -1134, -18718, -13774, -2775]
[R Sat Oct 14 21:44:18 2023] [1, 2, -14, -70, -700, -2394, -3458, -43634, -3135]
[R Sat Oct 14 22:03:20 2023] [1, 2, -14, -70, -560, -1834, -2618, -24674, -2595]
[R Sat Oct 14 22:09:15 2023] [1, 2, 0, -56, -1400, 7000, -10500, 4000, -750]
[R Sat Oct 14 22:30:09 2023] [1, 2, -14, -70, -140, 10178, -8134, -9382, -2055]
[R Sat Oct 14 22:52:06 2023] [1, 2, -14, -350, -1400, -10206, -11662, -5566, -975]
[R Sat Oct 14 22:54:55 2023] [1, 2, 56, -168, 560, -2212, 1736, -1052, -354]
[R Sat Oct 14 23:32:20 2023] [1, 2, -42, -126, 980, 3850, 910, -1990, 465]
[R Sat Oct 14 23:38:49 2023] [1, 2, 70, 14, -1820, 2870, 1050, -610, 285]
[R Sat Oct 14 23:39:24 2023] [1, 2, -14, -70, -140, 5642, -4606, -5278, -1155]
[R Sat Oct 14 23:39:24 2023] [1, 2, -14, -70, -140, 490, -2030, 2450, -1155]
[R Sat Oct 14 23:48:03 2023] [1, 2, -14, -70, 140, 966, 1582, -9074, -795]
[R Sun Oct 15 00:03:32 2023] [1, 2, -14, -70, 280, 1526, 2422, -21794, -615]
[R Sun Oct 15 00:03:32 2023] [1, 2, -14, -70, -140, 20258, -26054, -1382, -615]
[R Sun Oct 15 00:10:34 2023] [1, 2, -14, 70, -140, -882, -2254, 1298, -435]
[R Sun Oct 15 00:23:11 2023] [1, 2, -14, -350, -1400, -14742, -8134, -1462, -75]
[R Sun Oct 15 00:37:36 2023] [1, 2, -14, -490, -3080, -3794, 5362, -5494, 1185]
[R Sun Oct 15 00:56:06 2023] [1, 2, -14, -350, -1400, -19278, -4606, 2642, 825]
[R Sun Oct 15 01:10:39 2023] [1, 2, -14, -70, 0, 350, -210, -1370, -255]
[R Sun Oct 15 01:29:16 2023] [1, 2, -14, 70, 2380, 15526, 29722, -4354, 105]
[R Sun Oct 15 01:29:27 2023] [1, 2, -42, 154, 420, -2506, 4018, 31742, 2661]
[R Sun Oct 15 01:29:45 2023] [1, 2, -14, -70, -140, -518, 994, -1438, 645]
[R Sun Oct 15 01:29:45 2023] [1, 2, -14, -70, -140, -3430, 2450, 2930, 645]
[R Sun Oct 15 01:34:35 2023] [1, 2, -14, -70, -140, -1162, 2366, -2482, 825]
[R Sun Oct 15 01:34:35 2023] [1, 2, -14, -70, -560, -1834, -2618, -26114, 825]
[R Sun Oct 15 01:59:41 2023] [1, 2, -14, -70, -140, -30646, 42098, -4366, 1005]
[R Sun Oct 15 02:02:29 2023] [1, 2, -14, -70, -140, -12502, 21266, -10222, 1725]
[R Sun Oct 15 02:02:29 2023] [1, 2, -14, -70, -140, -27062, 28546, 11618, 1725]
[R Sun Oct 15 02:02:29 2023] [1, 2, -14, -70, -280, -714, -938, -4034, 1725]
[R Sun Oct 15 02:02:53 2023] [1, 2, -42, 154, 0, -826, 1498, 5102, 3561]
[R Sun Oct 15 02:06:24 2023] [1, 2, -14, 42, 140, 1414, -462, 974, 3453]
[R Sun Oct 15 02:19:28 2023] [1, 2, -14, -70, -140, -154, -98, -914, 2085]
[R Sun Oct 15 02:26:50 2023] [1, 2, -42, 154, -420, 854, -1022, 2942, 4281]
[R Sun Oct 15 02:32:18 2023] [1, 2, -14, -70, -140, -1526, 4018, -5326, 2445]
[R Sun Oct 15 02:32:18 2023] [1, 2, -14, -70, -140, -12502, 9506, 11138, 2445]
[R Sun Oct 15 02:32:18 2023] [1, 2, -14, -70, -140, -28378, 45374, -16498, 2445]
[R Sun Oct 15 02:41:53 2023] [1, 2, -42, 154, -840, 2534, -3542, 25262, 4821]
[R Sun Oct 15 02:44:24 2023] [1, 2, -14, -70, 140, 966, 1582, -10514, 2625]
[R Sun Oct 15 02:50:43 2023] [1, 2, -14, -70, -140, -1162, -994, 2798, 2985]
[R Sun Oct 15 02:50:43 2023] [1, 2, -14, -70, -140, -2954, -98, 5486, 2985]
[R Sun Oct 15 03:02:06 2023] [1, 2, -14, -70, -140, -2030, 5530, -7270, 3345]
[R Sun Oct 15 03:14:11 2023] [1, 2, -14, 182, 2380, 2786, -24318, 19786, 5937]
[R Sun Oct 15 03:22:28 2023] [1, 2, -14, -70, -560, -1834, -2618, -27554, 4245]
[R Sun Oct 15 03:48:35 2023] [1, 2, -14, -70, -140, -154, -98, -2354, 5505]
[R Sun Oct 15 03:55:01 2023] [1, 2, -14, -70, -140, -22106, 42238, -27346, 5865]
[R Sun Oct 15 03:58:48 2023] [1, 2, -14, -70, 280, 1526, 2422, -24674, 6225]
[R Sun Oct 15 03:59:50 2023] [1, 2, -70, -266, 1260, 10906, -24318, 5830, 8349]
[R Sun Oct 15 04:09:10 2023] [1, 2, -42, -126, 980, 21994, 47278, -42598, 8961]
[R Sun Oct 15 04:10:40 2023] [1, 2, -14, -70, 140, 966, 1582, -11954, 6045]
[R Sun Oct 15 04:13:35 2023] [1, 2, -42, 154, 420, -2506, 4018, 33182, 9321]
[R Sun Oct 15 04:26:13 2023] [1, 2, -14, -70, -140, -4550, 13090, -16990, 7845]
[R Sun Oct 15 04:28:17 2023] [1, 2, -14, -70, -560, -1834, -2618, -28994, 7665]
[R Sun Oct 15 04:35:41 2023] [1, 2, -42, 154, -420, 854, -1022, 4382, 10941]
[R Sun Oct 15 04:46:55 2023] [1, 2, -42, 154, -280, -8806, 27118, -16238, 11841]
[R Sun Oct 15 04:50:08 2023] [1, 2, 0, -140, 140, 420, 2660, -11060, 9870]
[R Sun Oct 15 05:10:08 2023] [1, 2, -14, -70, -140, -6566, 19138, -24766, 11445]
[R Sun Oct 15 05:10:14 2023] [1, 2, -14, -70, -560, -1834, -2618, -30434, 11085]
[R Sun Oct 15 05:12:27 2023] [1, 2, -14, -70, -280, -714, -938, -8354, 11985]
[R Sun Oct 15 05:17:22 2023] [1, 2, -14, 182, 1820, 13230, 15610, 7570, 14685]
[R Sun Oct 15 05:19:15 2023] [1, 2, -14, -70, 140, 966, 1582, -14834, 12885]
[R Sun Oct 15 05:21:20 2023] [1, 2, -14, -70, 280, 1526, 2422, -27554, 13065]
[R Sun Oct 15 05:21:30 2023] [1, 2, -14, -70, -140, -154, -98, -5234, 12345]
[R Sun Oct 15 05:21:30 2023] [1, 2, -14, -70, -140, -7070, 20650, -26710, 12345]
[R Sun Oct 15 05:28:08 2023] [1, 2, -14, 70, -980, 2422, 6734, -8258, 13605]
[R Sun Oct 15 05:28:43 2023] [1, 2, -14, -378, -1400, -2954, 8442, 24026, 16377]
[R Sun Oct 15 05:30:20 2023] [1, 2, -14, -70, 0, -210, 2730, -3890, 13605]
[R Sun Oct 15 05:31:24 2023] [1, 2, -42, 154, 0, -826, 1498, 7982, 16881]
[R Sun Oct 15 05:31:53 2023] [1, 2, -14, -70, -560, -1834, -2618, -31874, 14505]
[R Sun Oct 15 05:38:23 2023] [1, 2, -14, -70, -280, -714, -938, -9794, 15405]
[R Sun Oct 15 05:40:25 2023] [1, 2, -14, -70, -140, -154, -98, -6674, 15765]
[R Sun Oct 15 05:42:55 2023] [1, 2, -14, -70, 140, 966, 1582, -16274, 16305]
[R Sun Oct 15 05:46:13 2023] [1, 2, -14, -70, 280, 1526, 2422, -28994, 16485]
[R Sun Oct 15 05:46:27 2023] [1, 2, -14, -70, -140, -12502, -2254, 26738, 16845]
[R Sun Oct 15 05:56:36 2023] [1, 2, -14, -70, -280, -714, -938, -11234, 18825]
[R Sun Oct 15 05:59:10 2023] [1, 2, -14, -70, -140, -154, -98, -8114, 19185]
[R Sun Oct 15 05:59:46 2023] [1, 2, 0, 140, 1400, -980, -9940, -260, 18870]
[R Sun Oct 15 06:00:54 2023] [1, 2, -14, -70, -140, -11102, 32746, -42262, 19545]
[R Sun Oct 15 06:01:15 2023] [1, 2, -14, -70, -140, -10598, 31234, -40318, 18645]
[R Sun Oct 15 06:03:38 2023] [1, 2, -42, 154, 420, -2506, 4018, 36062, 22641]
[R Sun Oct 15 06:05:19 2023] [1, 2, -14, -70, -140, -11606, 34258, -44206, 20445]
[R Sun Oct 15 06:06:06 2023] [1, 2, -14, -70, 280, 1526, 2422, -30434, 19905]
[R Sun Oct 15 06:07:20 2023] [1, 2, -42, 154, 0, -826, 1498, 9422, 23541]
[R Sun Oct 15 06:09:22 2023] [1, 2, -14, -70, -560, -1834, -2618, -34754, 21345]
[R Sun Oct 15 06:11:52 2023] [1, 2, 0, 0, 840, 9800, 34300, 48020, 21210]
[R Sun Oct 15 06:12:20 2023] [1, 2, -14, -70, -280, -714, -938, -12674, 22245]
[R Sun Oct 15 06:15:33 2023] [1, 2, -14, -70, 280, 1526, 2422, -31874, 23325]
[R Sun Oct 15 06:15:46 2023] [1, 2, -14, -70, 140, 966, 1582, -19154, 23145]
[R Sun Oct 15 06:15:46 2023] [1, 2, -14, -70, -140, -602, 4606, -17362, 23145]
[R Sun Oct 15 06:17:00 2023] [1, 2, 56, -168, 2240, -7728, 25844, -56288, 25674]
[R Sun Oct 15 06:21:15 2023] [1, 2, -14, -70, -560, -1834, -2618, -36194, 24765]
[R Sun Oct 15 06:24:12 2023] [1, 2, -14, -70, -280, -714, -938, -14114, 25665]
[R Sun Oct 15 06:24:48 2023] [1, 2, -14, -70, -140, -154, -98, -10994, 26025]
[R Sun Oct 15 06:26:45 2023] [1, 2, -42, 154, 420, -2506, 4018, 37502, 29301]
[R Sun Oct 15 06:28:19 2023] [1, 2, -14, -70, 140, 966, 1582, -20594, 26565]
[R Sun Oct 15 06:29:07 2023] [1, 2, -42, 154, 0, -826, 1498, 10862, 30201]
[R Sun Oct 15 06:30:35 2023] [1, 2, -14, -70, -560, -1834, -2618, -37634, 28185]
[R Sun Oct 15 06:31:43 2023] [1, 2, 0, 84, -1120, -1064, 2212, 31640, 30534]
[R Sun Oct 15 06:33:51 2023] [1, 2, -14, -70, -280, -714, -938, -15554, 29085]
[R Sun Oct 15 06:36:50 2023] [1, 2, -14, -70, 140, 966, 1582, -22034, 29985]
[R Sun Oct 15 06:37:23 2023] [1, 2, 0, -56, -280, 588, 4536, 16840, 33162]
[R Sun Oct 15 06:41:21 2023] [1, 2, -42, 154, 420, -2506, 4018, 38942, 35961]
[R Sun Oct 15 06:42:12 2023] [1, 2, -14, -70, 280, 1526, 2422, -36194, 33585]
[R Sun Oct 15 06:42:16 2023] [1, 2, -14, -70, -140, -1946, 11998, -31666, 32505]
[R Sun Oct 15 06:45:40 2023] [1, 2, -14, -70, -560, -1834, -2618, -40514, 35025]
[R Sun Oct 15 06:45:49 2023] [1, 2, -14, -70, -280, -714, -938, -18434, 35925]
[R Sun Oct 15 06:47:16 2023] [1, 2, -14, -70, 140, 966, 1582, -24914, 36825]
[R Sun Oct 15 06:47:46 2023] [1, 2, -14, -70, 280, 1526, 2422, -37634, 37005]
[R Sun Oct 15 06:47:53 2023] [1, 2, -14, -70, -140, -154, -98, -15314, 36285]
[R Sun Oct 15 06:49:48 2023] [1, 2, -14, -70, -560, -1834, -2618, -41954, 38445]
[R Sun Oct 15 06:50:33 2023] [1, 2, -14, -70, -280, -714, -938, -19874, 39345]
[R Sun Oct 15 06:51:06 2023] [1, 2, -42, 154, 420, -2506, 4018, 40382, 42621]
[R Sun Oct 15 06:51:42 2023] [1, 2, -14, -70, 140, 966, 1582, -26354, 40245]
[R Sun Oct 15 06:53:35 2023] [1, 2, -14, -70, -560, -1834, -2618, -43394, 41865]
[R Sun Oct 15 06:54:32 2023] [1, 2, -14, -70, -280, -714, -938, -21314, 42765]
[R Sun Oct 15 06:54:40 2023] [1, 2, -14, -70, -140, -154, -98, -18194, 43125]
[R Sun Oct 15 06:56:27 2023] [1, 2, -14, -70, 280, 1526, 2422, -40514, 43845]
[R Sun Oct 15 06:56:44 2023] [1, 2, -14, -70, -560, -1834, -2618, -44834, 45285]
[R Sun Oct 15 06:57:27 2023] [1, 2, -42, 154, 420, -2506, 4018, 41822, 49281]
[R Sun Oct 15 06:57:30 2023] [1, 2, -14, -70, -280, -714, -938, -22754, 46185]
[R Sun Oct 15 06:57:49 2023] [1, 2, -14, -70, -140, -154, -98, -19634, 46545]
[R Sun Oct 15 06:58:05 2023] [1, 2, -14, -70, 140, 966, 1582, -29234, 47085]
[R Sun Oct 15 06:58:16 2023] [1, 2, -14, -70, 280, 1526, 2422, -41954, 47265]
[R Sun Oct 15 06:58:40 2023] [1, 2, -70, -126, 1400, 2618, -1274, 34810, 50937]
[R Sun Oct 15 06:59:15 2023] [1, 2, -14, -70, -140, -1162, -7714, -3922, 48345]
[R Sun Oct 15 06:59:21 2023] [1, 2, -14, -70, -560, -1834, -2618, -46274, 48705]
[R Sun Oct 15 06:59:54 2023] [1, 2, -14, -70, -280, -714, -938, -24194, 49605]
[R Sun Oct 15 07:00:05 2023] [1, 2, -14, -70, -140, 4102, 19054, 39182, 49965]
[R Sun Oct 15 07:00:05 2023] [1, 2, -14, -70, -140, -154, -98, -21074, 49965]
[R Sun Oct 15 07:00:45 2023] [1, 2, -14, -70, 140, 966, 1582, -30674, 50505]
[R Sun Oct 15 07:01:14 2023] [1, 2, -14, -70, -560, -1834, -2618, -47714, 52125]
[R Sun Oct 15 07:01:45 2023] [1, 2, 28, 224, 560, -1064, -8568, 15088, 56454]
[R Sun Oct 15 07:01:56 2023] [1, 2, -14, -70, -140, -154, -98, -22514, 53385]
[R Sun Oct 15 07:01:59 2023] [1, 2, -14, -70, -280, -714, -938, -25634, 53025]
[R Sun Oct 15 07:02:17 2023] [1, 2, -14, -70, 280, 1526, 2422, -44834, 54105]
[R Sun Oct 15 07:02:33 2023] [1, 2, -14, -70, 140, 966, 1582, -32114, 53925]
[R Sun Oct 15 07:03:14 2023] [1, 2, -14, -70, -560, -1834, -2618, -49154, 55545]
[R Sun Oct 15 07:03:42 2023] [1, 2, -14, -70, 280, 1526, 2422, -46274, 57525]
[R Sun Oct 15 07:03:45 2023] [1, 2, -14, -70, -280, -714, -938, -27074, 56445]
[R Sun Oct 15 07:04:37 2023] [1, 2, -14, -70, -280, -714, -938, -28514, 59865]
[R Sun Oct 15 07:04:42 2023] [1, 2, -14, -70, -560, -1834, -2618, -50594, 58965]
[R Sun Oct 15 07:04:55 2023] [1, 2, -14, -70, 140, 966, 1582, -34994, 60765]
[R Sun Oct 15 07:05:09 2023] [1, 2, -14, -70, -140, -154, -98, -25394, 60225]
[R Sun Oct 15 07:05:41 2023] [1, 2, -14, -70, -280, -714, -938, -29954, 63285]
[R Sun Oct 15 07:05:47 2023] [1, 2, -14, -70, -140, -154, -98, -26834, 63645]
[R Sun Oct 15 07:06:00 2023] [1, 2, -14, -70, 280, 1526, 2422, -49154, 64365]
[R Sun Oct 15 07:06:13 2023] [1, 2, -14, -70, -560, -1834, -2618, -53474, 65805]
[R Sun Oct 15 07:06:27 2023] [1, 2, -14, -70, -280, -714, -938, -31394, 66705]
[R Sun Oct 15 07:06:52 2023] [1, 2, -14, -70, 280, 1526, 2422, -50594, 67785]
[R Sun Oct 15 07:06:54 2023] [1, 2, -14, -70, -560, -1834, -2618, -54914, 69225]
[R Sun Oct 15 07:07:07 2023] [1, 2, -14, -70, -280, -714, -938, -32834, 70125]
[R Sun Oct 15 07:07:14 2023] [1, 2, -14, -70, 140, 966, 1582, -39314, 71025]
[R Sun Oct 15 07:07:19 2023] [1, 2, -14, -70, 280, 1526, 2422, -52034, 71205]
[R Sun Oct 15 07:07:32 2023] [1, 2, -14, -70, -560, -1834, -2618, -56354, 72645]
[R Sun Oct 15 07:07:41 2023] [1, 2, -14, -70, -280, -714, -938, -34274, 73545]
[R Sun Oct 15 07:07:44 2023] [1, 2, -14, -70, -140, -154, -98, -31154, 73905]
[R Sun Oct 15 07:07:55 2023] [1, 2, -14, -70, 140, 966, 1582, -40754, 74445]
[R Sun Oct 15 07:08:06 2023] [1, 2, -14, -70, -140, -154, -98, -32594, 77325]
[R Sun Oct 15 07:08:13 2023] [1, 2, -14, -70, -280, -714, -938, -35714, 76965]
[R Sun Oct 15 07:08:14 2023] [1, 2, -14, -70, 280, 1526, 2422, -54914, 78045]
[R Sun Oct 15 07:08:20 2023] [1, 2, -14, -70, 140, 966, 1582, -42194, 77865]
[R Sun Oct 15 07:08:42 2023] [1, 2, -14, -70, -280, -714, -938, -38594, 83805]
[R Sun Oct 15 07:08:50 2023] [1, 2, -14, -70, -140, -154, -98, -35474, 84165]
[R Sun Oct 15 07:08:57 2023] [1, 2, -14, -70, -140, -154, -98, -36914, 87585]
[R Sun Oct 15 07:08:57 2023] [1, 2, -14, -70, 140, 966, 1582, -46514, 88125]
[R Sun Oct 15 07:09:06 2023] [1, 2, -14, -70, -280, -714, -938, -41474, 90645]
[R Sun Oct 15 07:09:07 2023] [1, 2, -14, -70, -140, -154, -98, -38354, 91005]
[R Sun Oct 15 07:09:14 2023] [1, 2, -14, -70, -280, -714, -938, -42914, 94065]
Total elapsed time: 54865660914us
Server			Amount			Total Time (us)		Fastest Time (us)	Slowest Time (us)	Approx Avg Time (us)
Idle:           217911641       54135331834         0                   25287575            248             
Generate:       108954868       6648655             0                   1230                0               

Workers			Amount			Total Time (us)		Fastest Time (us)	Slowest Time (us)	Approx Avg Time (us)
Workers:        511             28033973989049      54860739607         54865208723         54861005849     
Read input:     511             5917080237          11056341            11724546            11579413        
Idle:           108955379       232537088447        1                   5674009             2134            
Work units:     108954868       27798737543636      1                   12993402468         255139          
Init:           108954868       3030253355          0                   149527              27              
Generate:       19747869080059  10809017964360      0                   3422641             0               
Last coeff.:    1448694281651   5417170574935       0                   44028               3               
Disc. eval.:    20641464265640  1131512640492       0                   46010               0               
Lagrange:       109203532       343331835           0                   13039               3               
Send results:   358             20664               3                   140                 57              
Disc. sq. test: 19747869080059  7681601589          0                   45006               0               
Saved:          372             2034                1                   20                  5               
